//--------------------------------------------------------------------------------------------------------------------
//-- données sur la Charente récupérés par le géocodeur (matrice symétrique)
//-- 
//-- C. Duhamel, P. Lacomme C. Prodhon - JUILLET 2009 : 5700 kg à collecter, flotte de capa 8600
//--------------------------------------------------------------------------------------------------------------------
128 6 999999 0 0 0
2 50 80 0.8
2 100 120 1.2
2 200 120 1.4
2 200 150 1.3
9 500 180 1.8
3 1000 250 1.9
0   // la ville qui represente le depot
0	29107	37774	75962	34582	75613	22940	58922	63707	56316	23786	60261	67135	9152	55571	57307	38374	81559	33544	15181	11911	43447	48761	65308	48313	20168	58227	38943	42531	69988	42872	32960	27482	28500	43543	33776	29999	46113	44580	24665	31769	26511	61579	70438	72435	19420	36279	37189	52094	7613	70093	65449	21102	33655	45622	9621	53001	65182	31960	73795	27865	20504	35342	20667	32602	12623	23450	30070	44827	70610	22399	21337	21667	60161	12833	41146	39750	31099	53960	35871	25247	13982	34734	64656	3674	34936	39857	29359	17779	45719	63986	18756	10725	66019	21493	33691	26770	28612	72446	42971	57937	30419	7198	35269	76820	16120	79901	22243	54033	73874	61208	31132	43760	37925	24724	50435	10034	42081	13441	71912	19848	34124	17321	37006	41856	44237	24055	37009	26640	
29107	0	65841	53297	12120	49266	10442	32575	37360	29969	18138	37596	44470	25244	80766	85375	64419	47805	59482	13144	40165	69695	33850	42643	18886	22406	53702	64138	16184	47323	70939	20499	11901	47591	68738	58972	7334	16640	26353	13199	22076	51706	38914	47773	49769	5647	31166	14524	29429	25799	47427	42784	6471	6676	51834	29078	81069	38835	6626	51130	40227	9317	60537	31391	30532	33685	14535	28430	22162	47945	41491	46741	19596	30689	21858	18481	13004	56489	48575	8050	49946	29365	5262	38309	28561	25441	13510	54555	10008	51932	34514	25742	32470	43354	49560	24196	16278	56679	49781	68166	28309	3863	26143	9936	47347	35212	57235	5878	44538	51209	38543	20067	34264	12591	5882	56647	35110	12609	21259	45565	16498	8790	14739	43218	26932	50450	11856	7536	21730	
37774	65841	0	111277	69897	110928	64066	94237	99022	91632	55772	95577	102451	49294	25753	20625	25016	116874	18632	55323	26388	26034	82741	100624	83628	48915	97192	16308	77846	105304	6189	64455	63685	48751	21669	20419	65314	81428	84333	56650	58927	22919	96895	105754	107750	58103	61344	72504	87409	47755	105408	100764	55761	68971	41174	38368	16319	100497	67275	109110	48665	56992	11167	41467	57262	39041	72312	58817	80142	105925	51146	37832	53879	95477	48914	76461	75065	27691	106555	71186	17830	46308	70049	99972	39951	68916	75173	14090	54267	39377	99301	49684	37404	101334	16792	71010	74055	12820	107761	11516	93252	65734	41733	70584	112135	44867	99819	63615	87341	109189	96523	59375	77740	73240	60290	38087	33617	77396	50307	107227	56051	69439	57463	37796	75727	46583	69633	72324	55387	
75962	53297	111277	0	46017	41985	53063	33952	30236	50019	71757	20778	18306	70971	126493	131101	110146	63476	105208	58871	85892	115422	22435	10372	36772	76030	18552	109865	57138	14160	116666	74117	65519	93318	114464	104698	46391	66550	30838	66818	48974	97433	16131	9774	3791	54440	42532	39830	30025	71526	11825	17495	57760	57801	72476	74804	126795	32226	46166	13223	58742	64611	106264	77118	49319	79412	50217	82048	33657	5765	87217	92467	54498	62380	67585	37356	64457	102215	23860	48610	95673	75092	58880	39958	74288	36806	45763	100281	61887	97658	66768	58562	78197	16423	95287	38900	44825	102406	9669	113893	27136	52054	71869	43585	79602	80938	19154	51082	28606	7596	17298	73686	26606	47567	57797	102374	80837	66227	66985	43503	65671	45623	58234	88945	73260	66375	51604	61155	75348	
34582	12120	69897	46017	0	60563	8481	39024	42984	41266	32203	29881	36755	28497	84018	88627	67671	66508	62734	16397	43417	72948	26135	34928	17647	33555	45987	67390	27480	39608	74191	34921	26323	50843	71990	62224	6255	31062	18638	27622	13019	54959	31199	40058	42054	11347	22109	6187	21714	29052	39712	35069	20151	18605	55087	32330	84321	30831	7650	43415	43480	22137	63790	34644	20217	36938	5478	42852	16453	40230	44743	49993	10235	45111	25111	10766	24700	59741	40860	11724	53199	32618	19684	49606	31814	16384	24807	57807	19412	55184	48936	14299	35723	35639	52812	15138	7221	59932	42066	71419	28840	11066	29395	6917	61770	38464	49520	7807	35481	43494	30828	34489	25207	11619	16682	59900	38363	27031	24511	56861	23197	8737	11325	46471	41354	53702	6251	21959	36152	
75613	49266	110928	41985	60563	0	64321	16182	15066	34964	67376	43887	46119	73002	128523	133132	112176	32049	107239	60902	87922	117452	47956	38952	36910	71644	49189	111895	42873	42809	118696	63919	61138	95348	116495	106729	55982	55247	50071	62437	73082	99464	40643	35178	37172	57919	69439	48190	44492	73557	42913	31694	64656	48193	99592	76835	128826	28050	55411	46616	87985	63462	108294	79149	86686	81443	65541	77667	52890	42025	89248	94498	75750	47286	69616	46656	50192	104246	50223	50138	97704	77123	54499	9272	76319	76447	39782	102312	63917	99689	49729	73500	80228	45002	97317	75202	67284	104437	45267	115924	46788	49756	73900	50539	52642	82969	52721	56844	56889	32918	34748	69305	50406	45779	58889	104405	82868	59818	69016	5586	65736	48486	71404	90976	61875	98207	62862	56774	70967	
22940	10442	64066	53063	8481	64321	0	41352	46137	38746	24027	36458	43332	14321	77514	82915	61167	63989	51542	5765	33840	66443	32711	41505	24224	27051	44019	60886	24961	46185	68479	26387	23803	44339	65486	55720	9694	28543	25215	19088	21611	48454	37776	46635	48631	6526	26121	13386	28291	17762	46289	41646	11336	16085	43894	25826	78609	37408	12232	49992	32287	14604	57285	23451	22445	30433	7083	34318	21023	46806	38239	43489	11509	42591	18607	17342	22180	48549	47437	18301	46694	26113	17164	47086	25309	20729	22287	51303	12908	43992	46416	12171	24530	42216	47100	19484	11566	54220	48643	64915	35417	12849	22891	12106	59250	31960	56097	8246	39826	50071	37405	25956	29552	16808	13764	48707	31858	24511	13319	54342	17008	13926	6652	35278	35284	42510	2595	19439	27618	
58922	32575	94237	33952	39024	16182	41352	0	4847	16142	47764	27781	34474	53390	108911	113520	92564	30414	87627	41290	68311	97841	31850	29439	17298	52032	41700	92283	23261	32998	99084	41346	41526	75737	96883	87117	36370	32673	33964	42825	53470	79852	24536	26018	29336	38307	49694	32470	28385	53945	35859	22844	45044	28581	79980	57223	109214	11943	35799	39562	68373	43850	88683	59537	67074	61831	45929	58056	36783	34817	69636	74886	56139	28503	50004	30936	30581	84634	38579	30526	78092	57511	34887	6746	56707	43969	20171	82700	44306	80077	33716	53888	60616	32732	77705	46063	47672	84825	38213	96312	21176	30145	54288	30927	46550	63357	43798	37232	45244	25082	18642	49693	34299	26167	39277	84793	63256	37245	49404	14428	46124	28874	51792	71364	39384	78595	43251	37162	51356	
63707	37360	99022	30236	42984	15066	46137	4847	0	20976	52597	27181	34553	58223	113745	118353	97398	34433	92461	46123	73144	102674	31250	27386	24404	56865	37623	97117	28095	31243	103918	46179	46360	80570	101717	91950	41204	37507	33365	47659	58304	84685	23937	23612	25606	43140	49095	34572	27786	58778	31348	20128	49877	33415	84813	62056	114048	13665	40633	35050	73206	48683	93516	64370	55882	66664	50763	62889	36184	30459	74470	79719	60972	33336	54837	33038	35414	89468	38658	35360	82925	62344	39721	9175	61540	43370	25004	87533	49139	84911	37724	58721	65449	33437	82539	45463	52506	89658	33701	101145	23277	34978	59122	35760	50558	68190	41156	42065	45323	21352	18043	54526	33700	31000	44110	89626	68089	42078	54237	15571	50957	33708	56626	76197	44217	83429	48084	41996	56189	
56316	29969	91632	50019	41266	34964	38746	16142	20976	0	35727	34914	44987	50950	106472	111080	90125	26141	85188	38850	65871	95401	38983	46178	17347	39994	54219	89844	10925	47840	96645	25203	26665	73297	94444	84677	33931	16531	36218	30788	51031	77412	41275	42757	46087	35867	49876	28627	35519	51505	47944	39583	42604	26142	77540	54783	106775	28682	33360	51647	65933	33896	86243	57097	64634	59391	43490	44264	32388	48462	52929	72446	53699	12361	47564	27093	14681	82195	49092	28087	75652	55071	29725	20896	54267	54396	17731	80260	41866	77638	18087	51448	58176	39865	75266	53150	45233	82385	50298	93872	27225	27705	51849	28487	30920	60917	57752	34792	55757	41833	35380	29313	41433	23727	34115	82353	60816	21102	46964	27508	34404	26435	49353	68924	23241	76156	40811	23580	37759	
23786	18138	55772	71757	32203	67376	24027	47764	52597	35727	0	55577	62451	16167	71807	74107	52970	54243	50344	22599	28897	58246	51830	60624	34111	5747	71683	56019	31409	65304	59671	11076	10405	26677	59779	50321	25314	20629	44333	6377	42119	47387	56895	65754	67750	20369	50922	32505	47410	22449	65408	60764	15361	22510	60152	17091	69801	54060	24743	69111	48544	11016	49269	39708	47246	18086	34578	11771	40142	65925	20436	35828	36310	37157	9044	36461	24704	64806	66556	23275	38678	9446	14936	53534	22243	45484	28736	43287	13126	60249	36870	34059	33484	61335	38292	44238	36321	45411	67761	56898	43534	19088	16248	29938	42959	15402	75216	25880	64581	69190	56524	5995	54307	29399	11591	64964	23842	16095	29576	60790	9578	26559	31964	51536	22620	58767	31899	19236	5071	
60261	37596	95577	20778	29881	43887	36458	27781	27181	34914	55577	0	11640	52668	108189	112798	91842	58062	86905	40568	67588	97118	7875	9813	17327	57726	16384	91561	28846	14493	98362	55814	47216	75014	96161	86395	28088	43770	12535	48515	30671	79130	6054	10553	16940	36136	28895	21526	11722	53222	14597	13919	39457	32683	79258	56501	108492	17338	27863	18300	45106	46308	87960	58815	35682	61108	31914	63745	15354	15115	68914	74164	36195	46482	49282	19052	35849	83912	9410	28099	77370	56789	40577	34433	55985	23169	26318	81978	43583	79355	52208	40258	59894	5978	76983	25263	26522	84103	16951	95590	7690	32318	53566	25282	65042	62635	24405	32779	17263	18379	9678	55382	13500	26563	39494	84070	62534	47924	48682	44352	47368	27320	39930	70642	50398	52738	33301	42852	57045	
67135	44470	102451	18306	36755	46119	43332	34474	34553	44987	62451	11640	0	61544	117066	121674	100719	64773	79345	49444	76465	105995	8820	6576	27346	66603	8895	100438	38864	4568	107239	64690	56092	83891	105038	95271	36964	53788	21411	57391	30329	88006	8755	11706	12599	45013	28916	30403	20598	62099	6639	20629	48333	48375	58861	65377	117369	24048	36739	10693	45127	55184	96837	67691	35704	69985	40790	72621	24230	10265	77791	83041	36913	56501	58158	27929	45868	71504	6971	39183	86246	65665	49453	41143	64861	23191	36336	90854	52460	61664	62227	40977	68770	4529	85860	25285	30913	92979	9556	104466	17709	42627	62443	34158	75060	71511	12485	41655	12184	15142	19697	64259	12991	38140	48370	68959	71410	56800	57558	51062	56244	36197	39377	79518	60417	52759	42178	51728	65921	
9152	25244	49294	70971	28497	73002	14321	53390	58223	50950	16167	52668	61544	0	64425	65428	48078	76345	41665	9583	20031	53354	51301	60095	43099	16431	71154	47797	37317	64775	50992	24684	19205	31250	52397	42631	24785	40899	43805	16389	29732	35365	56366	65225	67221	13823	34242	31976	46881	7810	64879	60235	12936	28442	43585	12737	61122	59968	26746	68582	31978	13504	44196	23142	30565	17344	21413	23800	39613	65396	25150	30400	19630	54948	6922	35932	34537	48240	66027	30657	33605	13014	29520	59443	12824	32900	34644	38214	10043	43683	58773	16719	18845	60806	29613	31654	33527	36732	67232	51826	52723	25206	9802	30056	53920	18871	74687	16645	51997	68661	55995	22856	41723	32711	16802	48398	18155	36868	11404	66698	11572	28910	15284	34969	33580	42201	17858	31795	20581	
55571	80766	25753	126493	84018	128523	77514	108911	113745	106472	71807	108189	117066	64425	0	18185	19437	131694	43422	70144	42246	20575	106651	115444	98448	63735	121802	16855	92667	120124	21708	86927	78505	56242	14265	23992	80135	96248	99154	71471	83537	32138	111715	120574	122570	72924	85954	87325	102230	62576	120228	115585	70582	83791	65963	53188	11614	115317	82096	123931	73275	71813	24447	66077	81872	59415	87133	66740	94963	120746	58597	40038	76629	104310	63734	91282	89886	52480	121376	86006	34148	61128	84870	114792	54772	98039	89993	29084	69088	64167	104023	74294	62014	116155	41402	96793	88876	37430	122582	15715	108073	80555	56554	85405	109563	59311	130036	78436	117136	124010	111344	79788	106862	88061	75110	62877	48438	92217	68403	122047	70872	84260	72283	62586	89223	71372	84454	87145	75801	
57307	85375	20625	131101	88627	133132	82915	113520	118353	111080	74107	112798	121674	65428	18185	0	27278	136394	36864	74844	45909	28416	102262	120144	103148	68435	116713	24697	97367	124824	16154	83976	83205	68272	22106	31833	84835	100949	103854	76171	78447	42440	116415	125274	127271	77624	80865	92025	106930	67276	124928	120285	75282	88491	59406	57888	8222	120017	86796	128631	68186	76513	30688	60987	76783	58561	91833	78337	99663	125446	70667	57352	73400	114997	68435	95982	94586	45923	126076	90706	37350	65828	89570	119492	59472	88437	94693	33611	73788	57609	118822	69205	56924	120855	36313	90531	93576	32341	127282	16180	112773	85255	61254	90105	131656	64388	119339	83136	106862	128710	116044	78896	97260	92761	79810	54588	53138	96917	69828	126747	75572	88960	76983	56028	95248	64815	89154	91845	74908	
38374	64419	25016	110146	67671	112176	61167	92564	97398	90125	52970	91842	100719	48078	19437	27278	0	95996	35226	58835	24513	5950	90331	99125	82129	46627	110184	7714	76347	103805	21733	61527	61751	28200	7483	6258	63815	79929	82834	55761	68998	14404	95396	104255	106251	56605	66583	71006	85910	44842	103909	99265	54262	67472	57645	36163	20781	98998	65776	107611	53904	55493	15135	46705	62501	34015	70813	41340	78643	104426	33197	21906	58896	78910	47415	74962	73567	44162	105057	69687	16415	44809	68550	98473	37038	81719	73674	14061	52769	55849	78623	54923	45596	99836	23174	80474	72556	21952	106262	14399	91753	64236	40234	69086	84163	33911	113717	62116	100816	107691	95025	54389	90543	71741	58791	54558	30704	75898	50670	105728	54552	67940	54550	47728	63824	59430	68135	70825	50401	
81559	47805	116874	63476	66508	32049	63989	30414	34433	26141	54243	58062	64773	76345	131694	136394	95996	0	110430	64092	91113	101462	62216	59806	42589	58552	72066	115086	36067	63364	121887	42680	43838	69893	119686	109919	59173	33704	64331	47961	76273	102654	54903	56385	59186	61110	75118	53869	58752	76747	66225	53210	51974	44904	102782	80026	132017	42310	58602	69928	91175	51069	111485	82339	89876	84633	68732	54987	57630	64039	63652	79044	78941	21839	72806	52335	37480	107437	68945	53329	100894	57912	46898	25754	79509	79638	42973	105503	67108	102880	20760	76690	83418	63098	100508	78392	70475	107627	68579	119114	52467	52947	77091	53730	21076	86160	74164	60035	75610	54932	49008	46436	64666	48970	51288	107595	86058	38275	72207	26914	51577	51677	74595	94166	33517	101398	66053	40753	52401	
33544	59482	18632	105208	62734	107239	51542	87627	92461	85188	50344	86905	79345	41665	43422	36864	35226	110430	0	52988	22138	40634	71752	99021	82025	44664	83364	27716	76243	103701	22151	60204	75085	44501	40753	30964	63711	79825	67571	52400	53576	23698	95292	104151	106147	53853	50355	70901	72556	43504	103805	99161	51510	67368	22682	34117	33651	98894	65672	89857	29398	52741	21713	34565	46273	34790	57322	54566	78539	104322	46895	33581	50365	93874	44663	74858	73462	9199	76951	69583	18363	42057	68446	98369	35700	57928	73570	19031	50017	20886	97698	45925	23925	78876	13253	60021	60642	10100	91336	30600	91649	64131	37482	68981	110532	40616	85990	62012	73513	107586	94920	55124	66751	71637	56039	19595	29367	75793	43146	105624	51800	67836	51193	19304	71477	28091	57927	70721	51136	
15181	13144	55323	58871	16397	60902	5765	41290	46123	38850	22599	40568	49444	9583	70144	74844	58835	64092	52988	0	25174	62619	39710	48504	31508	23227	59563	57062	25726	53184	63863	33166	24568	40515	61662	51895	13194	29308	32213	16761	26945	44630	44775	53634	55630	6759	31455	20384	35289	10800	53288	48644	9822	16851	40685	22001	73993	48377	15155	56990	29078	11808	53461	20242	27779	26609	12902	30597	28022	53805	34415	39665	16843	43357	14782	24341	22945	45339	54435	19066	42870	22289	17929	47852	21485	30113	23053	47478	9084	40782	47182	14593	21321	49215	42484	28868	21935	49603	55641	61090	41132	13615	19067	18465	60015	28135	63096	11495	49210	57069	44404	32735	38936	21120	13128	45498	28034	25277	10109	55107	12868	17319	9855	32069	39600	39300	8415	20204	26945	
11911	40165	26388	85892	43417	87922	33840	68311	73144	65871	28897	67588	76465	20031	42246	45909	24513	91113	22138	25174	0	30060	59623	74986	57990	23277	69089	25556	52208	79665	31450	38817	38047	23055	30156	20389	39676	55790	58695	31012	42631	13124	71256	80115	82112	32465	47141	46866	61771	18475	79770	75126	30123	43332	39479	12730	41580	74859	41637	83472	31769	31354	21955	24571	43464	13402	34312	33179	54504	80287	25508	12135	32529	69839	23276	50823	49427	31059	64822	45548	13825	20670	44411	74333	14125	45798	49535	15972	28629	39577	73663	27282	15713	75696	10071	44553	37632	17191	82123	29584	67614	40096	16095	44946	86497	19229	89578	37977	64895	83551	70885	33737	54622	47602	34652	41455	7979	51758	24303	81589	30413	43801	28183	29731	50089	38083	34916	46686	29749	
43447	69695	26034	115422	72948	117452	66443	97841	102674	95401	58246	97118	105995	53354	20575	28416	5950	101462	40634	62619	30060	0	94105	102899	85903	51903	113958	11897	80121	107579	25570	66803	67027	40571	6917	11446	67589	83703	86608	61037	74186	19592	99170	108029	110025	60379	71771	74780	89684	50030	107683	103039	58036	71246	62833	41439	21841	102772	69550	111386	59092	59267	20323	51893	67689	39291	74587	46617	82417	108200	38473	27182	64084	84186	51189	78736	77341	49350	108831	73461	21603	48583	72324	102247	42226	85493	77448	19249	56543	61037	83899	60111	50784	103610	28362	84248	76330	27140	110036	18235	95527	68010	44008	72860	89439	39187	117491	65890	104590	111465	98799	59665	94317	75515	62565	59746	35893	79672	55858	109502	58326	71714	59738	52916	69100	64618	71909	74599	55677	
48761	33850	82741	22435	26135	47956	32711	31850	31250	38983	51830	7875	8820	51301	106651	102262	90331	62216	71752	39710	59623	94105	0	11443	20489	55593	13536	89428	32008	12886	96229	53680	45082	72881	94028	84261	25954	46932	9663	46381	22873	76996	13621	16572	18569	34003	21460	19393	5464	43251	16227	17924	37323	37364	51405	54367	106359	21343	25729	19929	37671	44174	85827	41627	28248	58975	26954	61611	13220	16744	66781	72030	29458	49645	47148	16919	39011	64048	6563	28173	75236	54655	38443	38438	53851	15735	29480	79844	41450	54208	55371	33521	50020	8488	74850	17829	23457	81969	18580	93456	10853	31617	51433	23148	68204	60501	20803	30645	11193	20008	13683	53249	5535	27130	37360	61503	60400	45790	38808	48357	45234	25187	31922	60767	53560	45304	31295	40718	54911	
65308	42643	100624	10372	34928	38952	41505	29439	27386	46178	60624	9813	6576	60095	115444	120144	99125	59806	99021	48504	74986	102899	11443	0	25785	65043	12761	98878	37304	4602	105678	63130	54532	82331	103477	93711	35404	52228	19851	55831	37987	86446	7434	6647	6799	43452	31544	28843	19038	60539	6486	15570	46773	46814	61489	63817	115808	18988	35179	10188	47755	53624	95277	66131	38332	68425	39230	71061	22670	5597	76230	81480	43511	57803	56598	26369	44307	91228	10656	37623	84686	64105	47893	36084	63301	25819	34776	89294	50900	86671	63016	47575	67210	5435	84299	27913	33838	91419	8839	102906	16149	41067	60882	32598	75849	69951	16294	40095	17322	7865	11672	62698	15619	36580	46810	91387	69850	55240	55998	46002	54684	34636	47247	77958	58856	55388	40617	50168	64361	
48313	18886	83628	36772	17647	36910	24224	17298	24404	17347	34111	17327	27346	43099	98448	103148	82129	42589	82025	31508	57990	85903	20489	25785	0	38580	36632	82154	11733	30252	88954	34670	28075	65607	86753	76987	18022	25998	16462	29374	30426	69722	21153	27088	32699	28177	32709	11460	17931	43815	30357	23984	24851	15570	69850	47093	99084	13845	15179	34059	58243	30398	78553	49407	39496	51701	21848	44604	15221	30874	59506	64756	26605	28710	39874	9926	20944	74504	31504	10986	67962	47381	21436	23125	46577	26984	9205	72570	34176	69947	34436	43758	50486	22277	67576	29077	23591	74695	32710	86182	9637	15205	44158	14210	47270	53227	40165	27102	38169	31586	17078	36241	23845	9450	25826	74663	53126	28783	39274	30381	32672	12157	41663	61234	32626	68466	23235	23711	37904	
20168	22406	48915	76030	33555	71644	27051	52032	56865	39994	5747	57726	66603	16431	63735	68435	46627	58552	44664	23227	23277	51903	55593	65043	38580	0	74382	47190	40545	68003	53991	15607	14672	20478	51790	42023	28013	24897	47032	11144	42552	34758	59594	68453	70449	20802	51356	35203	50108	22882	68107	63463	15795	26778	60585	11411	64121	63196	29974	71809	48978	13664	43589	40142	47679	12406	35011	7635	42841	68624	14482	25237	36744	41425	9478	39160	28972	53600	69254	27542	32998	3667	19204	62671	15447	45917	37872	37606	13559	60683	41138	34493	27125	64033	32612	44672	36754	39731	70460	51218	47802	23355	10201	33283	46655	9722	77915	26314	65014	71888	59222	10527	54741	33667	15859	65398	18162	20362	30009	69926	10546	32138	32398	51969	26316	59201	32332	23504	6539	
58227	53702	97192	18552	45987	49189	44019	41700	37623	54219	71683	16384	8895	71154	121802	116713	110184	72066	83364	59563	69089	113958	13536	12761	36632	74382	0	109742	48168	7626	102014	73994	65396	93195	114342	104576	46268	63093	19292	66695	32502	97310	18059	17548	14848	54317	31089	39707	17338	52880	7976	27144	57637	57679	62804	74682	112144	29305	46044	7948	52100	64489	95735	56056	37877	79289	36584	81926	33534	12514	87095	92345	39087	65805	67462	37233	55172	75448	9204	48487	85926	74969	58757	47335	74165	25364	45640	100159	61764	65608	71531	43150	59649	11678	80635	27458	33086	87754	9428	103239	27013	51931	71747	43463	84365	80816	8161	50959	10667	18199	21988	73563	15124	47444	57674	72902	80714	66105	48437	50880	65548	45501	41551	63973	69721	56703	40924	61032	75225	
38943	64138	16308	109865	67390	111895	60886	92283	97117	89844	56019	91561	100438	47797	16855	24697	7714	115086	27716	57062	25556	11897	89428	98878	82154	47190	109742	0	76026	103483	14956	64766	61864	36429	11389	5888	63494	79608	82513	54830	66925	15967	95074	103933	105930	56283	69342	70684	85589	45935	103588	98944	53941	67150	50258	36548	16667	98677	65455	107290	56663	55172	9368	49465	65260	37254	70492	44579	78322	104105	36436	24118	59988	93656	47094	74641	73245	36775	104735	69366	21259	44488	68229	98151	38131	81398	73352	14004	52447	48461	81862	57682	45402	99514	24790	80152	72235	19430	105941	7751	91432	63914	39913	68764	87402	37150	113396	61795	100495	107369	94703	57628	90221	71420	58470	47171	31797	75576	51763	105407	54231	67619	55642	46880	67062	55667	67813	70504	53640	
42531	16184	77846	57138	27480	42873	24961	23261	28095	10925	31409	28846	38864	37317	92667	97367	76347	36067	76243	25726	52208	80121	32008	37304	11733	40545	48168	76026	0	41968	83166	24168	25629	59818	80964	71198	20451	15495	28061	26906	37551	63933	32869	38818	44415	22388	46642	16242	31137	38026	42073	35644	29125	10220	64061	41304	93295	24743	19880	45775	52454	27931	72764	43618	51155	45912	30010	43146	23870	42590	53717	58967	40220	23090	34085	17683	9182	68716	43220	11693	62173	41592	18968	29071	40788	40916	4160	66781	28387	64159	26914	37969	44697	33993	61787	39671	31754	68906	44426	80393	21353	14226	38369	14917	39748	47438	51881	21313	49885	42484	26516	28278	35561	10157	23358	68874	47337	20067	33485	36326	30205	12864	35874	55445	22123	62677	27332	22544	36641	
69988	47323	105304	14160	39608	42809	46185	32998	31243	47840	65304	14493	4568	64775	120124	124824	103805	63364	103701	53184	79665	107579	12886	4602	30252	68003	7626	103483	41968	0	110086	67537	58939	86738	107884	98118	39811	56635	24258	60238	42394	90853	11602	10087	7857	47860	35952	33250	23445	64946	2995	19682	51180	51221	69222	68224	120215	25070	39586	6697	52162	58031	99684	70538	42739	72832	43637	75468	27077	5522	80637	85887	47918	59347	61005	30776	48714	95636	10327	42030	89093	68512	52300	39874	67708	30226	39183	93701	55307	91079	65074	51982	71617	9843	88707	32320	38245	95826	5348	107313	20556	45474	65289	37005	77907	74358	11438	44502	15074	10738	17753	67106	17861	40987	51217	95794	74257	59647	60405	43419	59091	39044	51654	82365	63263	63120	45024	54575	68768	
42872	70939	6189	116666	74191	118696	68479	99084	103918	96645	59671	98362	107239	50992	21708	16154	21733	121887	22151	63863	31450	25570	96229	105678	88954	53991	102014	14956	83166	110086	0	69282	68512	53579	19060	19160	70141	86255	89160	61477	63754	27747	101722	110581	112577	62930	66171	77332	92236	52582	110235	105591	60588	73798	44690	43195	11958	105324	72102	113937	53492	61819	15994	46294	62089	43868	77139	63644	84969	110752	55973	42659	58707	100304	53741	81288	79892	31207	111382	76013	22657	51135	74876	104799	44778	73744	80000	18917	59095	42894	104129	54511	42231	106162	21619	75837	78882	17647	112588	8907	98079	70562	46560	75412	116962	49694	104646	68442	92168	114017	101351	64202	82567	78067	65117	41603	38444	82224	55134	112054	60878	74266	62290	41313	80555	50099	74460	77151	60214	
32960	20499	64455	74117	34921	63919	26387	41346	46179	25203	11076	55814	64690	24684	86927	83976	61527	42680	60204	33166	38817	66803	53680	63130	34670	15607	73994	64766	24168	67537	69282	0	8684	35101	68203	58745	27658	8673	46677	10833	44758	55811	59238	62168	70093	22096	53848	34848	49753	31651	67751	58994	17038	17983	71267	26543	81502	48093	27087	71454	59660	14058	63422	50824	58361	27539	37217	20195	42486	68269	28861	44253	47426	25549	19263	38805	15435	75922	68899	25618	52831	20784	14663	49935	31446	48123	31079	57439	17688	71365	25262	45175	51903	63678	52444	46877	38960	59564	70105	75119	44703	21431	27586	32282	31351	25452	77559	28520	67220	71533	49866	5080	51122	31743	13935	76080	37995	7098	40692	57190	14566	28903	43080	62651	11012	69883	34538	13832	9936	
27482	11901	63685	65519	26323	61138	23803	41526	46360	26665	10405	47216	56092	19205	78505	83205	61751	43838	75085	24568	38047	67027	45082	54532	28075	14672	65396	61864	25629	58939	68512	8684	0	35613	66149	56383	19102	12603	38121	5477	36202	49118	50682	59541	61538	15334	45292	26292	41197	36676	59196	54552	11565	17116	62711	26489	78480	47847	18531	62898	51104	8585	57949	42268	49805	26643	28661	20707	33930	59713	29373	44765	38870	29381	13790	30249	14567	67366	60343	17062	47358	15428	6851	47322	25973	39567	22523	51966	12215	62809	33206	36619	43347	55122	46971	38322	30404	54091	61549	65578	37321	12875	22229	23726	37952	23958	69004	19964	58664	62977	50311	8069	42566	23187	8462	67524	32522	8041	32136	54577	9093	20347	34524	54095	17612	61327	25982	12965	11035	
28500	47591	48751	93318	50843	95348	44339	75737	80570	73297	26677	75014	83891	31250	56242	68272	28200	69893	44501	40515	23055	40571	72881	82331	65607	20478	93195	36429	59818	86738	53579	35101	35613	0	40195	30533	46979	46341	65998	29908	61518	27599	78559	87418	89415	39768	70321	54169	69074	34639	87073	82429	33491	50635	79551	19679	53493	82162	48940	90775	67944	31361	37410	59108	66645	17574	53977	15221	61807	87590	6536	16040	55710	52791	27174	58126	56730	61868	88220	52851	32860	20445	40163	81636	23715	64883	56837	36205	35932	79648	52504	53459	35393	82999	40880	63638	55720	48000	89426	47110	74917	47399	23398	52249	58043	13252	96881	45280	83980	90854	78188	28269	73706	54905	34540	84364	24112	44767	48975	88892	28243	51104	51364	70935	37704	78167	51298	44463	24281	
43543	68738	21669	114464	71990	116495	65486	96883	101717	94444	59779	96161	105038	52397	14265	22106	7483	119686	40753	61662	30156	6917	94028	103477	86753	51790	114342	11389	80964	107884	19060	68203	66149	40195	0	11971	68115	84228	87134	59451	74711	20117	99695	108554	110550	60904	72296	75305	90210	50556	108208	103565	58562	71771	63500	41168	15515	103297	70076	111911	59617	59793	19380	52419	68214	40758	75113	48084	82943	108726	39940	28018	64609	85653	51714	79262	77866	50017	109356	73986	22128	49108	72850	102772	42752	86019	77973	19774	57068	61704	85366	60636	51310	104135	28888	84773	76856	27665	110562	11910	96053	68535	44534	73385	90906	40654	118016	66416	105116	111990	99324	61132	94842	76040	63090	60413	36418	80197	56383	110027	58852	72240	60263	53441	70567	68909	72434	75125	57144	
33776	58972	20419	104698	62224	106729	55720	87117	91950	84677	50321	86395	95271	42631	23992	31833	6258	109919	30964	51895	20389	11446	84261	93711	76987	42023	104576	5888	71198	98118	19160	58745	56383	30533	11971	0	58327	74441	77347	49664	64924	10152	89908	98767	100763	51117	62509	65518	80423	40768	98421	93777	48774	61984	53571	31381	25249	93510	60288	102124	49830	50005	11061	42632	58427	31366	65325	38692	73155	98938	30548	18230	54822	76261	41927	69474	68079	40088	99569	64199	12341	39321	63062	92985	32964	76231	68186	9987	47281	51775	75974	50849	41522	94348	19100	74986	67069	17878	100774	13395	86265	58748	34746	63598	81514	31262	108229	56628	95328	102203	89537	51740	85055	66253	53303	50484	26631	70410	46596	100240	49064	62452	50476	43654	61175	55356	62647	65337	47752	
29999	7334	65314	46391	6255	55982	9694	36370	41204	33931	25314	28088	36964	24785	80135	84835	63815	59173	63711	13194	39676	67589	25954	35404	18022	28013	46268	63494	20451	39811	70141	27658	19102	46979	68115	58327	0	23868	19019	20427	18475	51042	31581	40439	42436	8049	28439	7190	22095	25135	40094	35450	11369	11410	51170	28413	80404	31212	3569	43796	39563	18917	59873	30727	25673	33021	10934	35657	14828	40611	40826	46076	15692	37916	21194	11147	17505	55825	41241	10717	49282	28701	12489	42411	27897	22713	17612	53890	15496	51268	41741	25078	31806	36020	48896	20595	12677	56015	42447	67502	29222	5663	25478	5911	54575	34547	49902	4691	34201	43875	31209	27295	23464	10612	11406	55983	34446	19836	20594	49667	19280	7731	22983	42554	34160	49786	8255	14764	28957	
46113	16640	81428	66550	31062	55247	28543	32673	37507	16531	20629	43770	53788	40899	96248	100949	79929	33704	79825	29308	55790	83703	46932	52228	25998	24897	63093	79608	15495	56635	86255	8673	12603	46341	84228	74441	23868	0	42824	17750	40904	67286	47547	53496	59092	20803	49995	30995	44325	41379	56750	50322	20831	13761	67414	44657	96648	39421	23233	60453	55807	20975	76117	46971	54508	49265	33363	32214	38632	57268	40879	62320	43573	16578	26180	35899	7686	72068	57898	21765	65526	27701	14605	41262	44141	44269	22772	70134	24605	67512	17461	41322	48050	48671	65140	43024	35107	72259	59104	83746	36031	17578	41722	28428	27961	34553	66558	24666	64563	58477	41194	12782	50239	28768	18958	72227	50690	7041	36838	48517	21483	25049	39227	58798	11191	66030	30685	9610	17639	
44580	26353	84333	30838	18638	50071	25215	33964	33365	36218	44333	12535	21411	43805	99154	103854	82834	64331	67571	32213	58695	86608	9663	19851	16462	47032	19292	82513	28061	24258	89160	46677	38121	65998	87134	77347	19019	42824	0	39217	18929	69832	15971	24830	26826	26839	17516	12229	5032	43925	24484	19841	30160	30201	47460	47204	99195	23259	18566	28187	33727	37011	78663	37683	24304	51811	23010	54448	5271	25001	59617	64867	25513	46696	39985	9755	36296	60104	14645	21009	68072	47491	31279	40355	46687	11791	23682	72681	34286	50264	52422	29577	50597	20411	67686	13884	19513	74806	26838	86293	9060	24453	44269	15985	65255	53338	34292	23481	15182	28266	15600	46085	4445	19966	30196	57559	53236	38627	39385	50273	38071	18023	27977	61344	50612	41359	24004	33554	47748	
24665	13199	56650	66818	27622	62437	19088	42825	47659	30788	6377	48515	57391	16389	71471	76171	55761	47961	52400	16761	31012	61037	46381	55831	29374	11144	66695	54830	26906	60238	61477	10833	5477	29908	59451	49664	20427	17750	39217	0	37475	42430	51956	60815	62811	14548	46566	27566	42471	23327	60469	55825	9321	17571	61030	20545	71793	49121	19804	64172	49423	5352	51261	40587	48124	21540	29934	17167	35203	60986	23616	34371	37189	34256	9923	31522	19765	65685	61617	18336	40670	10325	9998	48596	23122	40840	23797	45279	8474	61128	33969	34938	34362	56396	40284	39595	31678	47403	62823	58890	38595	14149	17126	24999	40058	18855	70277	21237	59938	64251	51585	8805	43839	24461	6652	65843	25834	11156	30455	55851	5353	21620	32843	52414	19719	59646	27256	14297	10467	
31769	22076	58927	48974	13019	73082	21611	53470	58304	51031	42119	30671	30329	29732	83537	78447	68998	76273	53576	26945	42631	74186	22873	37987	30426	42552	32502	66925	37551	42394	63754	44758	36202	61518	74711	64924	18475	40904	18929	37475	0	54780	34352	43211	45207	23385	5927	18966	23986	24102	42865	38222	30097	28552	33334	42277	74133	41640	21004	46568	16248	32083	57725	18475	7987	46884	10004	52798	16791	43383	54690	49607	10309	55058	35057	18335	34646	45710	28381	30767	47915	42564	29630	59553	32973	9358	34754	55042	29359	41153	58882	14554	25099	30306	42624	8032	6199	49743	45219	65228	31993	25315	39342	20300	71716	48410	48637	17754	28455	46647	33981	44436	18181	25001	26629	43432	38304	36977	19659	66808	33143	22120	12773	32440	51301	27232	14359	31905	46098	
26511	51706	22919	97433	54959	99464	48454	79852	84685	77412	47387	79130	88006	35365	32138	42440	14404	102654	23698	44630	13124	19592	76996	86446	69722	34758	97310	15967	63933	90853	27747	55811	49118	27599	20117	10152	51042	67286	69832	42430	54780	0	82509	91368	93364	43718	55110	58119	73024	33369	91022	86378	41375	54585	46172	23982	33395	86111	52889	94725	42431	42606	13562	35233	51028	24655	57926	35757	65756	91539	27614	11292	47423	81091	34528	62075	60680	32689	92170	56800	7266	31922	55663	85586	25565	68832	60787	8427	39882	44376	73040	43450	34123	86949	11701	67587	59670	15914	93375	20806	78866	51349	27347	56199	78580	28328	100830	49229	87929	94804	82138	44989	77656	58854	45904	43085	19232	63011	39197	92841	41665	55053	43077	36255	58240	47957	55248	57938	41001	
61579	38914	96895	16131	31199	40643	37776	24536	23937	41275	56895	6054	8755	56366	111715	116415	95396	54903	95292	44775	71256	99170	13621	7434	21153	59594	18059	95074	32869	11602	101722	59238	50682	78559	99695	89908	31581	47547	15971	51956	34352	82509	0	6529	14014	39856	32020	25246	15442	56942	11541	10674	43177	43218	82978	60221	112212	14093	31583	15243	48231	50028	91680	62534	38808	64828	35633	67465	19074	12058	72634	77884	39915	52907	53002	22772	39856	87632	12688	32106	81089	60508	44296	31189	59704	26295	30325	85698	47303	83075	58121	43978	63614	7467	80703	28389	30242	87823	13894	99310	11697	37470	57286	29002	70954	66355	21349	36498	19354	10350	6777	59102	17651	32983	43213	87790	66253	51644	52402	41107	51088	31040	43650	74362	54405	55863	37021	46571	60765	
70438	47773	105754	9774	40058	35178	46635	26018	23612	42757	65754	10553	11706	65225	120574	125274	104255	56385	104151	53634	80115	108029	16572	6647	27088	68453	17548	103933	38818	10087	110581	62168	59541	87418	108554	98767	40439	53496	24830	60815	43211	91368	6529	0	7358	48582	36674	33973	24168	65669	11253	9060	51903	49039	66619	68947	120938	15567	40309	14956	52885	58754	100407	71261	43462	73555	44360	76191	27800	10365	81360	86610	48641	54382	61728	31498	51038	96358	15786	37870	89816	69235	53023	32663	68431	30949	40628	94424	56029	91801	59595	52705	72340	10565	89429	33043	38968	96549	13607	108036	17461	46197	66012	37728	72429	75081	21005	45225	22451	4093	8251	67828	20749	41709	51940	96517	74980	60370	61128	42581	59814	39766	52376	83088	62721	60518	45747	55298	69491	
72435	49769	107750	3791	42054	37172	48631	29336	25606	46087	67750	16940	12599	67221	122570	127271	106251	59186	106147	55630	82112	110025	18569	6799	32699	70449	14848	105930	44415	7857	112577	70093	61538	89415	110550	100763	42436	59092	26826	62811	45207	93364	14014	7358	0	50605	38697	35995	26190	67691	8495	14626	53925	53966	68641	70969	122960	21746	42331	12197	54907	60776	102429	73283	45484	75577	46382	78213	29822	4289	83382	88632	50663	57240	63750	33521	51459	98380	17808	44775	91838	71257	55045	34817	70453	32971	41928	96446	58052	93823	61627	54727	74362	12588	91452	35065	40990	98571	9898	110058	23301	48219	68034	39750	74461	77103	18303	47247	22837	5054	14430	69851	22771	43732	53962	98539	77002	62392	63150	38363	61836	41788	54399	85110	66008	62540	47769	57320	71513	
19420	5647	58103	54440	11347	57919	6526	38307	43140	35867	20369	36136	45013	13823	72924	77624	56605	61110	53853	6759	32465	60379	34003	43452	28177	20802	54317	56283	22388	47860	62930	22096	15334	39768	60904	51117	8049	20803	26839	14548	23385	43718	39856	48582	50605	0	30320	14787	29692	18040	47690	43046	5319	11253	45393	21366	73357	42779	9557	51393	33786	8668	52825	24950	26643	25973	14594	29486	22424	48207	33779	39029	15708	37759	14146	18743	17348	50047	48838	13468	42234	21653	12331	42254	20849	25500	17455	46843	7142	45490	41584	16370	26029	43617	41848	24255	16338	48967	50043	60454	35534	8017	18431	12867	54417	27500	57498	3413	44597	51472	38806	21123	34324	15522	8931	50206	27398	19679	14817	49509	11073	11721	10850	36777	30451	44009	9149	14606	22786	
36279	31166	61344	42532	22109	69439	26121	49694	49095	49876	50922	28895	28916	34242	85954	80865	66583	75118	50355	31455	47141	71771	21460	31544	32709	51356	31089	69342	46642	35952	66171	53848	45292	70321	72296	62509	28439	49995	17516	46566	5927	55110	32020	36674	38697	30320	0	21249	22500	31006	36560	35771	39171	37625	30244	51350	76554	39189	28196	40262	16511	41157	60146	20467	7087	55958	19092	61872	19074	37077	63763	56511	21595	64131	44131	20618	43720	42888	26896	30639	50336	51638	38704	68626	39877	7872	43827	57464	38433	33048	67956	19066	31479	28821	45045	9966	15594	52165	38913	67649	28700	34389	48415	25615	80790	57484	47152	26827	26969	40341	31530	53510	16696	29607	35703	40342	45208	46051	23533	75882	42217	27653	20498	31413	60375	24143	23433	40979	55172	
37189	14524	72504	39830	6187	48190	13386	32470	34572	28627	32505	21526	30403	31976	87325	92025	71006	53869	70901	20384	46866	74780	19393	28843	11460	35203	39707	70684	16242	33250	77332	34848	26292	54169	75305	65518	7190	30995	12229	27566	18966	58119	25246	33973	35995	14787	21249	0	15527	32307	33525	28882	18541	18582	58342	35585	87576	24644	6947	37228	46735	25392	67044	37899	28036	40193	10387	42829	11038	34043	47998	53248	15145	40041	28366	4579	21606	62996	34673	9391	56454	35873	19661	34456	35069	15523	12074	61062	22667	58439	45767	19208	38978	29452	56067	17617	12130	63187	35879	74674	22653	12835	32650	4366	58600	41719	43333	11863	30313	37307	24641	34466	16895	8359	18578	63155	41618	27008	27766	41711	26452	6404	16235	49726	41331	45092	12385	21936	36129	
52094	29429	87409	30025	21714	44492	28291	28385	27786	35519	47410	11722	20598	46881	102230	106930	85910	58752	72556	35289	61771	89684	5464	19038	17931	50108	17338	85589	31137	23445	92236	49753	41197	69074	90210	80423	22095	44325	5032	42471	23986	73024	15442	24168	26190	29692	22500	15527	0	46695	24342	14459	32930	32971	52443	49974	101965	17878	21336	28045	38709	39781	81433	52287	29286	54581	25386	57218	8827	24860	62387	67637	30495	46180	42754	12525	39066	77385	13052	23779	70842	50261	34049	34973	49457	16773	26452	75451	37056	72828	51906	34559	53367	8567	70456	18867	24495	77575	26696	89062	7388	27223	47039	18755	64740	56108	34150	26251	17840	28124	10219	48855	7103	22736	32966	77543	56006	41397	42155	44892	40841	20793	32959	64114	50096	46341	26774	36324	50518	
7613	25799	47755	71526	29052	73557	17762	53945	58778	51505	22449	53222	62099	7810	62576	67276	44842	76747	43504	10800	18475	50030	43251	60539	43815	22882	52880	45935	38026	64946	52582	31651	36676	34639	50556	40768	25135	41379	43925	23327	24102	33369	56942	65669	67691	18040	31006	32307	46695	0	64894	60250	22318	28456	40423	16202	59583	59983	26761	68596	28816	24304	41923	19980	27403	19205	18251	36651	39628	65411	28981	27919	16468	54962	15353	35947	34551	45077	48761	30672	31828	20505	29535	59457	11285	29737	34658	35941	21579	40520	58787	11952	10060	60820	28074	28492	21571	35194	67247	49553	52738	25220	13377	30070	71621	22702	74702	23101	48834	68675	56009	29790	38561	32726	28511	45236	16616	36882	8242	66712	18506	28925	12122	31807	51206	39038	18855	31810	27515	
