//--------------------------------------------------------------------------------------------------------------------
//-- données sur les Pyrénées  Orientales récupérés par le géocodeur (matrice symétrique)
//-- 
//-- C. Duhamel, P. Lacomme C. Prodhon - juillet 2009 : 27639 kg à collecter, flotte de capa 47600
//--------------------------------------------------------------------------------------------------------------------
149 4 999999 0 0 0
10 500 40 2.2
5 1000 80 3.2
5 1500 180 6.2
10 3000 120 7.2
0   // la ville qui represente le depot
0	53100	14686	51640	11591	24588	27051	32919	16296	116533	6063	5972	18147	39734	41340	22367	20071	4873	34453	7527	31866	41697	107656	43418	24678	7069	22450	24865	23974	23584	36414	35833	8421	11547	122464	11818	10867	27820	32911	18529	12731	18763	26497	60833	72800	42249	64819	30161	14826	4724	22191	31587	20422	26185	32744	66218	24674	2940	60590	10917	3582	34715	23150	3531	24177	17302	20421	21001	73486	12572	25030	7894	27174	53286	17576	102664	46938	15594	62713	71177	31175	128899	117573	23685	98487	47192	36885	110618	59917	51529	27285	43756	44381	24094	108627	32620	49294	21815	18050	111568	58969	44223	35650	30760	52477	34078	51658	30066	67204	62865	33594	68532	64657	122278	108711	113429	71370	114080	71385	103001	127624	37931	30548	55601	103385	69302	97178	29037	60515	45381	83863	84419	37055	123353	55102	53963	50874	75546	15398	37925	102495	76798	68391	69000	111268	77480	23702	119325	68754	43782	
53100	0	44049	14437	38667	49793	56483	62501	55062	122894	53925	60695	45462	69315	22835	60716	49653	52311	58584	47861	66411	66446	114018	57623	40889	50635	69433	26004	51289	38584	28339	59964	41544	39431	128825	39130	48949	58061	57042	60952	39380	39594	56078	67194	35598	15195	71181	58300	39488	52246	50706	55717	33743	65400	22462	29015	64987	55504	86484	61397	53338	63219	44172	53539	40383	70419	45760	37402	79848	60187	34169	43448	52380	59648	31787	109025	51473	37578	69074	97071	46130	135261	123935	32213	104849	71322	34340	116979	66279	77423	32693	62002	72520	35994	114989	46796	81568	30297	34971	117929	77522	68354	66407	45716	71030	64320	70430	44040	73566	69227	48550	74894	27454	128640	115073	119791	77732	120442	77747	109363	133986	30409	26945	61962	109747	75664	103540	36828	23313	69512	90225	90781	30458	129715	78380	60325	57236	81908	35025	56889	108857	83159	31188	83723	117629	83842	36727	125686	75115	71921	
14686	44049	0	42078	18688	35812	35660	21286	32704	126682	22387	22380	31140	28101	31778	41254	8438	16107	44602	11656	40475	52465	117805	53567	12482	9994	35004	20543	36967	30195	26852	45983	21431	16548	132613	8006	25648	36429	43061	35376	25741	27906	14864	70982	63238	32687	74968	38770	5039	11954	30800	41736	10860	48999	23182	56656	45524	19299	69199	27325	19634	43324	14329	19195	37171	29857	33414	23000	83635	28980	15468	20904	38398	63436	16333	112813	57088	14695	72862	79786	44168	139049	127723	25684	108637	57341	27322	120767	70067	60138	17723	53906	52990	24620	118777	42770	57903	20405	20050	121717	69118	54373	52426	43753	62626	42687	61808	43059	77354	73015	46588	78681	55095	132427	118861	123579	81519	124230	81535	113151	137773	26684	31502	65750	113535	79452	107328	31037	50953	55530	94013	94569	38177	133503	64398	64113	61023	85696	17574	50918	112645	86947	58828	79150	121417	87630	30313	129474	78903	52391	
51640	14437	42078	0	36412	47539	54228	60246	52807	120640	51670	58440	43207	67061	20580	58462	47398	50057	56329	45606	64157	64191	111763	55368	38635	48381	67178	23749	49034	36330	26085	57710	39290	37177	126571	36875	46695	55807	54788	58698	37125	37340	53824	64940	26285	12940	68926	56046	37234	49992	48451	53463	31489	63146	20208	19703	62732	53249	84230	59143	51084	60965	41917	51284	38128	68164	43506	35148	77593	57933	31914	41193	50125	57393	29532	106771	49218	35324	66820	94816	43876	133006	121680	29959	102594	69068	32085	114725	64024	75168	30439	59747	70265	33739	112734	44541	79314	28042	32716	115675	75267	66099	64153	43461	68775	62065	68175	41785	71311	66972	46295	72639	18142	126385	112818	117536	75477	118187	75492	107108	131731	28155	24691	59708	107492	73409	101285	34573	14000	67257	87970	88526	28203	127460	76125	58070	54981	79653	32770	54634	106602	80905	21875	81468	115375	81587	34472	123432	72860	69666	
11591	38667	18688	36412	0	20538	21761	34667	18616	98875	14335	18306	8382	41481	26418	30034	21819	7822	25970	8064	26575	35310	89998	26359	15379	11574	38751	13006	15402	11921	22075	23115	3292	4229	104805	8498	12362	22529	19947	21476	4916	9633	28244	43175	57722	27171	47161	27618	14003	13227	16900	18601	8233	34718	17666	51140	34305	14463	53853	23848	11528	29424	18662	8932	13720	25369	15233	9142	55828	21729	11673	8145	19228	35628	6006	85006	28374	5554	45054	64439	19467	111241	99915	11764	80829	34474	22546	92959	42259	44792	13824	31834	41838	12235	90969	20133	42557	9956	6191	93910	46251	31505	29313	19053	39759	28787	38940	16989	49546	45207	21887	50874	49578	104620	91053	95771	53712	96422	53727	85343	109966	21168	18627	37943	85727	51644	79520	17116	45437	32663	66205	66761	25134	105695	41531	36305	33216	57888	3736	26217	84837	59139	53312	51942	93609	59822	12040	101666	51095	41239	
24588	49793	35812	47539	20538	0	6620	51639	14775	95288	16054	20409	9148	58454	38058	18507	38791	19991	10067	23340	13342	15976	86411	22173	43276	27338	27223	28391	6428	14782	36256	12066	20454	24158	101219	30538	8795	9756	6572	12629	17286	14156	45217	39588	69519	38968	43574	16023	33546	28476	3681	10338	36130	26252	29463	62936	22777	23800	36014	21111	18712	20576	46558	18912	11790	28209	7428	17333	52241	19901	36556	14936	2450	32041	24681	81419	25693	24970	41468	46600	14866	107654	96328	19413	77242	23425	36726	89373	38672	26952	35080	22511	30243	22293	87382	11371	24717	32683	22605	90323	35202	20456	15937	17232	28710	13337	27891	19745	45959	41620	17286	47287	61375	101033	87467	92184	50125	92835	50141	81756	106379	31191	37783	34356	82141	48057	75933	24765	57234	21614	62618	63174	32783	102108	30526	32718	29629	54301	21605	21616	81250	55553	65109	47739	90023	56235	17537	98080	47509	22227	
27051	56483	35660	54228	21761	6620	0	51665	14459	97743	17275	21630	15738	58480	44649	19323	38817	20017	12522	23366	7743	13817	88866	24628	49867	27364	28040	34981	9987	18341	42846	14522	20480	24184	103674	30564	11062	5415	9027	13445	18634	17715	45243	42043	76109	45558	46029	8958	33572	32469	5242	12793	42721	27069	36054	69527	23594	25021	33797	22332	17278	21393	53149	18938	17599	29026	14019	20892	54696	21122	43146	21527	5574	34497	26029	83874	28149	26318	43923	44383	17321	110110	98784	22971	79698	18825	43317	91828	41128	24735	41671	24967	24282	25851	89837	13826	22500	39274	23953	92778	36064	22911	8871	19688	31165	7738	23292	22201	48415	44076	19741	49742	67966	103488	89922	94640	52580	95291	52596	84212	108834	37782	29834	36811	84596	50513	78389	28324	63824	20189	65074	65630	36342	104564	28309	35173	32084	56757	22953	24071	83705	58008	71700	50194	92478	58691	21096	100535	49964	16628	
32919	62501	21286	60246	34667	51639	51665	0	48673	142651	38356	38349	47109	16015	49646	57223	16299	32076	60571	27625	56444	68434	133774	69536	32984	30399	54827	38411	52936	46163	44720	61952	37400	33266	148582	25874	41617	52398	59030	51345	41710	43875	11390	86951	81106	50555	90937	54739	23133	32011	46769	57705	28729	64968	41051	74524	61493	35268	85168	43294	35602	59293	34282	35164	53140	49679	49383	40869	99604	44949	33336	36873	54367	79405	34202	128782	73057	32564	88831	95755	60137	155018	143692	43553	124606	73310	45191	136736	86036	76107	35592	69874	68959	42488	134745	58739	73872	38273	37918	137686	85087	70342	68395	59722	78595	58656	77777	59028	93323	88984	62556	94650	72963	148396	134830	139548	97488	140199	97504	129120	153742	44553	49371	81719	129504	95421	123297	48905	68821	71499	109982	110538	56045	149472	80367	80081	76992	101665	35443	66887	128613	102916	76697	95119	137386	103599	46282	145443	94872	68360	
16296	55062	32704	52807	18616	14775	14459	48673	0	105903	11309	11126	17502	54702	43351	7000	35039	16239	23823	19588	16554	26385	97026	32788	39646	23473	15455	33683	15790	25260	41548	25204	16702	20406	111834	26786	7032	12508	22282	3878	15925	21686	41465	50203	74811	44261	54189	13282	29794	21965	11561	20957	25802	12818	34756	68229	12319	14517	45278	6460	14055	17835	38118	15161	21756	7682	17034	24194	62856	3581	41848	15597	16545	42657	23320	92034	36308	23609	52083	55865	27450	118270	106943	26878	87857	30306	42019	99988	49287	36217	40373	33126	27501	27287	97997	21990	33982	25009	21243	100938	48339	33593	22591	29816	41847	18766	34773	29421	56575	52235	29870	57902	66668	111648	98082	102799	60740	103451	60756	92371	116994	36484	43076	44971	92756	58672	86548	32230	62526	31671	73233	73790	49750	112723	39790	43333	40244	64916	20244	34200	91865	66168	70402	58371	100638	66850	27358	108695	58124	26903	
116533	122894	126682	120640	98875	95288	97743	142651	105903	0	106771	111126	100665	149193	112053	113318	129530	110730	89272	114080	112538	98611	18042	75209	134015	118077	122034	119130	91591	96775	126995	86417	111193	109871	10513	121277	100728	108492	90344	107440	108026	101648	135956	58850	141862	110738	54242	110834	124285	119216	98358	89117	126869	121063	120202	135280	117588	114517	99945	111828	109451	115387	137298	109652	92568	112245	95514	100348	55686	110618	127295	105676	93176	64913	109471	21745	71505	109760	59653	88233	79325	11870	13559	100819	18547	92793	127466	35765	60140	107922	125819	79064	125053	105999	7988	86573	105858	107450	103872	33551	89673	84738	99709	83521	87067	108139	87925	86607	65222	56083	78134	50732	133719	14389	16003	12989	68311	40523	51997	24985	10595	121930	102253	62140	28964	66243	20255	95459	129577	95965	80804	46718	98107	10366	96647	68436	70897	55822	106395	76000	19791	46645	137453	82281	13999	63508	97928	3753	51887	113201	
6063	53925	22387	51670	14335	16054	17275	38356	11309	106771	0	7032	14543	44750	41194	16716	25087	8238	25482	11587	22895	32726	98685	34447	29694	12085	22439	25895	20370	22301	39392	26863	8701	12405	113493	16834	6867	18849	23940	12333	13761	19794	31513	51862	72655	42104	55848	21190	19842	10922	13220	22616	17801	26174	32599	66072	27944	4641	51619	9363	3363	25744	28166	5679	20573	17291	16817	22031	64515	8535	21240	8174	18204	44315	21156	93693	37967	16452	53742	62206	27570	119928	108602	24715	89516	38221	39862	101647	50946	42558	23392	34785	35410	25124	99656	23649	40323	22845	19080	102597	49998	35252	26679	27156	43506	25107	42688	26462	58234	53894	29990	59561	64511	113307	99741	104458	62399	105109	62415	94030	118653	34327	40919	46630	94415	60331	88207	30067	60369	36410	74892	75448	38085	114382	46131	44992	41903	66575	18080	34320	93524	67827	68245	60030	102297	68509	25195	110354	59783	34811	
5972	60695	22380	58440	18306	20409	21630	38349	11126	111126	7032	0	22927	45567	48776	17163	25904	10796	29248	13360	26661	36493	102451	38213	30511	12902	17245	39109	21216	30685	46974	30629	14344	17470	117259	17651	12457	22615	27707	13325	20072	26104	32330	55628	80237	49686	59614	24957	20659	10557	16986	26382	26256	20980	40181	73654	19470	4159	55386	5712	7039	29510	28983	9454	27181	12097	22459	28342	68281	7367	30863	13817	21970	48082	27467	97459	41734	21517	57508	65972	32875	123695	112369	31026	93283	41987	47444	105413	54713	46324	33118	38552	39176	31435	103422	27416	44089	29156	25391	106363	53764	39019	30445	35242	47272	28873	46454	34846	62000	57661	35295	63327	72093	117073	103507	108225	66165	108876	66181	97797	122419	41909	48501	50396	98181	64098	91974	36378	67952	40176	78659	79215	55175	118149	49898	48758	45669	70342	21321	39625	97290	71593	75827	63796	106063	72276	31506	114120	63549	38577	
18147	45462	31140	43207	8382	9148	15738	47109	17502	100665	14543	22927	0	54128	33657	23795	34465	15665	21839	19014	23729	22085	85867	22228	23891	23012	32512	17508	8136	6111	26578	18984	11336	12272	100674	16542	9997	19683	12681	18630	4346	4508	40890	39044	65118	34567	43030	21379	22515	24150	12327	14471	16745	28479	25062	58535	28065	17939	49722	23019	14386	26298	27173	14586	8339	33498	3000	6871	51697	21809	20184	8060	11962	31497	12770	80875	24243	13059	40924	60308	15336	107110	95784	11719	76698	30343	27049	88828	38128	40661	30679	24678	35598	11831	86838	16002	38426	14459	10694	89779	42120	27374	22046	14922	35628	25941	34810	14228	45415	41076	17756	46743	56974	100489	86922	91640	49581	92291	49596	81212	105835	26790	18582	33812	81596	47513	75389	17071	52833	28532	62074	62630	25089	101564	37400	32174	29085	53757	9694	22086	80706	55008	60708	47811	89478	55691	9844	97536	46964	35000	
39734	69315	28101	67061	41481	58454	58480	16015	54702	149193	44750	45567	54128	0	56455	64032	23108	38885	67381	34434	63253	75243	140584	76345	39793	37209	61636	45221	59746	52973	51529	68761	44209	40075	155391	32684	48426	59207	65839	58154	48519	50684	18199	93761	87916	57365	97747	61549	29942	38820	53578	64514	35538	71777	47860	81333	68302	42077	91978	50103	42412	66102	41091	41974	59949	56488	56193	47678	106414	51758	40146	43682	61177	86214	41011	135591	79866	39373	95640	102564	66946	161827	150501	50362	131415	80119	52000	143545	92845	82916	42401	76684	75768	49298	141555	65548	80681	45082	44727	144495	91896	77151	75204	66532	85404	65465	84586	65838	100132	95793	69366	101460	79772	155206	141639	146357	104298	147008	104313	135929	160552	51362	56180	88528	136313	102230	130106	55714	75631	78309	116791	117347	62855	156281	87177	86891	83802	108474	42252	73696	135423	109725	83506	101928	144195	110408	53091	152252	101681	75169	
41340	22835	31778	20580	26418	38058	44649	49646	43351	112053	41194	48776	33657	56455	0	48275	37211	39870	46142	35419	53969	54004	103150	46755	28447	38194	56991	13562	38847	26142	13462	47522	29102	26990	117957	26688	36507	45619	44600	48511	26938	27152	43636	56327	40295	9675	60313	45858	27046	39805	38264	43276	21302	52959	11763	33712	52545	43062	74042	48955	40896	50777	31730	41097	27941	57977	33318	24961	68980	47746	21727	31006	39938	48780	19345	98158	40605	25136	58206	84629	33688	124393	113067	19772	93981	58881	16961	106111	55411	64981	20252	55445	60078	23552	104121	34354	69126	17855	22529	107061	70658	55912	53965	33274	64166	51878	63347	31598	62698	58359	36108	64026	32151	117772	104205	108923	66864	109574	66879	98495	123118	17967	14504	51094	98879	64796	92672	24386	28010	57070	79357	79913	18016	118847	65938	49457	46368	71040	22583	44612	97989	72291	35885	72855	106761	72974	24285	114818	64247	59479	
22367	60716	41254	58462	30034	18507	19323	57223	7000	113318	16716	17163	23795	64032	48275	0	43378	24578	30683	27928	14955	26657	103887	39648	52936	31925	13014	38050	22651	31133	45915	32064	25041	28745	118694	51176	15623	16828	23504	6238	23196	27559	49804	57063	79178	48627	61049	6843	51535	26612	14420	27817	45790	7937	39123	72596	8568	19164	45550	10708	21840	11966	56218	23500	29405	7639	23673	31465	69716	8868	46215	26415	20051	49517	30591	98894	43169	30880	58943	56137	34311	125130	113804	35763	94718	30578	46386	106848	56148	36489	44740	39987	21063	46558	104858	28851	30111	42343	28515	107798	47818	40454	26911	35988	44983	19038	35045	35294	63435	59096	36730	64762	71035	118509	104942	109660	67601	110311	67616	99232	123854	40851	47442	51831	99616	65533	93409	41115	66893	31943	80094	80650	54117	119584	40062	50194	47104	71777	27515	41061	98726	73028	74769	65231	107498	73711	33888	115555	64984	20464	
20071	49653	8438	47398	21819	38791	38817	16299	35039	129530	25087	25904	34465	23108	37211	43378	0	24766	53261	20315	49134	61124	126464	62226	25674	15743	47517	31101	45626	38853	37410	54642	30090	25956	141272	18564	34307	45088	51720	44035	34400	36565	7819	79641	73796	43245	83627	47429	15822	24701	39459	50395	21419	57658	33741	67214	54183	27958	77858	35984	28292	51983	26972	27854	45830	42369	42073	33558	92294	37638	26026	29563	47057	72095	26892	121472	65747	25253	81521	88445	52827	147708	136381	36243	117295	66000	37881	129426	78725	68797	28282	62564	61649	35178	127435	51429	66562	30963	30608	130376	77777	63031	61085	52412	71285	51346	70467	51718	86013	81673	55246	87340	65653	141086	127520	132238	90178	132889	90194	121809	146432	37243	42061	74409	122194	88111	115986	41595	61511	64189	102671	103228	48735	142162	73057	72771	69682	94355	28133	59577	121303	95606	69387	87809	130076	96288	38972	138133	87562	61050	
4873	52311	16107	50057	7822	19991	20017	32076	16239	110730	8238	10796	15665	38885	39870	24578	24766	0	28949	3280	24821	36811	102152	37913	23569	6449	27750	18499	21314	19205	27568	30329	5761	7168	116959	10710	9994	20775	27407	19722	10071	16103	25388	55329	71691	41140	59315	23117	13718	8648	15146	26083	12564	33346	31636	65109	29871	7363	53546	16218	6775	27670	22041	2501	21517	22603	17761	16425	67982	17872	16004	5234	22745	47782	13197	97160	41434	11215	57209	64132	28514	123395	112069	19047	92983	41687	28039	105113	54413	44484	18155	38252	37336	19518	103123	27116	42249	17269	13475	106064	53465	38719	36772	28100	46973	27033	46154	24272	61700	57361	30934	63028	63548	116774	103207	107925	65866	108576	65881	97497	122120	35271	25910	50097	97881	63798	91674	24399	59406	39877	78359	78915	32417	117849	48745	48459	45370	70042	11019	35264	96991	71293	67282	63496	105763	71976	19323	113821	63249	36738	
34453	58584	44602	56329	25970	10067	12522	60571	23823	89272	25482	29248	21839	67381	46142	30683	53261	28949	0	32933	19212	14593	80062	15824	52868	36930	36745	37983	10446	17937	45848	4221	30046	31033	94870	40130	19581	17196	5189	22151	26879	18174	54809	33239	79111	48560	37225	20739	43138	38069	13203	7973	45722	35774	39055	72529	32299	33370	34958	30681	28304	30098	56151	28505	13731	31098	14367	21510	45892	29471	46148	24529	8022	25692	30633	75070	19344	30922	35119	45545	9826	101305	89979	21981	70893	15579	46319	83024	32323	25897	44673	16162	35750	27161	81033	7735	23662	28612	25034	83974	27356	12611	14554	12192	20864	25942	20046	18195	39610	35271	10750	40938	70968	94684	81118	85835	43776	86486	43792	75407	100030	40783	28844	28007	75792	41708	69584	27333	66826	13768	56269	56825	35351	95759	22636	26369	23280	47952	27557	15081	74901	49204	74702	39893	83674	49886	19090	91731	41160	31004	
7527	47861	11656	45606	8064	23340	23366	27625	19588	114080	11587	13360	19014	34434	35419	27928	20315	3280	32933	0	27767	39757	105098	40859	19521	3937	27745	17654	24260	19699	26724	33275	6409	6802	119905	6662	12940	23721	30353	22668	12694	17411	21340	58275	67644	37093	62261	26063	9670	5076	18092	29028	11720	36292	27588	61061	32817	8186	56492	16212	8521	30616	17993	5740	24463	22597	20707	16920	70928	17867	15159	8196	25691	50728	12353	100106	44380	10371	60154	67078	31460	126341	115015	19541	95929	44633	27195	108059	57359	47430	22129	41198	40282	20013	106069	30062	45195	16424	13969	109010	56410	41665	39718	31046	49919	29979	49100	24767	64646	60307	29665	65974	59500	119720	106153	110871	68812	111522	68827	100443	125066	31090	26404	53043	100827	66744	94620	24894	55359	42823	81305	81861	32912	120795	51691	51405	48316	72988	11514	33995	99937	74239	63234	66442	108709	74922	19818	116766	66195	39684	
31866	66411	40475	64157	26575	13342	7743	56444	16554	112538	22895	26661	23729	63253	53969	14955	49134	24821	19212	27767	0	15068	95497	35190	58781	32149	24026	43896	16617	36978	51761	27143	25265	28969	110304	35349	15846	8642	15657	15680	23419	33404	50027	48674	85024	54473	52660	9493	38357	37253	13943	19423	51635	19993	44968	78441	19579	29806	33961	27861	22063	15136	62064	23723	24229	25012	24118	31689	61327	25907	52061	23091	12204	41127	30814	90504	34779	31103	50553	44548	23952	116740	105414	41609	86328	18989	52232	106281	47758	24900	50585	31597	19904	34782	96468	20457	22665	48188	28738	99408	36229	26111	15684	26318	33394	7449	23456	41139	55045	50706	26371	56373	76880	110119	96552	101270	61044	104055	59226	90842	115465	46696	53288	43441	91226	57143	85019	46961	72739	20354	71704	72260	59963	111194	28473	41804	38715	63387	27738	30702	90336	64638	80614	53394	99108	65321	39733	107165	56594	12250	
41697	66446	52465	64191	35310	15976	13817	68434	26385	98611	32726	36493	22085	75243	54004	26657	61124	36811	14593	39757	15068	0	89460	21267	59802	43864	35641	44917	14558	27335	52782	13220	36980	40431	104267	47064	25765	15929	9629	25599	33812	22286	61742	42637	86045	55494	46623	17487	50072	45002	19102	14906	52656	31608	45989	79462	31195	39725	20038	39476	31982	26751	63084	35438	19712	36627	21300	30908	55290	35826	53082	31462	13921	35090	41207	84468	28742	41496	44517	30625	19224	110703	99377	31379	80291	5066	53252	92358	41721	10977	51606	25560	26107	36559	90431	17133	8742	38009	34432	93372	22306	12188	8118	21590	19471	10673	9533	27593	49008	44669	20148	50336	77901	104082	90515	95233	47121	90132	53189	84805	109428	47717	38242	37405	88690	51106	78982	36731	73760	6431	65667	66223	44749	105157	14550	35767	32678	57350	38131	24478	84299	58602	81635	39470	93071	59284	28487	101129	50557	16084	
107656	114018	117805	111763	89998	86411	88866	133774	97026	18042	98685	102451	85867	140584	103150	103887	126464	102152	80062	105098	95497	89460	0	66270	125076	109138	113095	110190	82651	87836	118056	77478	102254	100931	26290	112338	91789	99553	81404	98500	99086	92708	127016	49911	132923	101798	45302	101894	115346	110276	89418	80178	117930	112123	111263	126340	108648	105577	90137	102889	100512	106448	128358	100712	83629	103306	86574	91408	46746	101679	118355	96736	84236	55973	100531	6211	62565	100820	50714	78425	70386	22315	22630	91879	13899	83853	118526	25957	51201	98114	116880	70125	116114	97059	13684	77634	96919	98510	94933	23743	80734	75798	90769	74581	78128	99199	78985	77667	56282	47143	69194	41792	124779	17062	2070	9307	59371	30714	43057	15176	21039	112991	93314	53200	19156	57303	11316	86519	120638	87025	76069	37778	89168	26447	87707	59497	61958	46882	97455	67060	15842	37706	128513	73341	6052	54569	88988	14433	42948	104261	
43418	57623	53567	55368	26359	22173	24628	69536	32788	75209	34447	38213	22228	76345	46755	39648	62226	37913	15824	40859	35190	21267	66270	0	42139	44965	48922	46018	18478	18323	53883	9660	30482	31418	81080	48165	27616	35380	17232	34327	34913	23195	62844	19450	75913	44788	23436	37722	51173	46103	25245	16005	34993	47951	47090	69330	44476	41405	30351	38716	36339	42275	45422	36540	15280	39133	22402	21895	32103	37506	54183	32564	20064	11903	31018	61281	5555	31307	21330	40525	6906	87516	76190	22366	57104	17675	54354	69234	18534	30745	52707	5952	45875	27546	67244	10825	28510	28997	25420	70185	19899	9528	26597	11102	13407	30791	12807	14188	25821	21482	5715	27149	67769	80895	67328	72046	33234	72697	30002	61618	86241	48818	29229	14218	62002	27919	55795	24128	63628	18617	42480	43036	32158	81970	19390	12580	9491	34163	27942	4669	61112	35414	71503	25583	69884	36097	19475	77942	27370	35853	
24678	40889	12482	38635	15379	43276	49867	32984	39646	134015	29694	30511	23891	39793	28447	52936	25674	23569	52868	19521	58781	59802	125076	42139	0	19639	62034	16869	29594	26113	23178	37307	16728	13232	139196	9583	29160	50663	49643	53554	20350	23825	27097	77565	59564	29013	81551	50901	8749	19554	43307	32793	7317	58002	19509	52982	57588	22811	68045	30837	23146	55820	8666	22708	27912	37222	38362	19684	90218	32492	7241	20783	44981	70018	13017	119396	42565	11379	79445	78631	33659	145631	134305	22368	115219	48666	20696	127350	76649	58983	10814	60488	65121	21304	125359	34325	74169	17089	16734	128300	60443	45697	59008	33245	53951	56921	53132	31181	83936	79597	36079	85264	51421	139010	125443	130161	88102	130812	88118	119733	144356	23011	27829	72333	120117	86034	113910	27721	47279	46855	100595	101151	34503	140085	55723	70695	67606	92278	14258	40409	119227	93530	55155	66134	128000	94212	26232	136057	85486	64522	
7069	50635	9994	48381	11574	27338	27364	30399	23473	118077	12085	12902	23012	37209	38194	31925	15743	6449	36930	3937	32149	43864	109138	44965	19639	0	27515	20222	27772	22267	33546	36788	12236	9369	123418	8950	16452	27233	33865	26181	16546	19978	23629	61787	69932	39381	65773	29575	11958	3137	21605	32541	17555	31250	29877	63350	29739	9153	60004	18424	9488	34128	21632	8817	27975	22367	24219	19487	74440	19673	22162	11709	29203	54240	14920	103618	47892	12938	63667	70590	34973	129853	118527	22109	99441	48146	34017	111572	60871	50943	24418	44710	43794	22580	109581	33574	48708	18992	16537	112522	59923	45177	43231	34558	53431	33492	52613	33864	68158	63819	37392	69486	61789	123232	109666	114383	72324	115034	72340	103955	128578	41729	28972	56555	104340	70256	98132	27461	57647	46335	84817	85373	35479	124307	55203	54917	51828	76500	14081	41723	103449	77752	65523	69955	112222	78434	22385	120279	69708	43196	
22450	69433	35004	67178	38751	27223	28040	54827	15455	122034	22439	17245	32512	61636	56991	13014	47517	27750	36745	27745	24026	35641	113095	48922	62034	27515	0	49979	34579	43061	57844	43993	36970	40674	130623	36906	27552	28756	35432	20353	35124	39488	51585	68992	91107	60556	72978	18772	39914	28673	26349	39746	57718	14613	51051	84524	13102	23414	57479	13927	26294	18812	68147	28709	41334	11078	35602	43394	81645	16212	58144	38344	31980	61446	42520	110823	55097	42809	70872	68065	46239	137059	125732	47692	106646	42507	58315	118777	68076	48418	56668	51915	32992	58487	116786	40779	42040	54272	40443	119727	59747	52382	38840	47916	56912	30967	46974	47222	75364	71024	48659	76691	82963	130437	116871	121588	79529	122240	79545	111160	135783	52779	59371	63760	111545	77461	105337	53044	78822	43872	92022	92579	66046	131512	51991	62122	59033	83705	39443	52989	110654	84957	86697	77160	119427	85639	45817	127484	76913	32393	
24865	26004	20543	23749	13006	28391	34981	38411	33683	119130	25895	39109	17508	45221	13562	38050	31101	18499	37983	17654	43896	44917	110190	46018	16869	20222	49979	0	29731	19648	9686	38406	16049	11959	125036	15184	21331	36503	35484	39394	13885	17360	32132	63406	45333	14782	67392	36742	15542	28300	29148	34159	9797	43842	5277	38750	43429	31557	64926	39839	25720	41661	20226	22075	21447	48861	24202	12426	76059	38629	10223	17953	30822	55859	6292	105237	36100	10106	65285	75513	27194	131472	120146	11871	101060	49764	10157	113190	62490	55865	8747	46329	50961	9017	111200	35193	60010	4802	9476	114140	61541	46796	44849	26780	55049	42761	54231	24716	69777	65438	29614	71105	37189	124851	111284	116002	73943	116653	73958	105574	130197	8851	13597	58173	105958	71875	99751	17223	33048	47954	86436	86992	20272	125926	56822	56536	53447	78119	9530	33944	105068	79370	40923	71573	113840	80053	16180	121897	71326	50363	
23974	51289	36967	49034	15402	6428	9987	52936	15790	91591	20370	21216	8136	59746	38847	22651	45626	21314	10446	24260	16617	14558	82651	18478	29594	27772	34579	29731	0	8956	36873	10906	18294	19231	97536	31230	15015	18449	5147	17396	11546	8330	45908	35905	70136	39585	39891	20790	34238	29168	7790	6014	22806	31019	30080	63553	27544	24473	34590	21785	19404	25344	33234	19604	6289	22202	4506	11507	48559	20575	37173	17650	4428	28359	18830	77736	22011	19120	37785	45176	10543	103972	92646	13587	73560	22264	37343	85690	34990	25528	35697	18829	35010	16467	83700	7048	23293	17917	15031	86640	34041	19296	14513	13804	27549	16703	26731	13110	42277	37938	12962	43605	61992	97351	83784	88502	46443	89153	46458	78074	102696	31808	20450	30673	78458	44375	72251	18939	57850	20453	58936	59492	26957	98426	29102	29036	25947	50619	15754	17293	77568	51870	65726	44073	86340	52553	11711	94397	43826	34411	
23584	38584	30195	36330	11921	14782	18341	46163	25260	96775	22301	30685	6111	52973	26142	31133	38853	19205	17937	19699	36978	27335	87836	18323	26113	22267	43061	19648	8956	0	27895	13870	13551	14487	95560	18757	18988	27586	13481	26534	11542	4467	38503	33929	57738	27187	37916	29282	23833	23485	16549	9356	18062	36382	21023	51155	35969	26930	44608	30922	23377	34201	28491	19140	4475	41401	8766	4964	46583	29712	21502	15610	12761	26383	14087	75760	19128	14376	35809	55194	10222	101996	90670	6620	71584	25228	28366	83714	33014	35546	26956	22588	43502	9924	81724	10888	33311	11375	8489	84664	37006	22260	22846	9808	30514	35592	29695	7744	40301	35962	12642	41629	49594	95375	81808	86526	44467	87177	44482	76098	100721	34693	13483	28697	76482	42399	70275	11973	45453	23418	56960	57516	19990	96450	32286	27060	23971	48643	11011	16972	75592	49894	53328	42697	84364	50577	4412	92421	41850	42903	
36414	28339	26852	26085	22075	36256	42846	44720	41548	126995	39392	46974	26578	51529	13462	45915	37410	27568	45848	26724	51761	52782	118056	53883	23178	33546	57844	9686	36873	27895	0	45524	25179	22548	132154	22247	34509	43621	42602	46512	23015	26490	39195	70523	47162	16612	74509	43860	22605	35363	36265	41277	16860	50960	8498	40580	50546	38620	72044	46957	38898	48779	27289	31205	37052	55979	31320	21556	83176	45747	17286	27083	37940	62977	15421	112354	47473	20695	72403	82630	44049	138590	127264	21748	108178	56882	12508	120308	69608	62982	15810	53447	58079	18147	118318	42311	67128	13931	18606	121258	68659	53914	51967	43634	62167	49879	61349	33845	76895	72556	46469	78222	39019	131968	118402	123120	81061	123771	81076	112692	137314	15969	17092	65291	113076	78993	106869	26363	34877	55071	93554	94110	24884	133044	63939	63654	60564	85237	18660	50799	112186	86488	42753	78691	120958	87171	26262	129015	78444	57481	
35833	59964	45983	57710	23115	12066	14522	61952	25204	86417	26863	30629	18984	68761	47522	32064	54642	30329	4221	33275	27143	13220	77478	9660	37307	36788	43993	38406	10906	13870	45524	0	27312	28249	92085	40718	20169	19197	7191	26880	25304	20026	55397	30455	79699	49148	34441	30275	43726	38656	15205	6706	31824	40504	39643	73117	37029	33958	31775	31269	28892	34828	42252	29093	10946	31686	14955	18726	43108	30059	46736	25117	10023	22908	27849	72286	16560	28138	32335	42362	7042	98521	87195	19197	68109	12396	46907	80239	29539	22714	45260	13378	37844	24377	78249	4951	20479	25827	22250	81190	24173	9427	16556	9408	17681	22759	16863	15411	36826	32487	7966	38154	71556	91900	78333	83051	40992	83702	41007	72623	97246	41371	26060	25223	73007	38924	66800	24549	67414	10585	53485	54041	32567	92975	19453	23585	20496	45168	24773	12296	72117	46420	75289	36710	80889	47102	16305	88947	38375	27821	
8421	41544	21431	39290	3292	20454	20480	37400	16702	111193	8701	14344	11336	44209	29102	25041	30090	5761	30046	6409	25265	36980	102254	30482	16728	12236	36970	16049	18294	13551	25179	27312	0	4089	117366	8359	10401	21182	27814	20129	7681	12460	26030	55735	62043	31492	59721	23523	15255	11012	15553	21429	9485	33752	21987	55460	30277	10990	53952	20556	8235	28077	19913	5640	16547	27052	18167	11969	68388	18436	12924	4440	23151	48189	8833	97566	31201	8136	57615	64539	22294	123802	112476	14591	93390	37301	25373	105520	54820	44891	15076	38659	37743	15062	103529	22960	42656	12783	9018	106470	49078	34332	37179	21880	42586	27440	41768	19816	62107	57768	24714	63434	53899	117180	103614	108332	66272	108983	66288	97904	122526	25489	21454	50503	98288	64205	92081	19943	49758	35490	78766	79322	27961	118256	44358	48865	45776	70449	6563	29044	97397	71700	57633	54769	106170	72383	14867	114227	63656	37144	
11547	39431	16548	37177	4229	24158	24184	33266	20406	109871	12405	17470	12272	40075	26990	28745	25956	7168	31033	6802	28969	40431	100931	31418	13232	9369	40674	11959	19231	14487	22548	28249	4089	0	108620	4269	14121	24902	23762	23849	8730	13447	28366	46989	58563	28012	50975	31432	7346	11797	19273	22416	6005	38533	18508	51981	38119	13969	57667	22757	11955	31797	16434	8788	17534	30772	19047	12956	59642	22157	9445	8160	23042	39442	6638	88820	32188	4656	48869	68254	23281	115055	103729	15578	84643	38288	21480	96773	46073	48606	11596	35648	45652	14925	94783	23947	46371	10710	10005	97724	50065	35319	33127	22867	43573	31160	42755	20803	53360	49021	25701	54688	50420	108434	94867	99585	57526	100236	57541	89157	113780	22010	22441	41757	89541	55458	83334	20930	46278	36477	70019	70575	28948	109509	45345	40119	37030	61702	7550	30031	88651	62954	54154	55756	97424	63636	15854	105481	54909	45053	
122464	128825	132613	126571	104805	101219	103674	148582	111834	10513	113493	117259	100674	155391	117957	118694	141272	116959	94870	119905	110304	104267	26290	81080	139196	123418	130623	125036	97536	95560	132154	92085	117366	108620	0	126951	106403	114166	96018	113114	113700	107322	141630	64525	147537	116412	59916	116508	129959	124890	104032	94792	132544	126737	125877	140954	123262	120191	105619	117502	115126	121061	142972	115326	98243	117920	101188	106022	61360	116292	132969	111350	98850	70587	115145	27420	77179	115434	65327	93908	84999	20076	19233	106493	24221	98467	133140	41439	65815	113596	131494	84739	130727	111673	13662	92247	111532	113124	109546	39225	95348	90412	105383	89195	92741	113813	93599	92281	70896	61757	83808	56406	139393	22595	24209	18663	73985	46197	57671	30659	18801	127605	107928	67814	34639	71917	25929	101133	135252	101639	86478	52392	103781	6646	102321	74111	76571	61496	112069	81674	25465	52319	143127	87955	22205	69182	103602	12394	57561	118875	
11818	39130	8006	36875	8498	30538	30564	25874	26786	121277	16834	17651	16542	32684	26688	51176	18564	10710	40130	6662	35349	47064	112338	48165	9583	8950	36906	15184	31230	18757	22247	40718	8359	4269	126951	0	19695	30476	37108	29423	13000	17717	19804	65029	58294	27743	69015	32817	3195	10089	24847	35783	5916	43046	18238	51711	39571	13346	63247	21372	13681	37371	11450	13243	31218	27757	27461	16190	77683	23027	10524	14951	32446	57483	9523	106860	51135	7885	66909	73833	27551	133096	121770	18874	102684	51388	22378	114814	64114	54185	12779	47953	47037	17810	112824	36817	51950	13594	13239	115764	63165	48420	46473	27136	56673	36734	55855	25072	71401	67062	29971	72729	50150	126475	112908	117626	75567	118277	75582	107198	131820	21740	26558	59797	107582	73499	101375	24226	46009	49577	88060	88616	33233	127550	58445	58160	55071	79743	10764	34301	106692	80994	53884	73197	115464	81677	20124	123521	72950	46438	
10867	48949	25648	46695	12362	8795	11062	41617	7032	100728	6867	12457	9997	48426	36507	15623	34307	9994	19581	12940	15846	25765	91789	27616	29160	16452	27552	21331	15015	18988	34509	20169	10401	14121	106403	19695	0	11602	16898	7765	9545	15577	35055	44820	68438	37887	48806	13944	23384	18314	5974	15574	19392	24173	28382	61856	20698	10906	44373	13212	7091	18498	31708	8751	16357	13629	12600	17815	57473	12002	22831	9217	10957	37273	16940	86651	30925	17229	46699	54960	23354	112886	101560	20499	82474	31178	35646	94604	43904	35312	34000	27743	28164	20908	92614	16607	33077	18629	14864	95555	42956	28210	19433	22940	36464	17861	35645	22245	51191	46852	25774	52519	60295	106265	92698	97416	55357	98067	55372	86988	111611	30110	36702	39588	87372	53289	81165	25851	56153	29368	67850	68406	33869	107340	38885	37950	34861	59533	13864	30104	86482	60784	64029	52987	95254	61467	20978	103312	52740	27565	
27820	58061	36429	55807	22529	9756	5415	52398	12508	108492	18849	22615	19683	59207	45619	16828	45088	20775	17196	23721	8642	15929	99553	35380	50663	27233	28756	36503	18449	27586	43621	19197	21182	24902	114166	30476	11602	0	13709	11705	19443	22397	46052	46725	87434	56883	50711	5626	34381	33278	5486	17475	30814	25328	47378	80851	21853	25830	34762	23141	18088	19652	42704	19747	22281	27285	13332	27713	59379	21931	54471	19116	10256	39179	26838	88556	32831	27128	48605	45349	22004	114792	103466	30397	84380	19791	54641	96510	45810	25701	52995	29649	24363	30806	94520	18509	23466	28527	24762	97460	37030	26912	13792	24370	34195	10037	24257	26883	53097	48758	24423	54425	79290	108171	94604	99322	57263	104856	57278	88894	113516	49106	55698	41493	89278	55195	83071	35749	75149	21155	69756	70312	62373	109246	29274	39856	36767	61439	23762	28754	88388	62690	83024	54195	97160	63373	25778	105217	54646	16709	
32911	57042	43061	54788	19947	6572	9027	59030	22282	90344	23940	27707	12681	65839	44600	23504	51720	27407	5189	30353	15657	9629	81404	17232	49643	33865	35432	35484	5147	13481	42602	7191	27814	23762	96018	37108	16898	13709	0	18646	24408	12882	52338	34753	76641	46090	38739	17234	40668	35598	9698	5502	43252	32269	36585	70058	28794	30899	29668	28211	25834	26594	53680	26034	10308	34227	11897	16059	47406	27001	43678	22058	4517	27206	31803	76584	20858	32092	36632	40254	10031	102819	91493	18695	72407	14696	43848	84537	33837	20606	42202	17676	32246	21019	82547	6536	18371	39805	19583	85488	31935	15621	9590	12397	23874	20302	19162	14910	41124	36785	12451	42452	68497	96198	82631	87349	45290	88000	45305	76921	101544	38313	25558	29521	77305	43222	71098	24048	64356	16060	57783	58339	32066	97273	24180	27883	24794	49466	28727	16781	76415	50717	72231	42904	85187	51400	15804	93245	42673	25714	
18529	60952	35376	58698	21476	12629	13445	51345	3878	107440	12333	13325	18630	58154	48511	6238	44035	19722	22151	22668	15680	25599	98500	34327	53554	26181	20353	39394	17396	26534	46512	26880	20129	23849	113114	29423	7765	11705	18646	0	17943	23293	44551	51810	79771	49220	55796	7436	32880	24234	9167	22564	46382	17665	39715	73188	14190	16786	44345	10136	16587	11989	56811	18247	23363	10624	18642	26212	64464	7260	46808	17615	14798	44264	25338	93641	37916	25627	53690	54932	29058	119877	108551	28896	89465	29373	46979	101595	50895	35284	45332	34734	21655	29306	99605	23598	30704	27027	23262	102545	46613	35201	21658	31424	43454	17833	33840	31028	58182	53843	31477	59510	71627	113256	99689	104407	62348	105058	62363	93979	118602	41443	48035	46578	94363	60280	88156	34249	67486	30738	74841	75397	54710	114331	38857	44941	41852	66524	22262	35808	93473	67775	75361	59978	102245	68458	29376	110302	59731	21057	
12731	39380	25741	37125	4916	17286	18634	41710	15925	108026	13761	20072	4346	48519	26938	23196	34400	10071	26879	12694	23419	33812	99086	34913	20350	16546	35124	13885	11546	11542	23015	25304	7681	8730	113700	13000	9545	19443	24408	17943	0	6765	38495	50947	66596	36046	54933	22858	26824	21754	12140	21701	14311	29958	26541	60014	29544	15543	50539	20191	11990	24664	24739	8346	17136	20608	13379	11210	63600	18981	17750	4223	18363	43401	10335	92778	37053	10624	52827	61126	24133	119014	107688	13894	88601	37306	24614	100732	50032	41478	23204	33870	37077	14303	98741	22735	39243	12024	8259	101682	49083	34337	32391	23718	42591	24027	41773	19322	57319	52980	26552	58646	58453	112392	98826	103544	61484	104195	61500	93115	117738	28269	20757	45715	93500	59417	87293	19246	54311	35495	73978	74534	27264	113468	44363	44077	40988	65661	7259	30883	92609	66912	62187	59115	101382	67595	14374	109439	58868	36478	
18763	39594	27906	37340	9633	14156	17715	43875	21686	101648	19794	26104	4508	50684	27152	27559	36565	16103	18174	17411	33404	22286	92708	23195	23825	19978	39488	17360	8330	4467	26490	20026	12460	13447	107322	17717	15577	22397	12882	23293	6765	0	44721	39210	60524	29973	43196	25613	22786	22439	16562	13721	17016	32714	23809	53941	32300	21769	42297	27254	18217	30532	27444	14572	8505	37732	8140	4558	51863	26044	20455	10450	12135	31663	13041	81041	24409	13330	41090	52883	15503	107276	95950	9407	76864	30509	27319	88995	38294	33235	25910	27869	39833	9518	87004	16168	31000	14730	8083	89945	42286	27540	22220	15088	35794	30176	34976	12480	45581	41242	17922	46909	52380	100655	87088	91806	49747	92457	49762	81378	106001	31025	16269	33978	81762	47679	75555	14759	48239	28698	62240	62796	22777	101730	37566	32340	29251	53923	9965	22253	80872	55175	56114	47977	89645	55857	7531	97702	47131	39234	
26497	56078	14864	53824	28244	45217	45243	11390	41465	135956	31513	32330	40890	18199	43636	49804	7819	25388	54809	21340	50027	61742	127016	62844	27097	23629	51585	32132	45908	38503	39195	55397	26030	28366	141630	19804	35055	46052	52338	44551	38495	44721	0	80586	74741	44190	84572	48374	16767	25645	40403	51339	22363	58603	34685	68158	55128	28902	78803	36928	29237	52927	27916	28799	46774	43313	43018	34503	93239	38583	26971	30507	48002	73039	27836	122417	66691	26198	82465	89389	53771	148652	137326	37187	118240	66944	38825	130370	79670	69741	29226	63509	62593	36123	128380	52373	67506	31907	31552	131320	78721	63976	62029	53357	72229	52290	71411	52663	86957	82618	56191	88285	66597	142031	128464	133182	91123	133833	91138	122754	147377	38187	43005	75353	123138	89055	116931	42539	62456	65134	103616	104172	49680	143106	74002	73716	70627	95299	29077	60521	122248	96550	70331	88753	131020	97233	39916	139077	88506	61995	
