//--------------------------------------------------------------------------------------------------------------------
//-- données sur le CHER récupérés par le géocodeur (matrice symétrique)
//-- 
//-- C. Duhamel, P. Lacomme C. Prodhon - juillet 2009 : 5000 kg à collecter, flotte de capa 10000
//--------------------------------------------------------------------------------------------------------------------
255 5 999999 0 0 0
20 50 20 2.1
20 50 35 1
20 100 50 2.2
20 100 70 1.2
20 200 80 2.2
0   // la ville qui represente le depot
0	94893	14406	20817	45968	46570	88133	94085	37359	57824	69330	32091	29277	18075	78778	42069	30268	41670	69227	32806	41801	64068	46679	52847	26709	80413	37177	61865	47357	25825	82833	29214	37976	47244	64535	30034	57388	35255	65066	72288	46258	63034	46534	50529	95905	54941	54726	41065	67792	46440	43256	88937	37590	58610	54967	42694	69182	95884	44765	24792	42574	77989	104679	28152	51718	87339	55381	21143	119516	32605	72442	45631	40107	59474	29210	17445	52743	57459	69666	71932	68930	35683	81252	6880	45465	17475	77771	59603	71724	14722	31766	23757	65818	48073	54213	93828	65902	75007	14828	70742	52243	36505	16246	64067	98637	43602	83813	66755	21239	40793	48376	19568	47268	71123	42132	95540	38532	47256	39080	86946	88797	59970	31763	62908	50009	26169	66210	57560	28063	7891	36244	28990	45907	10887	44576	22775	71665	53208	84408	17137	40243	31197	31267	54477	72866	17646	20328	85285	21087	31931	65137	82347	29988	83136	79740	56050	32175	64727	12670	16220	40381	43277	48137	54211	22546	35760	122984	52048	8879	30780	54322	102121	83584	22464	68691	84838	53278	66376	38906	48064	48812	27248	19591	41023	85369	52576	12232	53453	27476	46038	56549	77668	89600	40730	27734	58726	59135	13152	52456	92067	20354	68125	8626	78422	75230	122789	36603	103329	35114	37918	26068	34728	46919	49577	32531	77462	38684	98154	40978	37868	45643	23040	109198	16865	35821	29500	33247	33140	46668	63712	39238	50652	64012	77883	38086	61027	27973	65046	18050	28563	59964	34034	74777	73976	106459	37977	14639	24301	35567	23261	39941	42718	33146	48389	48250	23918	
94893	0	84061	82927	42287	45884	14217	16506	126921	74882	22895	127753	131357	91784	30319	51648	71895	122304	25240	128861	57569	74105	150694	49920	73898	22386	126739	35210	127991	67960	9522	88578	95234	153380	20204	110668	35168	86804	30445	14063	68831	37749	61035	56268	35978	34676	30762	108664	49027	74974	159275	8800	127152	43383	38120	89431	64901	6469	64923	108942	50656	61439	25023	121637	105641	8304	32959	110705	12822	68925	95284	62413	79628	45074	94215	74610	61386	111382	50656	33644	122853	62188	42834	102771	79259	100647	32795	52843	35393	106807	77949	116426	68417	45825	69110	5117	21723	43183	104389	45961	76481	64631	107146	52635	4967	87418	22990	56996	112819	63635	131566	87852	38029	39459	42837	15884	73585	44670	105763	28142	20842	47055	71247	70645	103932	79270	19262	62030	116443	87631	92066	133555	99830	95988	98499	99885	28636	57678	45483	96586	66848	61762	125871	51013	29101	108123	103399	46359	106398	61491	119061	19306	119550	20095	14386	42063	57151	42342	95594	77374	49929	79013	66453	64545	117329	79949	43328	49698	84699	83088	44686	22465	33180	93206	38469	12858	54570	42556	84135	47379	40567	68852	78110	69557	7167	106499	79572	34379	77088	99961	57892	40217	29285	46509	92316	73623	27680	80974	72734	26545	82138	122048	88393	25719	11791	43133	117237	35017	122994	127407	85700	76580	55428	70786	113165	37083	134739	11787	128770	53272	41180	109399	29542	86648	50760	122492	120274	129195	136496	25242	89223	103831	60667	34182	63771	28107	124028	26862	78002	107221	36145	118182	44135	21078	18689	92697	87456	91759	64800	119151	73657	60479	82706	42277	43557	99855	
14406	84061	0	9376	40377	37972	76692	82644	45825	67631	82629	46297	37743	32281	73187	41643	44474	55876	63636	47765	48164	73874	61637	49592	15268	92962	45643	56274	63707	21632	71392	30689	21225	47755	54984	44240	51797	23814	59475	84639	56064	57443	35092	56505	104475	45390	45175	28199	56351	40691	43767	77496	46056	55355	48348	56900	78988	84442	54571	38998	36983	76908	93238	40541	38188	75898	50930	29609	108075	46811	61000	44716	54312	56219	15680	18334	58719	43929	66411	66341	55400	45489	75661	21086	59671	31681	86342	61404	63670	25711	45972	37963	75624	44818	64020	82387	56352	66953	23293	72543	66009	25064	30452	65868	87196	32161	92384	70562	35445	29352	63335	22447	37717	63069	32581	84098	52738	41507	25941	95710	77355	48529	20322	72714	36479	14728	56888	63536	42269	19846	50450	28994	32377	14892	31046	36981	80235	59184	78817	31343	28802	29692	21996	56278	67274	31852	34534	79693	13337	33453	51608	70905	38454	71695	68299	50458	28919	61472	21519	15913	30831	31835	36696	64017	24269	24319	111542	46299	12986	19339	51066	90679	75530	36670	63100	73396	41837	53028	53112	36002	43220	15807	8149	35274	73928	39046	11925	43903	25971	32508	63158	69614	98170	35138	14204	68533	49584	7143	62262	100638	20047	54595	11147	86992	79438	111348	50809	103232	49320	34346	24521	23287	50975	59383	46736	71871	53643	86712	55936	34612	36092	37246	97757	19663	30230	43706	47453	48099	61626	58120	53443	36378	69396	69829	29488	51476	42932	78461	12903	42768	51911	48240	69185	68385	95018	21006	15422	10771	41543	37467	28500	52524	47352	38839	42659	10388	
20817	82927	9376	0	42759	37005	75725	81677	52236	69518	81662	52708	44154	38692	75569	43531	50885	62288	66018	54176	50052	75761	68049	51479	11119	91995	52054	58657	70118	24014	70424	39349	17370	55348	58099	50652	54180	14649	61857	83672	57952	59825	25928	58392	103508	48505	48290	20459	47186	29939	51360	76529	52468	57242	37595	63311	80875	83475	56459	45409	39365	78795	92271	46952	38117	74931	54045	36020	107108	48714	60033	46604	60724	58106	13358	20229	60606	43858	71123	68723	37001	47377	78044	27498	66082	38092	85375	63292	56292	32122	52383	44374	77512	46706	65907	81419	59467	53031	29705	74431	67896	24096	36863	67755	86229	22996	91416	72449	41857	28384	69746	28858	40832	55690	35696	83131	57750	30755	18474	94743	76388	39364	14532	74602	36408	5563	60003	65423	48680	26257	56861	36587	24249	21303	30975	43392	79268	61071	81199	37754	23189	31580	29588	58166	69657	38263	40945	82076	20930	35341	33208	69938	44865	70728	67331	52841	30807	64418	27930	22324	33946	22671	27531	65905	31861	15154	110575	35546	19397	10174	52954	89712	68151	43081	65482	72429	32672	43863	59523	28965	46368	16398	10999	24522	72961	38975	18336	47018	27859	32438	65045	62235	97203	37521	11629	70420	52700	13554	64150	99671	28456	54524	17559	86025	78471	110381	57220	102265	55731	41939	30932	14122	52862	61270	53148	74253	60054	85745	62347	36500	39207	43657	96790	26074	32612	50117	53864	54510	68038	60503	59855	36307	71283	62451	28521	54591	49343	77494	19314	49180	44532	54651	71568	70767	94051	20968	21833	9407	43431	43878	19335	54412	53764	41954	45041	14231	
45968	42287	40377	42759	0	23234	43560	51025	75087	50051	28333	72569	67006	36600	37908	14542	37510	67121	28230	73513	21063	52269	81693	22136	31086	39416	74905	20996	72808	16102	37980	25194	59365	117510	32113	55485	16519	43991	24196	31291	38484	22164	41889	34432	63483	22519	22304	50946	45700	37584	80985	38549	75319	20911	29518	58839	48912	41342	34230	53758	9143	49806	59542	69804	69772	36951	14384	58871	53213	34559	57555	20900	44973	29490	58346	26410	35654	75513	33463	31062	86984	27243	40383	47587	51207	45463	45350	37259	39302	55428	43003	61242	45548	13084	46440	45508	29408	42585	52556	43510	48429	27241	51962	38767	48249	44605	51391	43460	57636	25395	76382	32668	15379	38701	17308	50403	38282	27632	49227	54524	43729	38453	28434	44797	68063	36457	25213	40194	61259	39862	55434	66718	63961	48615	62630	44701	39243	35842	43539	41402	29457	20249	90002	29177	31996	52939	48216	44415	49683	19978	83192	40950	67717	41740	38210	15180	15637	26758	40410	29174	12722	41622	47224	39800	60274	37137	77847	32661	36500	40276	16914	56984	51162	31730	27821	34449	45968	33954	50014	24729	7815	23741	32604	29289	40232	70630	31372	16183	21904	64092	36056	45246	57178	4995	56447	50953	26713	36958	44683	59646	26954	86179	39377	46000	34233	77652	62054	70907	67810	75646	23441	33768	23873	41803	57981	36592	79391	53017	73587	11758	11667	54215	64061	31465	9246	67309	65090	73847	81312	22715	55382	67962	42294	45461	20280	28605	68680	32624	29895	52037	27543	62998	33907	32979	61322	56828	32272	55890	23287	63967	36267	29674	47760	9714	7380	63986	
46570	45884	37972	37005	23234	0	43296	41501	78227	66703	38438	75708	70145	39739	59428	38026	48849	70260	40310	76652	44547	72946	84832	45975	27851	51495	78045	39337	75947	15915	37716	36533	34423	108854	27386	58624	28654	30221	34788	43371	55137	40505	18573	57916	56761	14514	17577	37176	27044	14268	114749	39968	78458	39387	10601	71283	72396	46914	53644	56898	26762	73290	56750	72943	61115	38370	23331	62011	54632	45899	48898	41099	61626	47830	33693	29550	59139	66856	51803	48189	47766	44562	58724	50726	67859	48602	32879	57787	28744	58568	59655	64381	69033	31559	63092	46927	28753	32027	55695	61851	65081	15930	55102	62251	49668	28957	44669	66945	60775	9970	79522	35808	6319	28143	13412	50139	54934	9086	35457	43967	36028	19222	22035	71787	59406	33223	29289	63678	64399	43002	64834	89029	55304	51754	53973	47841	32521	59326	61880	44541	17243	28765	81345	52661	45658	56079	51355	62756	49568	32526	43973	34181	70856	37915	56197	33521	25302	45099	43550	32313	13331	18306	23908	63090	60499	23367	74725	14115	39639	26506	35389	47956	40604	41162	46162	35868	21194	23396	66666	3320	19831	22806	32063	7879	39968	61973	34511	16305	25044	55436	59541	34688	50456	20154	47791	67605	21444	34927	61335	52924	30093	77522	42516	39278	41910	71914	65193	64185	70949	70577	33656	19045	47358	58455	61120	54933	82530	52752	76726	30995	12766	57354	60912	34604	22349	70448	68229	76986	84451	34794	67827	59305	65779	34903	8484	23878	71819	25903	31955	55176	16985	66137	52248	45059	61058	48171	35411	47233	40615	67107	12950	53159	64413	14901	27708	55329	
88133	14217	76692	75725	43560	43296	0	7861	120727	79504	21464	121559	125164	85590	39729	51021	94700	116111	33757	122667	57542	78728	130683	51118	67704	31797	120545	39832	121798	61766	6837	82384	89040	147186	17580	104475	36570	80610	35067	23474	73453	42371	52885	60890	26945	28823	28214	102470	37416	68781	153081	13081	120959	48005	32266	117134	74312	20648	69545	102748	50029	70849	19936	115443	99447	10329	32333	104511	21740	91750	89090	61786	107476	49696	88021	68416	66008	105188	53669	43055	116659	90412	52245	96577	83881	94453	16673	57466	23411	100613	105506	110232	72007	45198	73733	14035	17376	31201	98196	55372	81103	58438	100952	62045	19147	81224	14345	66407	106625	57441	125372	81658	35481	27476	40289	7239	100785	38816	99569	19498	7648	38906	65053	75267	97738	73076	18636	66653	110249	81437	110685	127361	93636	89795	92305	93691	13062	62301	54894	90392	60654	74615	119677	55635	38512	101929	97206	55770	100205	78376	112867	9859	113356	7157	9099	41436	71153	46964	89400	71180	47381	72819	58304	69167	111136	73755	38241	44107	78506	76895	45883	14317	24535	87013	48028	12231	46421	34406	112517	44831	39940	62659	71916	63364	5641	100305	73378	31831	70894	93768	62515	30579	20640	45882	86123	78245	21827	74780	77357	23107	75944	115854	82199	17853	18273	38046	111044	29931	116800	121213	79507	70387	56626	75408	106971	46493	128545	13411	122577	52645	38632	103205	24455	80455	50133	116299	114080	123001	130302	29865	113678	97637	70078	19994	57578	25559	117834	14879	71808	101027	31668	111988	54114	30489	21716	86504	81262	85565	64173	112957	67464	65101	110263	39729	42930	93661	
94085	16506	82644	81677	51025	41501	7861	0	126260	86926	28886	110829	130697	74860	46817	58986	83970	105381	41738	128201	65507	86150	119953	58540	73238	38884	126078	47254	111068	67299	14259	71654	94574	152719	18299	93745	43991	86143	42489	30561	80875	49793	52776	68312	19084	29541	29354	108003	32521	48348	158615	25299	126492	55427	32985	106404	81399	22967	76967	92018	52731	77937	19072	120977	104980	20130	39754	110044	24058	81020	94623	65344	96746	57118	93555	73949	73430	110721	61091	50143	122193	79682	59332	85847	91303	83723	16289	64888	24130	106147	94776	99502	79429	52620	81154	16353	19865	27298	103729	62460	88525	63971	90222	69133	21466	63243	6484	73494	95895	62975	114642	70928	36621	25051	41430	5277	90055	39535	70348	11637	6792	38796	70586	82689	103271	78609	26057	74075	99519	86970	99955	132894	99170	95328	97838	82961	13781	69723	61981	79662	66187	63885	125211	63057	45599	91199	86476	62857	105738	67646	118400	15409	118890	12230	16521	48858	60423	54386	78670	76713	48522	59088	58194	76589	116669	79289	37047	43998	84039	82428	53305	7664	16674	76283	55450	19653	46311	35125	101787	45971	40763	68192	77450	50531	13062	105838	78911	32972	60164	99301	69937	23711	12779	46123	91656	85667	22545	80313	84779	15246	65214	80871	87732	9214	25695	34236	100314	26507	106070	126746	68777	75920	64048	82830	96241	53581	134078	15729	111847	56202	39773	92475	23235	69725	50780	105569	103350	128534	119572	37287	102948	103170	77165	17677	63111	26700	123368	15598	77342	90297	32386	101258	60633	37576	24035	92037	70532	91098	75736	102227	50521	72523	99533	40870	50352	99195	
37359	126921	45825	52236	75087	78227	120727	126260	0	98352	101325	34862	11856	47220	110773	76894	59412	48871	101223	19347	70945	103591	41496	84843	58705	112408	9814	93861	43565	57820	114828	58359	58032	16474	96530	45184	89384	67251	97061	104284	72012	95029	78529	79673	127900	86936	86721	69923	99788	78436	11950	120932	16327	90606	86963	58299	112449	127879	73838	45532	74569	138742	136674	20202	66900	119335	87376	21211	151512	61749	104437	79967	58675	91470	52487	49440	80337	71274	101662	103927	84112	64827	113248	36025	64034	46619	109767	96655	103719	28170	59376	31950	110461	80069	73124	125823	97898	107002	24811	107794	70812	68500	33511	101119	130633	75597	115808	91852	35254	72788	43193	48712	79263	103118	74127	127535	64688	79251	63847	118942	120792	91965	63759	81819	65191	58164	98206	87052	38555	42522	50938	19056	61089	34763	59758	51919	103660	80754	153250	46281	72239	63193	36169	91529	104861	41080	49472	146178	33394	61213	80320	114342	16306	115131	111735	88045	64170	96723	46155	48216	72377	75272	80133	79965	26240	67755	154979	84043	40874	62776	86317	134116	115579	51608	100686	116833	85274	98371	57475	80060	80807	59244	51586	73019	117365	67758	44228	85449	59472	61221	85539	109663	121595	72725	47434	101275	91130	45148	67598	124063	52350	83308	40622	110417	107225	154785	50705	135324	41935	17345	55212	66723	76063	69374	46632	109457	33501	130149	35795	69863	77638	38625	141193	50397	67817	35348	40346	27957	41485	95707	52663	63150	89322	109878	70081	93022	22791	97042	50045	54648	91960	43820	106772	105972	138455	50474	46634	47578	64712	28252	71936	77462	51715	80384	80245	40042	
57824	74882	67631	69518	50051	66703	79504	86926	98352	0	64631	48134	71326	42044	50247	36654	30788	37385	52538	57323	29768	6578	52519	34900	60459	56554	66157	43550	39767	50254	75563	32454	78351	88905	84522	28247	52193	77190	46751	62777	14399	39237	79682	23558	115892	74928	74712	84145	98109	75377	107207	76438	59679	39065	74954	18892	15436	72828	19958	31593	43751	24243	97125	58537	107564	74533	57960	70467	87946	27343	95348	43146	19211	32058	74339	52083	16103	113306	35445	51947	124777	25673	36100	49504	11180	41178	97758	34760	91711	53363	25406	45387	13448	41843	8120	83139	73056	94994	63581	33503	4142	58475	48188	28210	81765	77804	103800	22225	41992	63188	43342	40721	67255	91109	62118	87986	17360	73818	82426	106933	111703	90862	61633	10649	105855	65831	68861	17830	34021	49020	23987	78092	101754	63764	100422	35032	91651	20184	43791	46846	67250	39735	87453	28784	53527	39432	34920	35850	77273	38575	120984	105253	62544	106042	102646	44878	45092	37310	46925	52024	60368	79415	85017	13874	71648	70336	115430	78847	54195	71155	40389	94567	103571	36396	48705	69725	82304	86362	18097	68051	55404	53634	62496	69960	77815	108422	52751	63772	43224	101885	25450	97654	109587	52777	94240	4262	79122	57348	8418	112054	46254	123972	58679	98409	65718	115235	32428	107119	40759	79966	40353	66967	34885	10725	29604	42227	67676	89808	46432	43602	56924	37681	101644	47821	49301	42731	38039	53584	48272	54200	21144	105755	19695	97870	58072	81013	52279	85033	55568	28825	79951	35977	38758	58828	96710	94621	48628	74134	29686	52341	74060	28304	24328	54971	48433	75512	
69330	22895	82629	81662	28333	38438	21464	28886	101325	64631	0	94977	92373	61967	28996	35501	59686	85730	16925	98880	42022	61896	111919	37710	73127	21063	100272	23000	91417	41469	15564	50561	94463	152608	13567	75233	21050	66835	18236	12740	56622	25539	55186	44058	48082	28007	20654	107892	48628	50881	106352	15605	100686	31174	31485	77222	58539	17701	52713	79125	34509	59433	37126	95171	104870	14535	16813	84238	35717	56716	94513	46266	67419	32865	93444	51777	49176	110611	36838	26603	122082	49979	43758	72954	67049	70830	33971	40634	34622	80795	65739	86609	55175	29678	56901	28012	10493	42412	77923	46885	64272	63860	77329	48393	26639	65570	35093	53087	83002	62864	94991	58035	30583	38688	35391	27987	61376	38034	72070	40246	24985	40420	70476	58435	103161	78498	6298	49821	81008	65229	79856	132784	99059	73982	97728	70068	27864	45469	44160	66769	66076	45616	125100	38804	22274	78306	73583	45036	105627	45344	118289	18535	93083	19324	15794	25916	41004	30133	65777	54541	38089	54919	60521	52336	85641	59980	55431	43063	61867	63120	32476	34568	42716	57097	31197	9727	47935	35921	71926	39933	24420	68081	77339	44493	17817	105728	56739	22730	47271	99190	45683	41790	41388	30362	91545	61414	19086	62325	60525	38649	52321	121277	64744	34622	10439	55237	80662	47121	86419	126636	48808	55659	43218	58576	76590	35760	104758	30601	92195	37125	29067	79582	41645	56832	34613	89717	83699	99213	99921	13033	77014	103060	51921	39133	41810	14750	94047	19426	55262	77404	29509	81607	37282	18817	38907	91926	57639	90988	48654	89334	49564	48269	70496	26811	27410	99084	
32091	127753	46297	52708	72569	75708	121559	110829	34862	48134	94977	0	32207	38604	90767	58847	37136	15928	83866	17749	51960	57011	18625	61107	58606	94033	27038	73854	14122	63083	118568	49500	73233	49786	97350	18219	73032	67152	77055	93081	45047	74240	78430	56789	128721	87756	87541	85124	110938	88206	43890	124672	20560	66871	87783	26911	61127	103132	46873	18566	65943	92162	140414	19419	82101	123074	78799	34620	155251	44880	108177	65339	31710	67060	67688	49341	53372	86475	77252	83921	99313	47865	83499	27185	37068	27613	110587	69762	104540	31133	32411	10225	57763	64035	46158	129563	98718	107822	34521	80901	43846	62067	20228	74226	134372	75499	116629	64887	13001	76017	13750	43698	80083	103938	74947	131275	37723	86647	79048	119762	124532	103691	63660	54853	80392	58066	89701	60086	11589	33906	19550	42974	76290	44373	74959	30292	104480	53788	106669	33036	80079	61927	58965	64636	84855	22450	24945	99597	48785	60768	95521	118081	26413	118871	115475	67071	64990	72313	37539	43748	73197	75173	80034	53000	43160	67657	158719	91676	38617	62677	62582	137856	116399	42167	80680	120573	85175	99191	30510	80880	81627	59145	51487	82789	121104	82959	44129	86269	59110	76422	58573	110483	122416	73545	62635	54695	91950	45049	40632	124883	53426	98508	40523	111238	96022	143873	17153	136144	10821	40847	50198	66625	57078	42409	19666	114003	15003	133888	6351	65795	78458	16372	144933	41781	68637	5257	10278	7878	14028	84504	21274	78351	62357	110699	70901	93842	13349	97862	49946	27683	92780	13928	79547	90156	142194	65675	41454	62779	51879	16355	71838	50496	24750	81204	70625	55243	
29277	131357	37743	44154	67006	70145	125164	130697	11856	71326	92373	32207	0	38109	101663	67783	50302	45276	92112	16964	61834	78249	37902	75732	49594	103297	11546	84750	39971	48709	118520	49248	50891	21231	87420	41590	80273	55393	87951	95173	66292	85919	67624	70563	151604	77825	77610	62782	104665	69325	17243	124625	11959	81495	77852	54705	89215	131571	64799	38635	65459	98023	140367	14482	59759	123027	78266	10006	155204	52639	108129	70856	55081	82359	45346	40329	72776	64133	92551	94817	76971	55717	104137	26914	60440	37509	133471	87544	94609	19060	51800	24641	85852	70958	74247	129515	88787	97892	15700	98683	67217	59390	25360	92008	134325	64693	139512	86789	30315	63678	39599	39601	70152	94007	65016	131227	61094	70141	56706	109831	124484	81061	54648	82942	58050	49054	89095	77593	34961	33411	47344	11915	53948	25652	52617	42808	127364	73241	107293	37170	63128	54082	29028	82418	95750	32929	40362	108169	22862	52102	73179	118034	9580	118824	115428	78934	55059	87612	37044	39105	63266	64367	69228	74245	15708	56851	158671	74932	31764	51871	77206	137808	106468	42498	91576	120525	74369	89260	53881	70949	71696	50133	42475	63908	121057	60617	35117	76338	50361	54080	76582	100552	145299	63614	40293	78760	82020	36037	64003	147767	43239	76166	31511	134121	126567	158477	47110	150361	38341	9299	46101	55819	66952	69610	43038	100347	29907	133841	32201	60752	68527	32115	144886	41286	58706	31753	36752	24363	37891	86596	49068	56009	84045	100768	60970	83911	19196	87931	40934	43154	82849	40226	97661	96861	142147	43333	37523	40437	55601	18977	61032	62752	48121	71274	71135	32901	
18075	91784	32281	38692	36600	39739	85590	74860	47220	42044	61967	38604	38109	0	71827	26282	14481	32644	62276	39352	26014	48280	47216	35161	32160	73462	47636	54915	38331	23317	78802	13427	55832	56812	57584	21008	50438	53111	58115	65338	30471	48293	52745	34742	88954	47990	47775	57208	71171	48440	52824	84906	41158	40924	48016	33667	53394	75389	28978	19282	27482	62202	100648	34698	80627	83308	48430	30711	115485	16818	68410	29844	26505	41113	47065	18618	36955	86368	51305	64981	97839	19896	57552	13750	36439	9530	70821	43816	64773	21268	20764	26765	50031	31470	38426	89797	58951	68056	23824	54955	40415	31537	16301	48279	94606	50867	76862	50968	23159	36250	41906	3932	40317	64172	35181	91508	24291	46881	56936	79995	84765	63924	34696	47121	78918	44025	59260	41772	26783	10664	27218	38336	74816	24008	73485	10225	64714	37420	66556	5740	40313	16025	47697	38690	65915	17701	13739	65765	37517	16295	94047	78315	32512	79105	75709	41124	25224	46366	7169	14746	33431	52478	58080	38424	31892	43398	118952	51909	13406	48636	36635	98089	76633	6677	61740	80806	55366	59425	29880	41114	41861	25335	25052	43023	81338	81485	15474	46503	19344	74948	40761	70717	82649	33779	45590	42939	52184	19935	36669	85117	13660	97034	18069	71471	68279	104107	27577	96378	33333	43399	10432	40030	31131	33789	23504	70511	45230	94122	39110	21322	38692	19738	105167	8274	28870	32832	30613	39686	46835	56761	30211	67082	48224	70932	31135	54076	34519	58096	21292	17560	53014	28521	53600	67025	102428	54407	15562	42157	19780	29806	47122	26931	24120	41438	41299	41773	
78778	30319	73187	75569	37908	59428	39729	46817	110773	50247	28996	90767	101663	71827	0	38968	55285	106867	12240	99909	40960	44473	122001	34774	66313	7933	110133	19971	109250	51330	33832	52527	112731	170876	37701	70833	28613	79219	18254	19802	50581	19499	72754	38017	66297	53131	45778	126160	66895	68449	116213	28735	102265	26774	55617	91961	36209	25125	46672	74179	44370	32746	55342	105032	123137	33172	34380	94099	40244	52315	92783	44878	61378	26824	111712	61638	43135	128878	21964	8902	140350	45578	14142	82815	61008	69767	52239	26886	52890	90656	61339	87972	39725	32114	48406	35436	39220	60680	87784	17269	58231	62469	87190	23942	34063	79833	53309	28304	84578	60623	112824	67896	48151	56955	52536	46202	55335	62166	84454	58461	43253	64552	63662	41013	121428	71685	32984	36699	76607	75090	103914	101946	117327	83843	115995	60004	46132	39428	16790	76630	64685	55476	143368	32763	7621	75383	70853	17667	84910	49223	136557	36802	102944	37592	34062	27306	50865	20168	75638	64402	47950	72487	78089	44121	95502	72364	73646	67195	71728	75504	28076	52783	63498	59064	11671	28302	72067	60053	65885	57501	36912	58969	67831	62060	36084	123995	66600	42354	57132	117458	33986	60058	59603	40223	109813	47733	45177	72185	54484	56864	62182	139545	74604	52890	22234	73452	101910	65336	110242	110874	56586	68996	38900	52535	72189	8390	137158	42105	115914	46986	46895	80267	59861	66692	44474	85317	107522	123066	117754	19818	70973	121327	31975	57400	55507	45604	94865	44358	65123	64758	53641	105460	15442	14102	49008	110194	67500	109255	46185	99195	67132	42228	66096	44942	36497	117352	
42069	51648	41643	43531	14542	38026	51021	58986	76894	36654	35501	58847	67783	26282	38968	0	23589	49633	32284	68212	7702	39305	64205	9526	34599	42451	77046	22273	55320	24308	45154	13733	68330	86646	41896	39136	20697	52197	25473	38465	25123	23333	50855	21467	73266	32302	32087	81760	55483	46550	82658	45722	70569	15289	39301	45478	35947	48516	20869	42482	8277	36841	66716	58213	78737	44125	26602	60545	60387	20619	66521	7092	31612	16153	48479	28084	22293	84478	26345	32339	95949	13882	35075	36941	37846	30973	55132	21338	49085	44783	29642	56276	32583	6369	33079	52682	36582	52368	47340	32477	35068	36207	41166	25802	55423	52811	61174	30496	43145	34361	58894	24481	25162	48484	26321	57577	24921	44991	57433	64307	53512	48236	36640	31436	77028	39971	32387	27229	44911	35092	42073	68392	72926	50289	71595	28307	49026	22877	44815	30605	38423	17349	62373	16212	33273	38449	33725	43287	53715	11436	92157	48691	56028	48914	45384	15489	12738	21406	30684	30848	22505	50588	56190	26439	61948	45343	85021	50020	33069	48482	11000	64158	60945	20270	29098	41623	53477	43737	36653	39224	19930	27774	36636	41133	47406	79595	33046	28299	18711	73058	23091	55029	66961	14778	65413	37592	36496	38631	31322	69428	25127	95145	41050	55783	41407	88418	44566	80690	50322	77320	19227	41974	10908	28442	40493	37869	70610	60191	56099	7841	21450	39725	71235	26695	15151	53620	47602	64575	63824	29889	42022	76927	29329	55244	29245	38388	63168	42407	31569	33062	37325	45510	28639	40153	68496	65794	27502	64855	9888	53322	45233	16313	34400	19497	12959	49653	
30268	71895	44474	50885	37510	48849	94700	83970	59412	30788	59686	37136	50302	14481	55285	23589	0	28303	48362	46882	16456	34837	42875	25603	41387	58528	55716	38350	33990	32543	88028	11376	59278	68266	66811	16667	37528	59480	41551	57576	15140	38086	61971	21499	98181	57217	57001	66435	80398	57666	64279	67531	49239	31366	57243	25022	39951	67627	16966	14941	31935	48758	109874	41465	89854	65934	49602	42166	124712	4458	77637	25319	13165	30906	55267	27845	23465	95595	41098	48417	107066	9889	47345	22621	20446	12874	80047	33608	74000	32723	8601	28653	36587	26945	24983	99023	68178	77283	35279	44747	26972	40764	25172	38072	76565	60093	86089	43711	25046	45477	37565	13158	49544	73399	44408	100735	11650	56107	64715	89222	93992	73151	43923	33677	88145	46758	54196	28530	21362	21456	21752	49791	84043	35463	82712	6727	73941	24178	56349	18220	49539	21908	59152	28482	49350	20350	15960	55557	48972	20749	103273	87542	43013	88331	84935	31567	27265	36159	19362	23973	42657	61704	67306	23093	43347	52625	128179	61136	23679	52083	27078	107316	85860	8068	45176	63432	64593	68652	18206	50340	43032	34561	34279	52249	90564	90712	24701	55729	25397	84174	27519	79944	91876	34950	57045	29496	61411	29298	23225	94343	22886	106261	28342	80698	60518	113333	23236	105605	28992	54854	16945	49256	21574	20346	19163	53947	49280	103349	34769	25776	47919	21626	114393	17501	31474	27694	26272	43245	42494	49000	21566	88044	41181	80159	40361	63303	41838	67322	30518	9866	62240	24180	43392	54652	111655	76910	24789	53612	11859	36574	56349	15207	15952	42496	37108	53228	
41670	122304	55876	62288	67121	70260	116111	105381	48871	37385	85730	15928	45276	32644	106867	49633	28303	0	73777	30766	41871	42678	15964	51018	62957	113997	40055	63765	7079	54113	109598	40530	79731	62803	88381	12457	62943	77010	66966	82991	34957	62334	83541	46699	119751	78787	78571	82820	101968	79236	56908	115702	33578	56781	78813	16343	51536	93042	36783	17154	55854	77829	131444	32436	95119	114105	68710	47637	146282	34791	99207	55249	21013	55154	70964	49415	39200	99492	65346	75043	112331	37776	88903	35065	20931	27294	101617	57856	95570	35830	23441	19460	49548	53946	35103	120593	89748	98853	47538	88003	27708	62334	30655	58143	125402	81663	107659	53832	21482	67047	10653	34728	71114	94969	65978	122305	27633	77677	80835	110792	115562	94721	65493	46749	93410	67924	79611	49076	14185	43764	8982	55991	89308	47907	87977	27654	95511	43280	92337	32640	71109	51838	71983	51881	74765	24992	23391	85265	61803	50679	108538	109112	39430	109901	106505	56982	56021	60407	37301	45543	64227	83274	88876	38765	56178	74195	149749	82706	48475	72535	52492	128886	107430	33198	71802	111603	86163	90222	14540	71910	67507	56131	61345	73819	112135	95977	46271	77299	50140	89439	48065	101514	113446	64576	69489	40362	82981	54907	28794	115913	44456	111526	50381	102268	85933	134903	6453	127175	6950	53865	41228	70826	46989	32551	10304	99671	21775	124919	13743	55706	69489	20148	135963	39071	59667	12553	8809	20895	15583	74415	10707	91368	51302	101729	61932	84873	26366	88892	52088	18713	83810	10345	67641	80067	133225	78693	46359	66056	41789	26415	77919	40407	14660	67074	60536	68260	
69227	25240	63636	66018	28230	40310	33757	41738	101223	52538	16925	83866	92112	62276	12240	32284	48362	73777	0	93240	34291	49817	99840	26642	57108	11170	100928	11348	87088	42124	28030	45859	73079	142959	27844	64165	14674	68878	8825	11205	44542	13460	57229	31979	62428	37606	30253	75833	58235	52924	107007	24866	101341	20105	42053	65143	41678	21256	40634	67511	35165	40119	51473	95826	95220	27000	18856	84894	36375	45647	83004	38210	55339	20786	83795	52433	37097	100961	24697	10669	112433	38910	24651	73609	54970	71485	46436	28555	47087	81451	54671	81304	43096	25445	44822	31567	24771	55120	78578	27778	52192	52690	77985	29411	30194	67613	49440	33773	83658	48627	90663	58690	32626	51236	37434	42334	49296	48602	74113	54592	37450	50988	54457	46356	93511	62479	20576	37742	69939	65884	67777	92740	89410	74637	88078	53336	40330	33390	24790	67424	54906	46271	115451	26724	5116	78962	74238	25666	75705	46000	108640	31000	93739	31789	28259	20638	41659	18054	66433	55196	38744	56962	62564	40257	86296	62023	69778	53631	62522	65162	21408	48915	55181	52395	14263	22192	58503	46489	59847	41976	25076	49763	58626	46536	30282	96078	57394	26829	47926	89541	33604	54255	55734	31018	81896	49335	34662	62980	48446	52995	52976	111628	65399	47087	18185	69583	69594	61467	75350	101668	49463	57702	32862	46497	65521	16081	95638	38236	81127	37780	31110	73599	55992	57487	35268	78649	72631	89604	95592	6769	64934	93410	37444	51598	43853	29027	88196	38556	55917	58090	40077	70538	18175	7504	45139	82277	58294	81338	39517	89990	51607	36190	59428	28854	28066	89435	
32806	128861	47765	54176	73513	76652	122667	128201	19347	57323	98880	17749	16964	39352	99909	68212	46882	30766	93240	0	61295	64212	20199	70442	60103	103367	10550	83189	25479	59218	116227	50453	65022	36175	94459	27553	82366	68649	86389	102212	54381	83574	79927	66123	125829	84865	84649	76913	101186	79834	27402	122331	5005	76205	84891	40668	70461	129278	56207	27901	64356	79269	138073	7313	73890	120733	85305	25915	152910	54214	105836	66869	41044	76394	59476	50839	62706	78263	86586	93255	91102	57200	92833	27894	46403	34083	107695	79097	101648	22921	41745	14319	67098	73370	55493	127222	95826	104931	26310	90236	53180	69899	20938	83560	132031	76996	113737	74221	17623	74187	25107	40806	77192	101046	72055	128934	47057	80650	70836	116870	122191	93364	65157	64187	72181	59563	96134	69421	20924	34616	33307	27905	68079	36162	66748	34914	101588	63122	119300	33745	73637	52899	45017	73971	94189	28507	29567	112228	40574	53169	87310	115740	11996	116530	113134	76405	62099	81647	38249	44458	70305	76670	81531	62334	30944	69154	156378	85442	42273	64174	71916	135515	113508	43702	90014	118232	86672	96299	39844	77988	78735	60642	52984	74417	118763	74748	45626	83377	56218	68210	67907	107591	119524	70653	54423	61896	89059	46546	49966	121991	47348	90297	42020	108346	105154	156183	33073	133252	23849	25581	47306	68122	66412	51743	29001	98785	12204	131547	17709	58197	75567	20994	142592	42491	65745	17717	22715	9871	20188	93636	35031	70139	71691	107807	68009	90950	5137	94970	51443	37017	89888	26189	88881	103900	139853	57464	42164	54568	61213	11162	73335	59831	34084	78313	78174	47031	
41801	57569	48164	50052	21063	44547	57542	65507	70945	29768	42022	51960	61834	26014	40960	7702	16456	41871	34291	61295	0	32299	57318	11523	41120	44449	70159	24270	48433	30829	51675	13943	74851	80537	48417	32249	23448	58718	27471	43497	18237	25330	57376	13193	79787	38823	38607	88281	62004	53071	76550	52243	63682	17287	45822	38591	28941	53548	13983	35596	14798	38839	73237	62540	85258	50646	33123	54436	66908	13732	73042	12855	24726	18150	55000	31649	15407	90999	28342	34337	102470	6995	37072	37152	30959	31183	61653	23336	55606	44993	22756	49389	25578	12890	26192	59203	43103	58889	47550	34475	28181	42728	41376	27799	61944	59332	67695	29419	45994	40881	52008	24691	31683	55005	32842	64098	18035	51512	63954	70828	60033	54757	43161	24550	83549	46492	38908	20224	38024	32989	35186	62061	79447	47734	78116	21421	55547	15872	46813	30816	44944	19301	68894	18210	35270	36800	32270	45285	61243	15392	98678	55212	56238	55435	51905	17487	19259	23403	30895	31590	29026	57109	62711	19552	55618	51864	91542	56541	33762	55003	12998	70679	67466	20480	31096	48144	59998	50258	29767	45745	26451	34295	43157	47654	53927	86116	32318	34820	22790	79579	19213	61550	73482	21299	71934	30705	43017	36915	24435	75949	25820	101665	38245	62304	46438	94939	37679	87211	43435	67125	19919	48495	7494	21555	33606	39867	63723	66712	49212	14362	27971	41684	77756	27387	21672	46733	40715	57688	56937	34920	35135	83448	26676	61765	35766	44909	56281	48928	35134	26175	43846	38623	30637	40572	75017	72315	28194	71376	7601	53532	51754	9427	27513	26018	19480	56174	
64068	74105	73874	75761	52269	72946	78728	86150	103591	6578	61896	57011	78249	48280	44473	39305	34837	42678	49817	64212	32299	0	56966	32172	66134	50792	72983	40823	44214	55929	72835	38129	84026	95731	76439	35073	49465	82865	44023	60049	14980	36509	85357	20830	105352	69994	66629	89820	94612	81052	111654	73710	66506	36338	80629	25102	9674	70100	16996	38420	45969	18482	94397	65364	113239	71806	55232	76142	85219	33018	101023	44332	25391	29330	80014	57758	12856	118981	29684	49219	130452	31348	30339	56331	18006	48560	89675	32032	88214	60190	37135	52213	7686	44062	7579	80411	70328	91496	69256	27742	10323	64150	55015	22449	79038	83479	92364	16464	48818	68863	47789	46396	62854	87612	67793	85258	19734	79493	88101	99044	82255	87365	67308	4888	111530	71506	66133	12069	40848	54695	30813	83767	107429	69439	106097	40707	83569	18900	38030	52521	72925	45410	93128	21788	50799	46258	44657	30089	82948	44250	126659	75805	69370	76595	73065	41997	50767	34583	52600	57699	66043	85090	90692	8326	77323	76011	112702	84522	59870	76830	37521	91839	100073	42071	45978	66997	87979	82865	24924	73726	57764	59309	68171	75635	75087	114097	58426	63205	48899	107560	19689	94157	98659	52471	99915	3964	71039	63023	14598	95919	51929	129647	64354	90326	62990	112507	36875	104392	45206	86793	46028	72642	30470	16400	36430	36466	72123	87080	50878	45534	59143	44508	98916	53496	54976	49203	42486	58030	52718	51472	27971	111430	13934	94373	63747	72931	59105	76950	61243	40554	76454	40424	32997	56101	93983	100296	54303	79809	35361	59168	79735	25392	31155	57189	50652	81187	
46679	150694	61637	68049	81693	84832	130683	119953	41496	52519	111919	18625	37902	47216	122001	64205	42875	15964	99840	20199	57318	56966	0	65593	74094	129551	32818	78340	9881	68689	124173	55105	79013	55566	102956	27032	77518	82641	81541	97566	49532	76909	93919	61274	134326	93362	93147	90904	116543	93811	49670	130277	26340	71356	93388	30918	67090	146743	51359	31729	70429	93384	146019	25199	87881	128680	83285	40400	160857	49366	113782	69824	35588	69729	73467	64830	53775	92255	106329	124847	105093	52351	104457	41886	35506	41869	116192	72431	110145	36913	38016	28311	65102	68521	57854	135168	104323	113428	40301	103557	51230	83890	34929	99094	155681	90987	122234	73880	25716	81622	5310	49303	85689	109544	80553	136880	42208	92252	84827	125367	130137	109296	79148	62303	86172	73554	94186	69485	23119	48607	23557	48753	82070	50153	80739	42229	110086	57855	107891	47737	87629	66413	64745	66456	126625	42498	37966	100819	54565	65254	101301	123687	32193	124476	121080	71557	70596	74982	52240	58449	78802	90662	95523	61516	48940	83145	164324	97281	56264	78165	67068	143461	122005	47773	122480	126178	100664	104797	29115	86485	82082	74633	66976	88394	126710	88739	59617	91874	64715	82202	62640	116089	128021	79151	68415	55916	97556	60538	43369	130488	59032	104288	56011	116843	100508	149478	21028	141750	15208	46627	55803	82113	61564	47127	24879	115225	8119	139494	10566	70281	84064	31505	150538	53646	74242	16787	20735	15239	5416	88990	25282	84130	71350	116304	76507	99448	19129	103467	65435	33288	98385	22447	120440	135721	147800	71455	56155	68559	56364	25153	87326	54982	29235	81649	75111	61023	
52847	49920	49592	51479	22136	45975	51118	58540	84843	34900	37710	61107	75732	35161	34774	9526	25603	51018	26642	70442	11523	32172	65593	0	42523	36800	79307	16622	57581	32232	45235	23091	76254	94570	42773	41397	15799	60121	19822	35848	22130	15434	58779	14351	74143	40226	32964	89684	60946	54474	90582	45803	72829	6485	44763	47738	28831	45899	17212	44743	16201	29725	66796	71688	86661	44205	21566	68469	61018	22880	74444	15443	33873	8255	56403	36008	19469	92402	18446	28144	103873	16143	27959	46300	37342	40331	56010	14485	54548	54141	31903	58537	25468	9754	27193	56210	36663	57831	62153	25361	34564	44131	50524	18686	54837	60735	62051	23380	55142	42284	61155	33839	33086	53946	41215	57657	27182	52915	65356	65378	51055	53699	44564	28728	84952	47895	32468	20113	47172	43016	44334	76315	80850	58212	79519	30568	49903	15761	40620	39963	46347	25273	70297	9096	27622	45948	41417	36171	61639	19787	100081	48205	65386	48994	45464	9838	20662	13507	40042	38772	30429	58512	64114	22628	69872	53266	85101	57943	40993	56406	5349	64238	66408	29628	24902	41704	61401	49200	38914	47148	21696	35698	44560	49057	47487	87519	40969	29540	26635	80982	15976	60491	67838	22702	73337	31706	37373	46555	30818	70306	33051	103068	48974	56660	38789	84907	46826	76791	52583	85244	27151	49898	7168	28869	42754	33673	72870	60271	58359	15765	29374	50831	71316	34619	22277	55881	49863	66836	66085	27271	44282	84851	22214	60707	37169	39265	65429	43284	39493	35322	42788	47771	20741	32923	69782	73718	35426	72779	16749	62680	53157	12769	36660	27421	16032	57576	
26709	73898	15268	11119	31086	27851	67704	73238	58705	60459	73127	58606	49594	32160	66313	34599	41387	62957	57108	60103	41120	66134	74094	42523	0	82969	59672	49631	67223	14989	61399	30323	19985	62965	49074	49900	45154	17265	52832	74646	48926	50800	23746	49367	94483	39480	39265	23075	44999	30699	58978	67503	60085	48217	38355	62560	71850	74450	47433	48174	30340	69770	83245	54570	40733	65905	45019	43637	98082	39689	51008	37578	55415	49081	15974	14502	51581	46474	62098	59698	39616	38351	69018	35115	61649	39879	76349	54266	53678	39740	53445	51992	68487	37680	56882	72394	50441	56960	37322	65405	58871	15071	44481	58730	77203	25611	82391	63424	49474	19359	70798	27084	31807	53076	26671	74106	48724	31514	21089	85718	67363	37177	5856	65576	39024	7465	50977	56398	56298	23823	56110	44205	26865	28921	33591	39117	70242	52046	72174	35818	18809	22554	37206	49140	60631	45881	42631	73050	28548	26315	35824	60913	52483	61702	58306	43815	21782	55393	30208	17266	24921	22739	24553	56879	39479	17770	101550	36306	18657	12790	43928	80687	65537	34952	56457	63404	30485	48329	60456	26010	37343	7373	8460	25282	63935	41591	15370	37993	18833	35053	56020	59621	88178	28495	20978	61395	43674	13906	55124	90645	19431	57140	21326	77000	69445	101355	56469	93240	62226	49556	24932	14191	43837	52245	52396	65228	67672	76720	69965	27474	30182	51275	87764	22964	23587	57734	59506	62128	75655	51478	59103	38923	62258	59837	19496	45566	56961	68469	11626	46452	41918	57413	62542	61742	85025	23584	21035	15769	34405	51495	14959	45386	58202	32928	36016	21667	
