//--------------------------------------------------------------------------------------------------------------------
//-- données sur la CORSE_DU_SUD récupérées par le géocodeur (matrice symétrique)
//-- 
//-- C. Duhamel, P. Lacomme C. Prodhon - juillet 2009 : 2100 kg à collecter, flotte de capa 4650
//--------------------------------------------------------------------------------------------------------------------
112 6 999999 0 0 0
5 30 35 0.8
10 50 50 1.2
10 50 80 1
10 100 70 3.5
10 100 80 2.2
5 300 130 4.2
0   // la ville qui represente le depot
0	15066	12431	21634	7371	71914	38609	56828	27634	74812	39396	36792	46615	39639	12552	77242	30910	125243	18009	36459	96948	16355	44374	26215	54662	22616	68604	29688	29661	132750	51898	40264	68198	54499	12941	18170	69499	112925	80705	42694	64461	43692	82206	81086	18699	65881	38456	55834	131468	52486	88818	38059	71991	53852	102705	48953	25399	54909	62330	74440	59766	95468	74858	72346	85519	49511	14047	49459	58775	104519	28905	40762	54292	126164	65497	39072	95918	47395	50792	78397	39239	60783	99935	18860	81308	32596	19055	121312	5687	83695	40728	77648	79166	63817	50876	76884	111213	61884	15929	23975	34442	20893	39368	9457	21913	33965	64199	18650	44640	76105	41084	107975	87546	
15066	0	12717	24581	19009	74860	53497	59775	42521	77758	42343	50961	58253	42586	15499	80188	45079	128190	29647	39406	99895	30524	56012	37853	57609	25563	71551	41326	32607	146919	54845	43211	71145	66137	25486	21116	81137	115872	83652	45641	67407	46639	85153	84033	21646	77520	41403	58780	134415	64124	91765	52947	83629	56799	105652	60591	28346	57856	65277	77386	71404	107106	86496	75293	97157	63680	28216	52405	70413	107466	31852	43709	65930	129111	68444	42019	98865	59033	64961	81344	53408	63730	102882	30498	84255	35543	33657	135481	20290	86642	43674	80594	90804	75455	53823	79831	114160	64831	30098	38144	37389	35063	42315	24617	36082	45603	67146	16326	47587	79052	44031	110921	90493	
12431	12717	0	28018	9383	78297	43871	63212	32896	81195	45780	51427	48627	46023	18936	83625	43285	131627	20021	42843	103332	28730	46387	28228	61045	29000	74988	31700	36044	145125	58282	46648	74581	56511	25316	24553	71511	119308	87089	49077	70844	50076	88590	87470	25083	67894	44840	62217	137852	54498	95202	43321	74004	60236	109089	50966	31783	61293	68713	80823	61778	97480	76870	78730	87532	64146	26422	55842	60788	110903	35289	47146	56304	132548	71881	45456	102302	49407	60612	84781	48498	67167	106319	20872	87692	38980	28034	133687	18063	90079	47111	84031	81178	65830	57260	83268	117597	68268	28304	36351	40826	33269	45752	21832	34288	35977	70583	9312	51024	82489	47468	114358	93930	
21634	24581	28018	0	28235	50280	56943	42313	45968	60297	27598	54693	67479	36661	13406	55608	48811	103610	38873	24662	75314	34256	65238	47079	35726	19638	56807	50552	8027	134481	40100	18630	56400	75363	29218	15192	90363	91291	59072	30896	42827	31895	60572	59452	9627	86746	18039	44036	116953	73350	67184	56393	92855	39337	81071	69817	22421	43111	37760	52806	80630	116332	95722	60549	106383	67412	31948	34944	79639	82885	21968	19128	75156	96773	43864	27275	81403	68259	68693	56763	57140	48986	85420	37526	54303	20799	37389	123043	24022	62061	19094	63132	100030	84681	29242	62369	89579	50087	33830	41876	31464	38794	20169	28349	39814	54829	42566	31803	32842	64308	27566	93460	63715	
7371	19009	9383	28235	0	79957	38364	64871	27389	82855	47439	45920	43120	47682	20595	85285	38225	133287	14514	44503	104992	23670	40880	22721	62705	30660	76648	26194	37704	140065	59941	48307	76241	51005	20256	26213	66004	120968	88749	50737	72504	51736	90250	89129	26742	62387	46499	63877	139511	48992	96862	37814	68497	61895	110748	45459	33443	62952	70373	82483	56271	91974	71364	80389	82025	58639	21362	57502	55281	112563	36948	48806	50798	134207	73541	47116	103962	43900	55105	86440	42991	68826	107979	15365	89351	40640	22527	128627	13003	91738	48771	85691	75671	60323	58920	84928	119256	69928	23244	31291	42486	28209	47411	16772	29229	30471	72243	15603	52683	84149	49128	116018	95590	
71914	74860	78297	50280	79957	0	107229	52750	96253	31925	54744	104979	117765	79373	63692	27033	99097	67244	89159	53365	27590	84542	115524	97365	28223	63254	71187	100838	44656	73501	57808	48675	62463	125649	79503	64685	140648	54925	22706	59270	8529	60598	24207	12794	59913	137031	51806	64438	63021	123636	19460	106679	143141	41373	44706	120103	70204	47046	21982	5081	130916	166618	146008	67800	156669	117698	82234	31257	129925	46520	61848	37018	125442	51321	15289	55978	37790	118544	118979	9039	107426	63365	36881	87811	12079	51520	87675	79430	74307	25696	32884	31495	150315	134967	32077	25604	44127	64467	84116	97659	81433	89080	49675	78634	90100	105115	7845	82088	66868	50661	45909	44921	15991	
38609	53497	43871	56943	38364	107229	0	91944	10976	109928	74512	32421	15116	74755	47668	112358	61731	160360	27279	71576	132065	47176	30425	20346	89778	57733	103721	24444	64777	163571	87014	75380	103314	23000	45356	53286	37999	148041	115822	77810	99577	78809	117323	116202	53815	33157	73572	90950	171544	20987	123935	24316	40492	88968	137821	16229	60516	90025	97446	109556	27042	67712	43359	119029	57763	45140	44868	84575	52542	139636	64021	75879	21568	161280	100614	74189	131035	15896	25875	113513	29493	95899	135052	26274	116424	67713	19554	152133	34025	118811	75844	112764	51409	31093	85993	112001	146329	97001	46750	54796	69559	51714	74484	33369	48170	17085	99316	50091	79756	111222	76201	143091	122663	
56828	59775	63212	42313	64871	52750	91944	0	81282	27922	18558	90008	102794	55564	48721	52139	84126	100141	74188	25461	64334	69571	100553	82394	20772	39445	36521	85867	38690	106521	17059	47994	36114	110678	64532	40876	125677	87822	55603	15260	36732	32694	57104	59715	51008	122060	27997	24745	88993	108665	66381	91708	128170	15404	77603	105132	46395	12800	28440	52002	115945	151647	131037	40262	141698	102727	67263	15569	114954	79417	61167	23202	110471	83689	40395	28074	53443	103573	104008	55960	92455	28699	57460	72840	47418	27711	72704	95083	59336	58593	32203	35172	135344	119996	28814	34409	83612	29801	69145	73850	57624	74109	25866	63663	75129	90144	39097	67117	27512	31456	22100	65499	45071	
27634	42521	32896	45968	27389	96253	10976	81282	0	98952	63537	21446	26091	63780	36693	101382	50756	149384	16304	60600	121089	36200	36225	9371	78803	46757	92745	21538	53801	152595	76039	64405	92339	33975	34380	42310	48975	137066	104846	66835	88601	67833	106347	105227	42840	44133	62597	79974	160568	31962	112959	13340	51468	77993	126846	27205	49540	79050	86471	98580	38017	78687	54334	108054	68739	34165	33892	73599	50626	128660	53046	64903	32543	150305	89638	63213	120059	26871	36851	102538	18517	84924	124076	15299	105449	56737	8579	141157	23050	107836	64868	101788	62385	42069	75017	101025	135354	86025	35774	43821	58583	40739	63509	22394	37195	28061	88340	39115	68781	100246	65225	132115	111687	
74812	77758	81195	60297	82855	31925	109928	27922	98952	0	30643	107913	120698	73469	66626	53130	93174	93340	92092	37546	43446	87476	118458	100299	36544	57350	39262	103772	55618	85632	25883	64921	30538	128583	82437	58780	143582	81022	48802	27346	40454	44338	50303	38891	68913	139965	45902	32513	68104	126570	45556	109613	146075	20960	70802	123037	64300	15121	44212	31177	133849	169552	148942	35875	159603	120632	85168	31341	132859	72616	78095	40130	128376	62800	41386	40159	32554	121478	121913	35135	110359	31440	36572	90745	44004	38865	90608	74194	77241	51792	49131	14284	153249	137901	45742	13521	62724	32542	87050	91755	75529	92014	43771	81568	93034	108048	39770	85022	34943	18736	40005	44611	24183	
39396	42343	45780	27598	47439	54744	74512	18558	63537	30643	0	72490	85276	38046	31203	60050	66608	108052	56670	6903	74080	52053	83035	64876	28682	21927	39048	68349	25356	116266	19772	38427	38641	93160	47015	23358	108160	95733	63514	3298	44643	14136	65014	63894	33490	104543	17077	26277	98739	91147	71627	74190	110652	27873	85513	87614	28878	15513	36350	57248	98427	134129	113519	42789	124180	85209	49745	23479	97436	87328	45619	26665	92953	93435	48306	9516	63189	86056	86490	61205	74937	31226	67206	55323	55329	8221	55186	104829	41819	66503	40113	44918	117827	102478	36725	44155	94021	32328	51627	56332	40107	56591	14947	46146	57611	72626	47008	49600	15083	34168	8824	75245	54817	
36792	50961	51427	54693	45920	104979	32421	90008	21446	107913	72490	0	36602	53049	45405	110094	39003	158096	34835	69312	129801	31260	51912	27902	87514	55469	101457	40069	62513	140843	84751	73116	101050	44486	41648	51022	59486	145777	113558	75546	97313	76545	115059	113939	51552	45300	71309	88686	148816	42474	121671	10123	61979	86705	135558	23646	58252	87762	95182	107292	39184	89198	64845	96301	79250	12719	33780	82311	69157	137372	61758	73615	33710	159017	98350	71925	128771	37382	14000	111250	2929	93636	132788	33830	114161	65449	27110	129405	34691	116548	73580	110500	72896	43236	83729	109737	144066	94737	31028	32068	63245	28986	72221	40817	16231	38572	97052	57647	77492	108958	73937	140827	120399	
46615	58253	48627	67479	43120	117765	15116	102794	26091	120698	85276	36602	0	86944	59857	124547	77487	172549	32053	83764	144254	62932	26010	29112	101967	69921	115910	20028	76966	179327	99203	87569	115503	18433	59518	65475	33433	160230	128011	89999	111766	90998	129511	128391	66004	29847	85761	103139	178773	16420	136124	39394	35926	101157	150010	12919	72705	102214	109635	121745	23731	63145	38792	119651	53196	46384	60624	96764	48126	151825	76210	88067	18257	173469	112803	86378	143223	11329	22564	125702	39493	108088	147241	38546	128613	79902	34632	167889	49104	131000	88033	124953	46843	27783	98182	124190	158518	109190	62506	70552	81748	67471	86673	48447	52795	12670	111505	54865	91945	123411	88389	155280	134852	
39639	42586	46023	36661	47682	79373	74755	55564	63780	73469	38046	53049	86944	0	31442	84675	31585	132677	56908	35105	104382	33560	83274	65115	53308	22166	67250	68588	42037	133424	50544	55108	66844	93398	47253	23596	108398	120358	88139	41340	69268	42338	89640	88519	33729	98347	37102	54479	130114	91386	96252	62688	110891	52498	110138	76694	23746	53555	60976	81873	92232	134367	113757	70992	124419	65766	41943	48105	97675	111953	45857	43346	86758	124810	72931	37718	94564	86294	67048	85830	55494	59429	98581	56358	79954	31242	56221	121987	42854	91128	55572	76293	118065	96283	53460	75530	118646	60530	39191	21242	13152	26072	38014	46384	38169	72864	71633	49838	43286	74751	39730	106621	86192	
12552	15499	18936	13406	20595	63692	47668	48721	36693	66626	31203	45405	59857	31442	0	69023	37047	117025	29969	28241	88730	22317	56334	36403	46443	14398	60386	41648	21442	138887	43680	32046	59979	66459	13239	9832	81459	104706	72487	34475	56242	35474	73988	72868	10481	77841	30238	47615	123250	64446	80600	45320	83951	45634	94487	60913	13375	46691	54111	66221	71726	107428	86818	64128	97479	55648	19276	41240	70735	96301	21262	32544	66252	117946	57279	30854	87700	59355	56929	70179	45376	52565	91717	26452	73090	24378	26316	127449	12948	75477	32509	69429	91126	75777	42658	68666	102995	53666	22066	30112	22418	27031	31150	18042	28050	45925	55981	22899	36422	67887	32866	99756	79328	
77242	80188	83625	55608	85285	27033	112358	52139	101382	53130	60050	110094	124547	84675	69023	0	104392	72048	94453	58659	48429	89837	120819	102660	33517	68549	92383	106133	49951	92068	64012	53970	83659	130944	84798	69979	145943	59729	32187	63336	25404	65893	29011	32567	65208	142326	57101	71698	81589	128931	40299	111974	148436	46933	49509	125398	75499	68242	27277	25921	136210	171913	151303	88996	161964	122993	87529	36552	135220	51324	67143	42312	130737	69888	14014	61273	58630	123839	124274	29878	112721	84561	57721	93106	34392	56814	92970	100270	79602	30499	38179	52691	155610	140262	37372	46443	62694	85662	89411	102954	86728	94375	54970	83929	95395	110410	19726	87383	66840	71857	51204	65760	36830	
30910	45079	43285	48811	38225	99097	61731	84126	50756	93174	66608	39003	77487	31585	37047	104392	0	138172	48917	63428	136619	25376	75282	52262	81630	49585	86766	60596	56629	101840	81925	67233	75974	85407	35764	45138	100407	139893	107674	69662	91429	70661	109175	108055	45668	84301	65425	82575	109813	83394	115787	48642	102899	80821	129674	62647	52368	93092	89298	101408	78185	126376	105766	57298	116427	51720	27896	76427	89683	131488	55874	67731	72711	118715	92466	66041	108990	78303	53001	105366	41448	77055	129745	42311	108277	59565	42175	90402	28807	110664	67696	107457	110074	82236	77845	106694	130741	80330	25144	10596	41772	15301	66337	34933	24122	64873	91168	49558	71609	89696	68053	115366	117356	
125243	128190	131627	103610	133287	67244	160360	100141	149384	93340	108052	158096	172549	132677	117025	72048	138172	0	142530	106736	43046	137914	168896	150737	81594	116626	132691	154210	98028	42349	119312	102047	123968	179020	132875	118056	194020	24005	50993	111413	73481	113970	47988	62381	113285	190403	105178	125943	31870	177008	45153	160051	196513	102877	27537	173475	123576	108551	75354	66229	184287	219990	199379	129305	210041	171070	135606	84629	183297	23101	115220	90389	178814	21373	65040	109350	66942	171916	172351	55369	160797	124870	46734	141183	79412	104891	141046	69971	127679	45468	86256	75706	203687	188339	85449	68909	22028	125971	137488	151031	134805	142452	103047	132006	143472	158486	67803	135460	114917	112166	99281	54774	77139	
18009	29647	20021	38873	14514	89159	27279	74188	16304	92092	56670	34835	32053	56908	29969	94453	48917	142530	0	55141	115630	34308	29795	11636	73343	41298	87286	15109	48342	150703	70579	58945	86879	39919	30894	36851	54919	131606	99387	61375	83142	62374	100888	99768	37381	51302	57138	74515	150150	37906	107500	26729	57412	72533	121387	34374	44081	73590	81011	93121	45186	80888	60278	91028	70940	47554	32000	68140	44196	123201	47586	59444	39712	144846	84179	57754	114600	32815	44020	97078	31906	79464	118617	9922	99989	51278	13748	139265	23641	102376	59409	96329	64586	49238	69558	95566	129895	80566	33882	41929	53124	38847	58050	23873	39867	19385	82881	26241	63321	94787	59766	126656	106228	
36459	39406	42843	24662	44503	53365	71576	25461	60600	37546	6903	69312	83764	35105	28241	58659	63428	106736	55141	0	78378	49116	80099	61940	27303	18991	32964	65412	22420	121638	16258	35491	32557	90223	44078	20421	105223	94354	62135	10200	43264	8052	63635	62515	30554	101606	14140	20193	104110	88210	70248	71253	107716	26494	84134	84678	25941	22416	34971	55869	95490	131192	110582	36706	121244	82272	46808	22100	94500	85949	42682	23728	90016	98806	46927	2613	68560	83119	83554	59826	72000	25143	72577	52386	53950	5285	52249	110200	38882	65124	35954	50289	114890	99542	35346	49526	92642	26244	48690	53396	37170	53655	12010	43209	54675	69689	45629	46663	8999	40465	9508	80616	60188	
96948	99895	103332	75314	104992	27590	132065	64334	121089	43446	74080	129801	144254	104382	88730	48429	136619	43046	115630	78378	0	109568	140551	122391	53249	88280	82644	125864	69683	51934	69265	73701	73920	150675	104530	89711	165675	32028	21052	70727	36119	85624	39987	22851	84940	162058	76832	75895	41454	148662	8130	131705	168167	52893	45942	145130	95231	58503	47008	22509	155942	191644	171034	79257	181696	142724	107260	56283	154951	41505	86875	62044	150468	29754	36694	81004	28254	143571	144006	18346	132452	74822	10876	112838	39669	76546	112701	69894	99334	41476	57910	37019	175342	159993	57104	30222	22560	75923	109142	122685	106460	114107	74702	103661	115126	130141	35435	107115	78324	62118	70935	18915	23809	
16355	30524	28730	34256	23670	84542	47176	69571	36200	87476	52053	31260	62932	33560	22317	89837	25376	137914	34308	49116	109568	0	60729	37709	67077	35032	81020	46043	42076	127218	64313	52679	80613	70854	10909	30585	85853	125340	93121	55109	76876	56108	94622	93502	31115	76560	50872	68249	135191	68841	101234	40901	88346	66268	115121	54906	37815	67324	74745	86855	70444	111823	91213	82676	101874	43979	5700	61874	75130	116935	41321	53178	64971	138580	77913	51488	108334	63750	45260	90813	33707	73199	112351	27758	93724	45012	27622	115780	14254	96111	53143	90063	95521	74496	63292	89300	123629	74300	10591	18443	43756	7487	51784	20380	16381	50320	76615	35005	57055	88521	53500	120390	99962	
44374	56012	46387	65238	40880	115524	30425	100553	36225	118458	83035	51912	26010	83274	56334	120819	75282	168896	29795	80099	140551	60729	0	26852	99707	67661	113649	24617	74706	177067	96943	85309	113243	33874	57258	63215	48874	157970	125750	87739	109506	88737	127251	126131	63744	45256	83501	100879	176513	31861	133863	46648	37029	98897	147750	28328	70444	99954	107375	119485	39141	57317	37777	117391	47368	61793	58364	94504	20624	149564	73950	85807	33667	171209	110542	84117	140963	26770	37974	123442	51825	105828	144980	36285	126353	77641	36036	165629	48510	128740	85773	122693	41015	43192	95921	121929	156258	106929	60246	68292	79487	65210	84413	47854	66230	13340	109244	52605	89685	121150	86129	153020	132591	
26215	37853	28228	47079	22721	97365	20346	82394	9371	100299	64876	27902	29112	65115	36403	102660	52262	150737	11636	61940	122391	37709	26852	0	81550	49504	95492	12168	56549	154104	78786	67152	95086	36979	35889	45058	51978	139813	107593	69582	91349	70580	109094	107974	45587	48361	65344	82722	162077	34966	115706	19796	54471	80740	129593	31433	52287	81797	89218	101328	42245	77948	57338	99234	67999	40621	35401	76347	41255	131407	55793	67650	36772	153052	92385	65960	122806	29874	41079	105285	24973	87671	126823	12201	108196	59484	10881	142666	24558	110583	67616	104536	61645	46297	77764	103772	138101	88772	37283	45329	61330	42247	66256	23902	43651	16445	91087	34448	71528	102993	67972	134863	114434	
54662	57609	61045	35726	62705	28223	89778	20772	78803	36544	28682	87514	101967	53308	46443	33517	81630	81594	73343	27303	53249	67077	99707	81550	0	37200	52125	83622	35468	110728	32663	44772	51718	108433	62287	38631	123432	69219	37000	31987	18129	34544	38501	37380	48763	119815	25752	40349	93200	106420	45113	89463	125925	15584	58999	102887	44150	28404	9837	30734	113700	149402	128792	55866	139453	100482	65018	5203	112709	60814	57945	19980	108226	74702	21792	29924	57650	101328	101763	34691	90210	44303	61668	70595	28815	25466	70459	99290	57091	39989	28981	39380	133099	117751	12767	38617	67507	45404	66900	71605	55379	71864	23621	61418	72884	87899	20494	64872	35491	47059	19855	69707	41643	
22616	25563	29000	19638	30660	63254	57733	39445	46757	57350	21927	55469	69921	22166	14398	68549	49585	116626	41298	18991	88280	35032	67661	49504	37200	0	51131	51565	25918	131523	34425	38271	50725	76376	30230	6574	91375	104239	72020	25221	53149	26219	73520	72400	16706	87758	20983	38360	113995	74363	80133	57406	93868	36379	94019	70830	12094	37436	44857	65754	81643	117345	96735	54873	107396	68425	32961	31985	80652	95834	28834	27227	76169	108691	56812	21599	78445	69271	69706	69711	58153	43310	82462	38538	63835	15123	38402	120085	25034	75009	38735	60174	101042	85694	37341	59411	102527	44411	34843	40452	24226	39807	21895	29361	40827	55842	55514	32815	27167	58632	23611	90501	70073	
68604	71551	74988	56807	76648	71187	103721	36521	92745	39262	39048	101457	115910	67250	60386	92383	86766	132691	87286	32964	82644	81020	113649	95492	52125	51131	0	97558	54565	119936	20886	67636	27877	122369	76223	52567	137368	120283	88064	35935	67997	33360	89565	78152	62699	133751	46286	14588	107366	120356	84818	103399	139861	46669	110064	116823	58086	30223	59705	70439	127636	163338	142728	29468	153389	114418	78954	46834	126645	111878	74827	54467	122162	102062	80647	35577	71816	115264	115699	74397	104146	9875	75833	84531	83266	37430	84395	108498	71027	91054	63467	53546	147035	131687	60079	52782	101986	7337	80836	85541	69315	85800	44155	75354	86820	101835	79031	78808	23965	35785	41653	83873	63444	
29688	41326	31700	50552	26194	100838	24444	85867	21538	103772	68349	40069	20028	68588	41648	106133	60596	154210	15109	65412	125864	46043	24617	12168	83622	51565	97558	0	60021	162383	82259	70625	98559	27892	42574	48530	42892	143286	111066	73055	94821	74053	112567	111447	49060	39275	68817	86194	161829	25879	119179	31964	45385	84213	133066	22347	55760	85270	92691	104800	33159	72604	48251	102707	62656	52788	43680	79819	39020	134880	59266	71123	27685	156525	95858	69433	126279	20788	31993	108758	37141	91144	130296	21601	111669	62957	21352	150945	33826	114056	71088	108008	56302	37211	81237	107245	141574	92245	45562	53608	64803	50526	69729	33169	51546	14210	94560	37920	75001	106466	71445	138335	117907	
29661	32607	36044	8027	37704	44656	64777	38690	53801	55618	25356	62513	76966	42037	21442	49951	56629	98028	48342	22420	69683	42076	74706	56549	35468	25918	54565	60021	0	130841	37854	13001	54154	83390	37244	23218	98389	85661	53442	28650	37197	29648	54943	53823	17654	94772	15792	41789	102844	81377	61555	64420	100882	35697	75442	77844	30448	40865	32923	47176	88657	124359	103749	58302	114410	75439	39975	31303	87666	77256	20941	15488	83183	91144	38234	25028	77763	76286	76720	51134	65167	46739	78976	45552	48674	18552	45416	119403	32048	56432	13464	59492	108056	92708	23764	58729	83950	47840	41857	49903	39491	46821	17923	36375	47841	62856	36936	39829	30596	62061	25319	87015	58086	
132750	146919	145125	134481	140065	73501	163571	106521	152595	85632	116266	140843	179327	133424	138887	92068	101840	42349	150703	121638	51934	127218	177067	154104	110728	131523	119936	162383	130841	0	111504	136968	109114	167827	137574	132954	164826	42697	60485	112967	99386	129959	77060	69365	143086	186111	120075	118134	14062	170468	54644	150452	183053	95133	56610	164457	138473	100742	110275	85776	179995	210272	185919	90438	200324	153530	129706	105514	191493	52173	150142	114303	174521	22964	99961	124247	53066	175559	154811	64860	143258	110195	24763	144121	102936	119789	143985	33669	130617	74541	121177	79258	193970	184046	120370	72461	34990	113470	126954	112406	149702	117111	117944	136743	125932	166683	98702	151368	120564	104357	114178	16724	83123	
51898	54845	58282	40100	59941	57808	87014	17059	76039	25883	19772	84751	99203	50544	43680	64012	81925	119312	70579	16258	69265	64313	96943	78786	32663	34425	20886	82259	37854	111504	0	50929	20479	105662	59517	35860	120662	106905	74685	16474	48535	16653	76186	64774	45992	117045	29579	9110	93987	103649	71439	86692	123154	27207	96685	100116	41380	10762	40243	57060	110929	146631	126021	24627	136682	97711	62247	27372	109938	98499	58121	35005	105455	88683	52198	18871	58437	98558	98992	61018	87439	13064	62455	67825	59221	20723	67688	100077	54321	77675	44006	40167	130329	114980	40617	39404	88607	14165	64129	68834	52609	69093	27449	58648	70113	85128	50900	62102	7258	28386	24946	70494	50066	
40264	43211	46648	18630	48307	48675	75380	47994	64405	64921	38427	73116	87569	55108	32046	53970	67233	102047	58945	35491	73701	52679	85309	67152	44772	38271	67636	70625	13001	136968	50929	0	67225	93993	47848	33822	108993	88789	56569	41721	40324	42719	58070	56950	28257	105376	28863	54860	105971	91980	64682	75023	111485	44109	78569	88447	41051	54629	36050	50303	99260	134962	114352	71373	125013	86042	50578	39715	98269	80383	19649	28402	93786	94271	41361	38099	83013	86889	87323	54261	75770	59810	82103	56155	51801	31623	56019	124652	42652	59559	16135	67904	118660	103311	26891	67141	87077	60911	52460	60506	50094	57424	30994	46979	58444	73459	40063	50433	43667	73284	38390	90143	61213	
68198	71145	74581	56400	76241	62463	103314	36114	92339	30538	38641	101050	115503	66844	59979	83659	75974	123968	86879	32557	73920	80613	113243	95086	51718	50725	27877	98559	54154	109114	20479	67225	0	121962	75816	52160	144481	111560	79341	35529	70992	32953	80842	69429	62292	133344	45879	21128	98643	119949	76095	102992	139454	51498	101340	116416	57680	30457	59298	61716	127229	162931	142321	18676	152982	114011	78547	46427	126238	103155	74421	54060	121755	93339	71924	35171	63093	114858	115292	65673	103739	17681	67110	84124	74542	37023	83988	97706	70620	82330	63061	44822	146629	131280	59672	44059	93262	21157	80429	86570	68908	91275	43748	74947	86413	101428	70308	78401	23558	27061	41246	75149	54721	
54499	66137	56511	75363	51005	125649	23000	110678	33975	128583	93160	44486	18433	93398	66459	130944	85407	179020	39919	90223	150675	70854	33874	36979	108433	76376	122369	27892	83390	167827	105662	93993	121962	0	67402	73359	14371	168114	135895	97883	119650	98882	137395	136275	73888	37731	93645	111023	175673	2013	144008	47278	17492	109041	157894	20803	80589	110098	117519	129629	31615	44712	20359	128580	34763	54268	68508	104648	33897	159709	84094	95951	26141	181353	120687	94262	151108	7104	30448	133586	47377	115972	155125	46430	136497	87786	42516	156263	56988	138884	95917	132837	28410	35667	106066	132074	166402	117074	70390	78437	89632	75355	94557	56331	60679	20554	119389	62749	99829	131295	96273	163164	142736	
12941	25486	25316	29218	20256	79503	45356	64532	34380	82437	47015	41648	59518	47253	13239	84798	35764	132875	30894	44078	104530	10909	57258	35889	62287	30230	76223	42574	37244	137574	59517	47848	75816	67402	0	25534	82425	120289	88070	50058	71825	51057	89571	88450	26064	78808	45820	63198	138833	65413	96183	44815	84918	61216	110069	61880	26111	62273	69694	81804	72692	108395	87785	79711	98446	54367	7868	56823	71702	111884	36269	48127	67219	133528	72862	46437	103283	60321	55649	85761	44095	68147	107300	25948	88672	39961	25811	126168	12444	91059	48092	85012	92092	76744	58241	84249	118578	69249	20785	28832	35154	18397	46733	17537	26770	46892	71564	31577	52004	83470	48449	115339	94911	
18170	21116	24553	15192	26213	64685	53286	40876	42310	58780	23358	51022	65475	23596	9832	69979	45138	118056	36851	20421	89711	30585	63215	45058	38631	6574	52567	48530	23218	132954	35860	33822	52160	73359	25534	0	86928	105669	73450	26651	54579	27649	74950	73830	12259	83311	22413	39790	115425	69915	81563	52958	89421	37809	95449	66383	9356	38866	46287	67184	77195	112897	92287	56303	102949	63977	28513	33415	76205	97264	24387	28657	71721	110121	58242	23029	79875	64824	65259	71141	53705	44740	83892	34091	65265	16553	33954	121515	20587	76439	34287	61604	96595	81247	38771	60841	103957	45841	30395	38442	18399	35360	23325	24914	36380	51394	56944	28368	28597	60062	25041	91931	71503	
69499	81137	71511	90363	66004	140648	37999	125677	48975	143582	108160	59486	33433	108398	81459	145943	100407	194020	54919	105223	165675	85853	48874	51978	123432	91375	137368	42892	98389	164826	120662	108993	144481	14371	82425	86928	0	183114	150894	112883	134650	113881	152395	151275	88888	52730	108645	126022	172673	17013	159007	62277	29597	124041	172894	35802	95588	125098	132519	144629	46615	56817	32464	125579	46868	69267	83508	119648	46001	174708	99094	110951	41141	181575	135686	109261	166107	22104	45448	148586	62377	130972	170124	61429	151497	102785	57516	153262	71987	153884	110917	147836	40514	50666	121065	147073	181402	132073	85390	93436	104631	90354	109557	71331	75679	35553	134388	77749	114829	146294	111273	178164	157735	
112925	115872	119308	91291	120968	54925	148041	87822	137066	81022	95733	145777	160230	120358	104706	59729	139893	24005	131606	94354	32028	125340	157970	139813	69219	104239	120283	143286	85661	42697	106905	88789	111560	168114	120289	105669	183114	0	39965	99024	61092	101580	35598	49992	100895	178013	92788	113553	32089	164618	34125	147661	184123	90488	15148	161085	111187	96161	62964	53840	171898	207600	186990	116915	197651	158680	123216	72239	170907	10711	102831	78000	166424	21593	52650	96960	56990	159527	159961	44341	148408	112480	45614	128793	67023	92502	128657	70191	115289	33078	73866	65754	191298	175949	73059	58957	11001	113581	125098	138641	122415	130062	90657	119617	131082	146097	55414	123071	102527	99776	86891	53654	52545	
80705	83652	87089	59072	88749	22706	115822	55603	104846	48802	63514	113558	128011	88139	72487	32187	107674	50993	99387	62135	21052	93121	125750	107593	37000	72020	88064	111066	53442	60485	74685	56569	79341	135895	88070	73450	150894	39965	0	67147	29215	69703	18935	16934	69019	146137	60911	81676	49402	132741	23159	115784	152247	58611	39434	129209	79310	64284	31087	21963	140021	175723	155113	85038	165775	126803	91339	40363	139031	41248	70954	46123	134547	37702	20773	65083	46024	127650	128085	22622	116531	80603	45115	96917	35146	60625	96780	87664	83413	20424	41990	48733	159421	144073	41183	42485	30508	81705	93221	106765	90539	98186	58781	87740	99206	114220	23537	91194	70651	67899	55014	53154	32872	
42694	45641	49077	30896	50737	59270	77810	15260	66835	27346	3298	75546	89999	41340	34475	63336	69662	111413	61375	10200	70727	55109	87739	69582	31987	25221	35935	73055	28650	112967	16474	41721	35529	97883	50058	26651	112883	99024	67147	0	47940	17434	68312	66227	36788	107840	20375	24160	95441	94445	72893	77488	113950	25408	88811	90912	32176	12215	39648	58514	101725	137427	116817	39677	127478	88507	53043	26777	100734	90625	48917	29963	96251	90137	51604	12814	59891	89354	89788	62471	78235	28114	63908	58620	58627	11519	58484	101531	45116	69801	43411	41620	121125	105776	40023	40857	90060	29215	54925	59630	43404	59889	18244	49443	60909	75924	50306	52897	18381	30870	12122	71947	51519	
64461	67407	70844	42827	72504	8529	99577	36732	88601	40454	44643	97313	111766	69268	56242	25404	91429	73481	83142	43264	36119	76876	109506	91349	18129	53149	67997	94821	37197	99386	48535	40324	70992	119650	71825	54579	134650	61092	29215	47940	0	50504	32736	21324	52500	129618	41712	56309	71551	116223	27989	99266	135728	31544	53235	112690	60111	44364	11888	13610	123503	159205	138595	76329	149256	110285	74821	21163	122512	55049	54435	26924	118029	59850	13624	45884	46320	111132	111566	17568	100013	60263	45410	80398	9944	41426	80262	87959	66894	34225	25471	40024	142903	127554	23093	34133	52656	61365	76703	87565	71339	81667	39581	71221	82687	97702	11246	74675	51451	59190	35815	53450	24520	
43692	46639	50076	31895	51736	60598	78809	32694	67833	44338	14136	76545	90998	42338	35474	65893	70661	113970	62374	8052	85624	56108	88737	70580	34544	26219	33360	74053	29648	129959	16653	42719	32953	98882	51057	27649	113881	101580	69703	17434	50504	0	70869	69748	37787	108839	21374	20589	112442	95444	77481	78487	114949	33727	91367	91911	33174	30610	42205	63102	102723	138426	117815	37101	128477	89506	54042	29334	101733	93182	49915	30961	97249	107138	54160	10665	76892	90352	90787	67059	79233	25538	80910	59619	61183	12518	59482	118532	46115	72357	43188	58622	122123	106775	42579	57858	99875	26640	55924	60629	44403	60888	19243	50442	61908	76922	52862	53896	9395	40861	16741	88949	68520	
82206	85153	88590	60572	90250	24207	117323	57104	106347	50303	65014	115059	129511	89640	73988	29011	109175	47988	100888	63635	39987	94622	127251	109094	38501	73520	89565	112567	54943	77060	76186	58070	80842	137395	89571	74950	152395	35598	18935	68312	32736	70869	0	19275	70178	147297	62071	82836	66421	133901	32403	116944	153406	59771	25380	130369	80470	65444	32247	23123	141181	176883	156273	86198	166934	127963	92499	41522	140190	27194	72114	47283	135707	55924	21933	66243	55832	128810	129244	27080	117691	81763	54923	98077	36306	61785	97940	97472	84573	6370	43149	49893	160581	145232	42343	43645	45332	82864	94381	107924	91699	99345	59941	88900	100365	115380	24697	92354	71811	69059	56174	62962	34032	
81086	84033	87470	59452	89129	12794	116202	59715	105227	38891	63894	113939	128391	88519	72868	32567	108055	62381	99768	62515	22851	93502	126131	107974	37380	72400	78152	111447	53823	69365	64774	56950	69429	136275	88450	73830	151275	49992	16934	66227	21324	69748	19275	0	69036	146154	60929	71404	58282	132759	14721	115802	152264	48339	39932	129226	79327	54012	31105	7713	140039	175741	155131	74766	165792	126821	91357	40380	139048	41747	70971	46140	134565	46582	20791	65101	39177	127667	128102	7280	116549	70331	38268	96934	24874	60642	96798	80817	83430	20922	42007	33929	159438	144090	41200	26990	39388	71432	93239	106782	90556	98203	58798	87757	99223	114238	20639	91211	73833	57627	55032	46307	17377	
18699	21646	25083	9627	26742	59913	53815	51008	42840	68913	33490	51552	66004	33729	10481	65208	45668	113285	37381	30554	84940	31115	63744	45587	48763	16706	62699	49060	17654	143086	45992	28257	62292	73888	26064	12259	88888	100895	69019	36788	52500	37787	70178	69036	0	83811	27666	49921	125555	70415	76812	53458	89921	47939	90699	66883	19487	48996	47387	62433	77695	113397	92787	66433	103449	64477	29013	43546	76704	92513	22194	28756	72221	106401	53491	33160	90005	65324	65759	66390	54205	54870	94023	34591	63930	26684	34454	131645	21087	71688	28721	71735	97095	81747	38870	70972	99207	55972	30895	38942	28530	35860	29797	25414	36880	51894	52193	28868	38727	70193	35171	102062	73343	
65881	77520	67894	86746	62387	137031	33157	122060	44133	139965	104543	45300	29847	98347	77841	142326	84301	190403	51302	101606	162058	76560	45256	48361	119815	87758	133751	39275	94772	186111	117045	105376	133344	37731	78808	83311	52730	178013	146137	107840	129618	108839	147297	146154	83811	0	104946	122323	194115	35755	155308	55423	55261	120341	169195	21654	91889	121398	128819	140929	16407	82480	58127	141601	72532	55119	79080	115948	67311	171009	95394	107252	11590	192654	131987	105562	162408	30664	31300	144886	48229	127272	166425	57730	147798	99086	52712	174705	67183	150184	107217	144137	66178	20458	117366	143374	177703	128374	76328	77368	100932	74286	105858	66527	61530	31854	130689	74049	111129	142595	107574	174464	154036	
38456	41403	44840	18039	46499	51806	73572	27997	62597	45902	17077	71309	85761	37102	30238	57101	65425	105178	57138	14140	76832	50872	83501	65344	25752	20983	46286	68817	15792	120075	29579	28863	45879	93645	45820	22413	108645	92788	60911	20375	41712	21374	62071	60929	27666	104946	0	33515	102551	90203	64093	73246	109708	24935	77979	86670	27933	35455	28817	49714	97482	133185	112575	50027	123236	84265	48801	20542	96492	79794	36804	10185	92009	97247	40772	16754	67001	85111	85546	53671	73993	38464	71018	54378	47795	12295	54242	108641	40874	58969	23688	48730	116882	101534	20299	47967	86487	39566	50683	55388	39162	55647	2131	45201	56667	71682	39474	48655	22321	54110	12167	79058	58629	
55834	58780	62217	44036	63877	64438	90950	24745	79974	32513	26277	88686	103139	54479	47615	71698	82575	125943	74515	20193	75895	68249	100879	82722	40349	38360	14588	86194	41789	118134	9110	54860	21128	111023	63198	39790	126022	113553	81676	24160	56309	20589	82836	71404	49921	122323	33515	0	100618	107585	78070	90628	127090	34893	103315	104052	45315	18448	47929	63691	114865	150567	129957	25277	140618	101647	66183	35058	113874	105130	62056	43102	109391	95314	73899	22806	65068	102493	102928	67648	91375	6767	69085	71760	66908	24659	71624	106708	58256	84305	51692	46797	134264	118916	48304	46034	95237	7868	68065	72770	56544	73029	31384	62583	74049	89064	58587	66037	11194	29036	28882	77124	56696	
131468	134415	137852	116953	139511	63021	171544	88993	160568	68104	98739	148816	178773	130114	123250	81589	109813	31870	150150	104110	41454	135191	176513	162077	93200	113995	107366	161829	102844	14062	93987	105971	98643	175673	138833	115425	172673	32089	49402	95441	71551	112442	66421	58282	125555	194115	102551	100618	0	178472	45196	158455	191056	76378	47477	172461	119719	81987	82124	59574	187999	218276	193923	98442	208327	161533	137710	86759	188277	43041	121990	95548	182525	13940	71810	105492	61070	183563	162815	55412	151261	98306	31531	152125	76735	101034	151988	41672	138621	65408	93026	60503	201973	192050	92219	53706	25542	99408	134958	120410	130947	125115	99189	144746	133936	163467	72500	140440	101809	85603	95423	19503	60431	
52486	64124	54498	73350	48992	123636	20987	108665	31962	126570	91147	42474	16420	91386	64446	128931	83394	177008	37906	88210	148662	68841	31861	34966	106420	74363	120356	25879	81377	170468	103649	91980	119949	2013	65413	69915	17013	164618	132741	94445	116223	95444	133901	132759	70415	35755	90203	107585	178472	0	141995	45265	19505	107028	155881	18790	78576	108085	115506	127616	29602	46725	22372	131221	36776	52255	66495	102635	35910	157696	82081	93939	24128	179340	118674	92249	149095	5091	28436	131573	45365	113959	153112	44417	134484	85773	40503	158904	54975	136871	93904	130824	30423	33654	104053	130061	164389	115061	68377	76424	87619	73342	92544	54318	58666	18541	117376	60736	97816	129282	94260	161151	140723	
88818	91765	95202	67184	96862	19460	123935	66381	112959	45556	71627	121671	136124	96252	80600	40299	115787	45153	107500	70248	8130	101234	133863	115706	45113	80133	84818	119179	61555	54644	71439	64682	76095	144008	96183	81563	159007	34125	23159	72893	27989	77481	32403	14721	76812	155308	64093	78070	45196	141995	0	123575	160037	55004	48049	137000	87101	60678	38878	14379	147812	183514	162904	81432	173566	134594	99130	48154	146821	43612	78745	53914	142338	31861	28564	72874	33102	135441	135876	10216	124322	76997	32193	104708	31539	68416	104571	74742	91204	34050	49780	40595	167212	151864	48974	33656	24667	78098	101012	114555	98330	105977	66572	95531	106997	122011	27305	98985	80499	64293	62805	40232	24043	
38059	52947	43321	56393	37814	106679	24316	91708	13340	109613	74190	10123	39394	62688	45320	111974	48642	160051	26729	71253	131705	40901	46648	19796	89463	57406	103399	31964	64420	150452	86692	75023	102992	47278	44815	52958	62277	147661	115784	77488	99266	78487	116944	115802	53458	55423	73246	90628	158455	45265	123575	0	64808	88418	137271	33769	59965	89475	96896	109006	49307	92027	67674	105942	82079	22842	43421	84025	61051	139086	63471	75328	43833	160730	100064	73639	130484	40211	24123	112963	7194	95349	134502	25724	115874	67163	19004	139046	33475	118261	75294	112214	75725	53359	85443	111451	145779	96450	40669	41709	72886	38627	73934	32819	25872	36241	98766	49541	79206	110671	75650	142541	122112	
71991	83629	74004	92855	68497	143141	40492	128170	51468	146075	110652	61979	35926	110891	83951	148436	102899	196513	57412	107716	168167	88346	37029	54471	125925	93868	139861	45385	100882	183053	123154	111485	139454	17492	84918	89421	29597	184123	152247	113950	135728	114949	153406	152264	89921	55261	109708	127090	191056	19505	160037	64808	0	129713	178566	38295	101260	130770	138190	150300	49107	27220	8165	143805	17271	71760	89180	125319	16404	180380	104766	116623	43634	202025	141358	114933	171779	24597	47941	154258	64870	136644	175796	67101	157169	108457	60009	171488	74480	159556	116588	153508	10917	53159	126737	152745	187074	137745	91062	99108	110303	96026	115229	73824	78172	38046	140060	83420	120501	151966	116945	183835	163407	
53852	56799	60236	39337	61895	41373	88968	15404	77993	20960	27873	86705	101157	52498	45634	46933	80821	102877	72533	26494	52893	66268	98897	80740	15584	36379	46669	84213	35697	95133	27207	44109	51498	109041	61216	37809	124041	90488	58611	25408	31544	33727	59771	48339	47939	120341	24935	34893	76378	107028	55004	88418	129713	0	80250	102077	43341	22948	23252	40626	112890	148592	127982	56835	138643	99672	64208	10381	111899	82065	57135	19170	107416	72312	35207	29114	42066	100519	100953	44583	89400	38847	46083	69785	42231	24656	69649	83706	56281	61240	28171	23796	132290	116941	24783	23032	72236	39948	66090	70795	54569	71054	22811	60608	72074	87089	33909	64062	34682	39696	19045	54123	33694	
102705	105652	109089	81071	110748	44706	137821	77603	126846	70802	85513	135558	150010	110138	94487	49509	129674	27537	121387	84134	45942	115121	147750	129593	58999	94019	110064	133066	75442	56610	96685	78569	101340	157894	110069	95449	172894	15148	39434	88811	53235	91367	25380	39932	90699	169195	77979	103315	47477	155881	48049	137271	178566	80250	0	150866	100967	85941	52744	43620	161678	197380	176770	106695	187432	148460	112996	62020	160688	6742	92611	67780	156204	35472	42430	86740	76329	149307	149742	47577	138188	102260	59494	118574	56803	82282	118437	84070	105070	22859	63647	70390	181078	165730	62840	64142	24880	103362	114878	128422	112196	119843	80438	109397	120863	135877	45194	112851	92308	89556	76671	67533	54529	
48953	60591	50966	69817	45459	120103	16229	105132	27205	123037	87614	23646	12919	76694	60913	125398	62647	173475	34374	84678	145130	54906	28328	31433	102887	70830	116823	22347	77844	164457	100116	88447	116416	20803	61880	66383	35802	161085	129209	90912	112690	91911	130369	129226	66883	21654	86670	104052	172461	18790	137000	33769	38295	102077	150866	0	74961	104470	111891	124001	15538	65552	41199	119947	55604	33465	57426	99020	50383	154081	78466	90324	10064	175726	115059	88634	145480	13736	9646	127958	26575	110344	149497	40802	130869	82158	35784	153051	50255	133256	90289	127209	49250	19590	100438	126446	160775	111446	54675	55714	84004	52632	88930	49599	39877	14926	113761	57121	94201	125667	90646	157536	137108	
