//--------------------------------------------------------------------------------------------------------------------
//-- données sur le VAUCLUSE récupérés par le géocodeur (matrice symétrique)
//-- 
//-- C. Duhamel, P. Lacomme C. Prodhon - juillet 2009 : 2700 kg à collecter, flotte de capa 4000
//--------------------------------------------------------------------------------------------------------------------
104 4 999999 0 0 0
10 50 135 1.2
10 100 165 1.2
15 100 185 1.6
5 200 250 1.7
0   // la ville qui represente le depot
0	78695	50579	14415	17751	17654	123236	9467	30585	52821	45531	82791	32152	69376	36932	29623	23175	20624	13136	17389	23582	13678	23498	65398	14363	77367	6300	38707	25159	48560	23156	35882	39780	93303	74140	10526	20238	17998	97941	87697	86223	86945	23886	60326	64368	24972	11280	10066	10816	58975	31666	22057	33330	21722	38686	54026	92901	46056	5562	13604	28436	41258	35777	30038	10469	82364	36069	60018	46329	30014	48432	34056	28623	46725	61902	25498	56125	65454	17883	63422	87755	40864	54440	6262	34947	12824	55548	23574	30624	43394	16933	30425	31198	42532	18425	38028	50730	9920	10442	25704	59127	74652	34468	23529	43271	
78695	0	29999	90742	69828	93980	23712	80016	80581	113923	22403	8817	40291	9706	98033	108767	95548	76681	71685	54038	45088	58521	85383	39047	90813	5858	74617	98546	46553	31343	106414	38458	29591	14267	135241	60853	93763	47774	18905	13487	8441	8443	43144	121427	18899	84810	73165	53949	87143	12122	91504	64318	42062	69478	33228	27675	18691	107157	81889	68921	70675	102360	35736	91139	61607	8598	97170	26056	104222	109158	132051	113200	41921	32556	39863	106848	29792	57816	64254	38261	9973	120007	41661	78523	111018	89151	60393	48875	113577	104495	78818	43349	99694	103633	94751	117172	130796	74256	56687	59803	40687	6129	77191	102673	123337	
50579	29999	0	50240	49018	53479	50176	59613	57969	95271	12692	32860	23989	24350	79382	67670	64635	49918	44922	37736	32950	42219	66732	48551	72162	27436	55966	71783	30251	4581	61204	21354	13289	40214	116590	44551	61698	31472	41808	42941	36100	38554	26842	102776	27246	58048	54514	37647	49224	20709	64741	37555	25760	42716	21616	37179	49879	88506	50051	45976	43913	83708	22857	72488	45304	38052	78519	35560	74783	68062	113400	72103	25618	10218	11493	63545	5716	29446	37492	13013	38290	74800	12222	47804	92367	54285	30954	32573	68671	85844	60167	28043	69245	84982	56958	73619	88777	48856	40385	33040	11998	29626	47753	61576	81318	
14415	90742	50240	0	29554	4303	135038	17832	21155	45812	52766	80360	39387	81179	27536	18494	19115	7949	6381	31133	30816	26704	23423	77200	15973	74937	18103	26032	28104	46217	12028	32022	40714	89990	41520	23552	15363	25232	91584	99499	83601	98747	31120	53317	76170	12297	23082	24685	4165	68209	18991	17584	40564	10706	45920	65828	104703	39047	9866	30665	17727	34249	43011	21941	17703	94166	29060	71821	33653	18886	37304	22928	35857	45040	57966	14370	55492	54143	14716	62790	99558	29049	49967	21077	23819	7950	44237	25028	19496	26503	21306	37659	20069	31101	7782	27868	39602	21722	17676	21230	54654	86455	23157	12400	32143	
17751	69828	49018	29554	0	33355	114104	17921	46287	54388	43945	73659	30566	60245	29399	49233	36014	36326	28838	13221	20334	10630	19256	56266	20868	68236	13992	54409	29947	46973	38858	34296	38194	84172	75707	11026	34229	23964	88810	78565	77092	77814	25814	61893	55236	40674	5162	15174	26518	61794	47368	31130	31744	30794	37100	44895	83769	47623	21264	8079	37508	42825	34191	31605	19542	73232	37636	50887	67784	49624	72517	53666	27037	45138	60315	47314	54538	78269	26955	61836	78624	60473	53068	10395	51483	28526	67969	30557	54043	44961	12691	26813	40160	44099	34126	57638	71262	8861	17856	34776	60083	65521	43540	43138	63803	
17654	93980	53479	4303	33355	0	138277	19908	26349	35324	56004	83599	42625	84417	29613	17212	17833	8911	9620	34372	34054	29942	25500	80439	18049	78175	21341	22080	31342	49455	10746	35260	43952	93228	40238	26790	16768	28470	94822	102737	86839	101986	34358	55394	79408	12574	26321	27924	7403	71448	17544	20822	43802	13838	49158	69067	107941	36415	13105	33903	20859	36326	46249	24018	20941	97404	31136	75059	29701	17604	36021	21645	39096	48278	61204	13087	58731	57275	17954	66028	102796	25096	53205	24315	22537	8168	47369	28266	18213	25221	28432	40897	18787	29818	6500	23916	38319	24961	20915	24469	57892	89693	26289	11118	30860	
123236	23712	50176	135038	114104	138277	0	128000	96759	161907	46042	22333	73975	31874	146018	156751	143533	99905	94908	114104	67256	120232	133368	61215	138798	26168	122602	110844	80237	54567	154399	71340	53231	9756	183225	125741	141747	81458	10830	15287	19462	15912	76828	169412	41066	108034	121150	77589	135127	35762	114728	87542	65702	92702	56867	49843	8186	155142	129873	116906	93899	150344	59375	139123	84968	19774	145155	48224	114363	157143	180035	161184	75605	60204	53840	154832	45612	57055	87478	37773	18675	117208	62208	126508	159002	137135	69716	72515	161562	152480	126803	65516	147678	151618	142736	165156	178781	122241	80049	83026	56907	27132	86542	150657	171322	
9467	80016	59613	17832	17921	19908	128000	0	34035	39400	54553	85073	41174	71658	19437	22508	14022	24074	16586	25300	32603	20941	9867	67680	7135	79649	10781	36282	34181	53458	20155	39263	48801	95585	45534	18437	11085	27019	100224	89979	88505	89227	32907	46905	66650	28422	12004	17977	14266	73208	35116	24825	42351	22580	47707	56308	95183	32635	9924	18390	28999	27837	44798	15529	19490	84646	22648	62301	41060	22899	41317	26941	37644	55746	70923	20589	65146	66017	20650	72443	90038	33749	57208	14173	27832	13330	56111	32595	27319	20517	6189	46318	20953	29111	15013	30913	43615	12352	17230	28471	61895	76934	35030	16414	36156	
30585	80581	57969	21155	46287	26349	96759	34035	0	64148	58282	83865	41525	75355	45872	41827	36636	11516	16725	43111	42793	39127	41759	91830	34309	78441	32732	25943	34456	49721	35422	35526	44218	95357	53230	35975	33699	34370	88544	93946	87105	89559	35272	71653	90800	16937	37712	36663	21225	71714	18902	18849	47706	13464	46879	80458	104280	57383	23778	39054	10381	52585	47130	40277	25647	89057	47396	86450	33565	37329	49013	33713	47835	48544	58971	35924	64818	41203	20306	72115	89295	28960	49977	34185	47213	26286	31297	30618	33928	43131	43365	49636	43464	53859	31177	27779	51607	36352	29654	24735	58232	80631	13018	35795	43852	
52821	113923	95271	45812	54388	35324	161907	39400	64148	0	90152	116815	76773	103400	28645	18740	31457	51773	47339	59428	66541	54650	36154	99422	31568	111391	48405	39568	76154	93180	30987	80503	84401	127327	22392	51545	34517	70171	131965	121721	120247	120969	72021	8100	98392	56121	46954	57584	42284	104950	44641	58541	77951	53901	83306	88050	126925	6212	55677	52099	61269	15421	80398	25095	61873	116388	17677	94042	41712	23528	19202	28764	73244	91345	106522	29181	100745	97337	55673	108043	121779	39121	99275	52312	15633	40343	87431	76764	33190	17646	40608	78060	22178	12678	42026	31500	30257	48045	60188	62188	106289	108676	66351	25783	22798	
45531	22403	12692	52766	43945	56004	46042	54553	58282	90152	0	25809	18904	17300	74297	69562	71812	54394	49397	32651	27866	37134	61647	41501	67077	20386	50881	76258	25166	10786	63096	17071	8204	36186	111505	39466	70027	26387	40825	35891	29050	31503	21757	97691	20196	62523	49429	32562	49426	13658	69217	42031	20676	47191	12337	30129	38662	83421	44967	40891	48388	78623	17773	67403	40220	31002	73434	28510	83880	69954	108315	73995	20534	9779	22060	65437	13636	40013	41967	23580	31239	79275	23305	42719	87282	52763	42690	27488	70563	80759	55082	22959	75958	79897	58364	78094	107060	43771	35300	37515	23895	22576	54420	63468	99601	
82791	8817	32860	80360	73659	83599	22333	85073	83865	116815	25809	0	43688	14601	102087	112821	99602	80078	75082	57435	52650	61918	89437	43101	94867	6060	78671	101943	49950	34740	110468	41855	32988	12510	139295	64250	97817	51171	17149	15200	5374	11809	46541	125481	21670	88208	77219	57346	91196	15519	94901	67715	45460	72876	36625	31729	18967	111211	69751	72975	74072	106413	39133	95193	65004	13874	101224	30110	107619	113212	136105	117254	45318	35954	43260	110902	33190	61214	67651	33464	6869	104959	45058	67503	115072	93205	63790	52272	117631	108549	82872	47402	103748	107687	98805	121226	134850	78310	60084	63200	44085	14042	80589	106727	127391	
32152	40291	23989	39387	30566	42625	73975	41174	41525	76773	18904	43688	0	36097	61041	56305	58555	37617	32621	19394	14609	23878	48391	38812	53821	39183	37624	59482	7598	21010	49839	5988	9947	54983	98248	26210	56770	13130	65696	54688	47847	50300	5173	84435	37782	45747	36173	19306	36923	32455	52440	25254	7942	30415	12166	27440	57458	70164	31710	27635	31612	65367	9871	54146	21771	49799	60178	33433	67103	56697	95058	60739	7800	14940	32759	52181	29604	51128	20457	36902	50036	62498	24760	29462	74025	39507	39661	11056	57307	67503	41826	10225	62701	66641	45107	61318	93804	30514	22044	20739	29447	41373	37643	50211	86345	
69376	9706	24350	81179	60245	84417	31874	71658	75355	103400	17300	14601	36097	0	88672	99406	86187	87589	80102	45854	35727	50337	76022	29686	81452	9201	65256	113179	43941	28731	97053	35846	26979	24272	125880	52670	84402	43155	28911	18666	17192	17914	40531	112066	9538	91938	63804	45766	77782	9510	98631	61706	39450	66866	30616	18314	23870	97796	72528	59560	68063	92998	33124	81778	53440	13333	87809	16695	117957	99797	122690	103839	36049	29944	37251	97487	27180	55204	61642	35649	18725	110646	39048	69162	101657	79790	57781	46263	104216	95134	69457	33988	90333	94272	85390	107811	121435	64895	48521	57190	38075	5621	74579	93312	113976	
36932	98033	79382	27536	29399	29613	146018	19437	45872	28645	74297	102087	61041	88672	0	22696	14855	34324	29890	44159	51271	39380	12523	84152	13750	96121	33136	41621	60885	77911	29720	65233	69131	112057	51887	36275	19247	54902	116696	106451	104977	105699	56751	26913	83122	38672	31684	42314	24835	89680	45366	41092	62681	36452	68037	72780	111655	20247	40408	36829	43820	15450	65128	8493	46603	101118	10261	78772	46399	28138	39219	32280	57974	76076	91253	25928	85476	79889	38225	92773	106509	39088	84005	37042	21738	22894	69983	61494	32658	15216	18274	62790	18035	16010	24577	36252	41517	32775	44918	44739	91020	93406	48902	20667	34058	
29623	108767	67670	18494	49233	17212	156751	22508	41827	18740	69562	112821	56305	99406	22696	0	12188	24422	23836	54769	47790	45906	28222	94762	20771	106732	43746	21780	49368	63672	12409	49477	79741	122667	23202	46885	14411	42206	127306	117061	115588	116309	48094	26374	93732	28815	42294	41660	22216	100290	26853	35039	73291	30398	78647	83390	122265	19365	26521	43355	36370	20380	75738	20177	34678	111728	19603	89383	30443	4951	18985	10210	68584	62495	75421	10603	72947	73281	32171	80244	117120	18262	67422	36857	5487	18519	63760	42483	13184	12415	31154	73400	5781	15028	11502	14372	21283	43385	34651	38685	72109	104017	42849	7205	13824	
23175	95548	64635	19115	36014	17833	143533	14022	36636	31457	71812	99602	58555	86187	14855	12188	0	25185	20570	42051	49163	37272	17976	82044	10526	94013	31028	27059	42667	60405	13172	46210	67023	109949	31052	34167	5328	35505	114588	104343	102869	103591	54644	30431	81014	29578	29576	40206	15515	87572	32132	31772	60573	27132	65929	70672	109547	22422	19820	34721	34500	18478	63020	8535	27977	99010	13383	76664	31837	13576	26835	17719	55866	59228	72155	11367	83368	78560	28905	90665	104402	24526	64156	34934	9354	13574	60663	39217	18096	7933	20908	60682	4146	12531	12266	21691	29133	30667	27950	35419	68843	91298	39582	6105	21674	
20624	76681	49918	7949	36326	8911	99905	24074	11516	51773	54394	80078	37617	87589	34324	24422	25185	0	7743	35254	34936	31270	30346	83973	22896	74457	24876	19348	28387	45738	17993	31543	40234	89511	46634	28118	22286	28301	91104	89963	83122	85575	29203	60240	82943	7598	29855	28806	11240	67730	12306	13184	44685	7396	42895	72601	92733	45970	15922	31197	10331	41172	47132	28864	19579	100939	35983	78594	26969	24851	42418	27117	39978	44560	57487	20335	55013	48707	14237	62310	85311	22364	49488	26329	29784	15415	38801	24549	27332	32468	28381	41779	26034	37066	13747	21184	45011	28495	21797	20751	54175	93227	19846	18365	37257	
13136	71685	44922	6381	28838	9620	94908	16586	16725	47339	49397	75082	32621	80102	29890	23836	20570	7743	0	26755	26437	22771	25897	75474	18446	69805	16376	27922	22973	41086	17342	26891	35583	84859	46835	19619	17837	20853	86453	97773	78470	80923	23788	55791	74444	14187	21356	20307	5362	63078	20880	12453	36185	6931	38244	64102	102977	41520	7422	22698	13349	36723	38632	24415	13324	92440	31534	70094	35543	24200	42618	28242	31479	39909	52835	19684	50361	50367	9585	57658	80659	30938	44836	17829	29133	10424	40461	19897	24810	27269	27009	33280	25384	37997	13097	29758	44916	19996	13298	16099	49523	84728	19381	17715	37457	
17389	54038	37736	31133	13221	34372	114104	25300	43111	59428	32651	57435	19394	45854	44159	54769	42051	35254	26755	0	8489	5484	30030	39018	35460	52273	19264	52802	18104	35130	51061	22453	26350	68074	79888	7817	38410	12121	78787	61317	60937	63391	13971	66074	37988	39067	17812	8371	31789	45546	45760	29788	19900	29452	25256	27646	66521	51804	22946	7528	36166	47006	22347	35786	18199	55984	41817	33639	71965	53805	76698	57847	15194	33295	48472	51495	42695	66425	25613	49992	63127	64654	41225	9246	55665	33798	56125	18714	58224	49142	23465	14968	44341	48280	39398	61819	75443	12121	13280	33434	48239	48273	42198	47320	67984	
23582	45088	32950	30816	20334	34054	67256	32603	42793	66541	27866	52650	14609	35727	51271	47790	49163	34936	26437	8489	0	16373	44132	30886	49563	42855	33366	54078	13713	30739	42351	18062	21960	58791	93990	18705	52512	9226	63430	53185	51711	52433	9580	80177	29856	40343	31915	11801	28682	36414	47036	31064	9754	30728	20865	19514	58389	65906	24222	20130	37442	61109	13300	49888	19475	47852	55920	25507	61699	67908	90800	71949	7538	28904	44081	44693	38304	62034	26889	45601	53244	57094	36834	21975	69767	32019	51734	14323	49819	63245	37568	6836	58443	62383	37620	55914	89546	26008	14556	34710	43848	40140	43474	61422	82087	
13678	58521	42219	26704	10630	29942	120232	20941	39127	54650	37134	61918	23878	50337	39380	45906	37272	31270	22771	5484	16373	0	22432	44370	24044	57416	10992	49281	17300	40273	35858	27595	31493	73216	75910	4103	34432	10891	83929	66669	66080	68533	16779	62096	43339	35546	10116	4657	23518	50688	42240	26267	25043	25931	30399	32998	71872	47826	19425	4284	32645	43028	27490	31808	14679	61336	37839	38990	56902	49827	72720	53869	20336	38438	53615	38200	47838	69663	22092	55135	68269	52298	46367	5532	51687	25526	59757	17065	43326	45164	15868	20320	40363	44302	31126	57841	71465	8407	9575	29913	53382	53624	38677	43342	64006	
23498	85383	66732	23423	19256	25500	133368	9867	41759	36154	61647	89437	48391	76022	12523	28222	17976	30346	25897	30030	44132	22432	0	81293	7106	93263	18708	41879	41362	75052	25752	62374	66272	109198	58460	17425	14434	34200	113837	103592	102119	102840	53893	44646	80263	34705	13531	27012	20868	86821	41399	37125	59822	32485	65178	69921	108796	30376	17105	19917	39853	25579	62269	9712	26671	98259	20389	75914	46657	28496	41973	32538	55115	73217	88394	26186	82617	75921	34257	89914	103651	39346	69508	16541	24493	18927	66016	39777	32916	18259	7670	59931	20038	19054	20610	36510	44271	13791	24411	40772	74195	90548	44935	22011	36812	
65398	39047	48551	77200	56266	80439	61215	67680	91830	99422	41501	43101	38812	29686	84152	94762	82044	83973	75474	39018	30886	44370	81293	0	77383	37587	61187	109110	42429	50049	92984	42015	45912	53522	121811	48601	80333	39086	58161	47916	46443	47164	38296	107997	24587	87869	59735	41697	73712	31145	94562	60959	34196	60623	42084	11372	53120	93727	68459	55491	67338	88929	37742	77709	49371	42583	83740	20238	113888	95728	118621	99770	31980	52857	58569	93418	48498	76522	56784	56967	47975	106577	60366	65093	97588	75721	75687	43039	100147	91065	65388	29919	86264	90203	81321	103742	117366	60826	44451	56765	59393	34872	73369	89243	109907	
14363	90813	72162	15973	20868	18049	138798	7135	34309	31568	67077	94867	53821	81452	13750	20771	10526	22896	18446	35460	49563	24044	7106	77383	0	88601	20209	34526	39128	58406	18400	57713	61611	104537	53798	19170	7082	31967	109175	98931	97457	98179	49231	39985	75602	27353	15031	28513	13516	82160	34047	29773	55161	25133	60517	65260	104135	25715	14872	21418	32501	20917	57608	8609	24438	93598	15728	71252	39304	21144	39562	25186	50454	68555	83732	18834	77955	68569	26905	85253	98989	31993	62156	18287	20171	11575	58663	37543	25563	17151	9217	55270	13466	22191	13258	29158	41860	15537	22178	33419	66843	85886	37583	14659	34401	
77367	5858	27436	74937	68236	78175	26168	79649	78441	111391	20386	6060	39183	9201	96121	106732	94013	74457	69805	52273	42855	57416	93263	37587	88601	0	73278	96550	44558	29348	105075	36463	27596	16324	133902	58858	92424	45778	20962	17315	9187	13924	41148	120088	16277	82815	71827	51954	85804	10127	89509	62323	40067	67483	31233	26337	21083	105818	64358	67583	68680	101021	33740	89800	59611	14473	95831	24717	102226	107820	130712	111861	39925	30561	37868	105509	27797	55821	62259	36266	10683	99567	39665	62111	109679	87812	58398	46880	112239	103156	77479	42010	98355	102294	93412	115833	129457	72917	54692	57807	38692	9386	75196	101334	121998	
6300	74617	55966	18103	13992	21341	122602	10781	32732	48405	50881	78671	37624	65256	33136	43746	31028	24876	16376	19264	33366	10992	18708	61187	20209	73278	0	40417	24078	53922	24866	38881	42779	92727	73563	12989	21947	20996	97365	87120	85647	86368	26884	59750	63791	26682	10703	12530	12526	70349	33375	25289	36329	20840	41684	53450	92324	45480	7272	18286	27258	40682	38776	29461	13468	81787	35493	59442	48038	31724	50142	35766	31622	49723	64900	27208	59123	64276	20763	66420	87179	42573	57672	8726	36657	14534	54371	22492	32334	42818	8638	43459	32907	41956	20134	39738	52440	9343	11783	28935	62359	74076	33290	25238	44981	
38707	98546	71783	26032	54409	22080	110844	36282	25943	39568	76258	101943	59482	113179	41621	21780	27059	19348	27922	52802	54078	49281	41879	109110	34526	96550	40417	0	47788	65901	21280	51706	60398	109390	33789	44434	28166	45669	102577	130817	103285	130065	48604	47333	107488	14699	46171	45122	27556	87894	8396	30475	61001	24687	63059	97146	136021	41536	32238	47513	27086	52803	63448	35109	38140	125484	47614	103138	11727	17888	29573	14272	56294	64724	70256	16483	75177	52488	34400	87841	105475	9519	68227	42645	27658	32275	42966	44712	14487	34508	44909	58096	28074	37199	25258	8339	32369	44811	38113	40915	76382	117772	33511	22516	24412	
25159	46553	30251	28104	29947	31342	80237	34181	34456	76154	25166	49950	7598	43941	60885	49368	42667	28387	22973	18104	13713	17300	41362	42429	39128	44558	24078	47788	0	28651	42856	13629	21169	62892	72348	21405	39937	7936	73605	62597	55756	58210	5254	83782	41256	35731	30004	12789	26907	40364	42425	21183	14719	21220	20075	30915	65368	69511	24727	21531	27934	64714	17166	53493	15780	57708	59525	36907	57088	49714	68131	53755	14577	22581	43291	45197	37514	61244	14466	44811	57945	52483	32401	19615	54647	32523	47301	5065	50323	66849	35657	17002	50897	65988	38124	51303	70429	23649	12091	21056	37088	49282	33966	43228	62970	
48560	31343	4581	46217	46973	49455	54567	53458	49721	93180	10786	34740	21010	28731	77911	63672	60405	45738	41086	35130	30739	40273	75052	50049	58406	29348	53922	65901	28651	0	56739	16889	11099	44576	86231	42208	57233	29128	46169	45027	38186	40640	26861	100433	29332	53583	52171	35304	44759	22795	60276	33090	23417	38251	19273	39265	47798	86163	45198	43633	39448	81365	20514	70144	40926	40138	76176	37646	74939	63597	82014	67638	23275	5753	15855	59080	10078	33808	33027	17375	40376	70334	12284	49561	68530	49820	33750	30230	64206	83501	57824	25700	64780	82639	52493	69154	84312	53595	38042	28575	13616	31712	45479	57111	76853	
23156	106414	61204	12028	38858	10746	154399	20155	35422	30987	63096	110468	49839	97053	29720	12409	13172	17993	17342	51061	42351	35858	25752	92984	18400	105075	24866	21280	42856	56739	0	42993	57505	120211	33860	32848	11955	35722	102555	114605	113132	113853	41610	38610	91276	22331	32379	35176	15732	97834	26161	28555	51055	23914	56410	80934	119809	31601	20037	39961	29886	36592	53502	21009	28194	109272	31402	86927	25866	11588	29643	11747	46348	56011	68937	4994	66463	67351	25687	73760	114664	18555	60938	30373	17723	12035	57445	35999	10120	20407	28698	48149	13974	25005	5178	15719	31941	31019	28167	32201	65625	101561	36365	6305	24482	
35882	38458	21354	32022	34296	35260	71340	39263	35526	80503	17071	41855	5988	35846	65233	49477	46210	31543	26891	22453	18062	27595	62374	42015	57713	36463	38881	51706	13629	16889	42993	0	8692	54216	72407	29936	43409	16856	62431	53920	47079	49533	12236	88160	38225	39759	39899	23032	30935	31688	46452	19266	11145	24427	11353	30643	56691	73890	31374	31361	25624	69093	11604	57872	27102	49031	63903	36635	61115	49773	68190	53814	11003	10995	28814	45256	26340	47182	19203	33637	49269	56510	20815	35737	54705	35996	35715	18119	50382	52841	45551	13428	50956	70366	38669	55330	70488	39770	31205	14751	25502	40605	31655	43287	63029	
39780	29591	13289	40714	38194	43952	53231	48801	44218	84401	8204	32988	9947	26979	69131	79741	67023	40234	35583	26350	21960	31493	66272	45912	61611	27596	42779	60398	21169	11099	57505	8692	0	44208	105865	33827	64387	20747	54921	43913	37072	39525	16117	92052	28218	48626	43790	26923	39801	21680	55319	28133	15036	33294	10891	34534	46684	77782	39327	35252	34490	72984	12133	61763	34580	39024	67795	36531	69982	58639	102675	62681	14894	6620	24607	54123	18829	42560	28069	26127	39261	65377	20151	37080	81642	44863	35653	21849	59249	75120	49443	17319	70318	74258	47536	64197	101421	38132	29661	23618	24374	30598	40522	52154	93962	
93303	14267	40214	89990	84172	93228	9756	95585	95357	127327	36186	12510	54983	24272	112057	122667	109949	89511	84859	68074	58791	73216	109198	53522	104537	16324	92727	109390	62892	44576	120211	54216	44208	0	149488	74718	108010	61639	9276	13102	9706	12849	57009	135674	33146	98238	87413	67814	101390	25987	104932	77746	55928	82906	47093	41923	11289	121404	96136	83169	84103	116607	49601	105386	75472	14129	111417	40303	112808	123405	146298	127447	55786	46422	44045	121095	35817	55501	77682	27977	8920	115653	52412	92770	125265	103398	68161	62741	127824	118742	93065	57596	113941	117880	108998	131419	145043	88503	70552	73230	47111	19212	84987	116920	137584	
74140	135241	116590	41520	75707	40238	183225	45534	53230	22392	111505	139295	98248	125880	51887	23202	31052	46634	46835	79888	93990	75910	58460	121811	53798	133902	73563	33789	72348	86231	33860	72407	105865	149488	0	73433	37487	92059	153853	143609	142135	142857	93909	34289	120280	43780	68842	79472	45293	126838	38767	58115	99839	53768	105195	109938	148813	30639	49597	73987	56167	33739	102286	38114	57754	138276	35943	115930	34867	24639	5544	22890	95132	113233	105412	29312	122633	87644	55248	129931	143667	32275	103383	74200	22582	41596	78122	65560	27317	28755	62496	99948	29128	28387	34579	25626	5917	69933	57728	61762	95186	130564	62592	30282	11444	
10526	60853	44551	23552	11026	26790	125741	18437	35975	51545	39466	64250	26210	52670	36275	46885	34167	28118	19619	7817	18705	4103	17425	48601	19170	58858	12989	44434	21405	42208	32848	29936	33827	74718	73433	0	31314	13179	86217	86350	68368	70821	19067	58979	63020	32429	9933	6945	20401	52976	39122	23150	27331	22814	32687	52679	91553	44709	16308	5116	29528	39911	29778	28691	11561	81017	34722	58671	53785	46710	69603	50752	22624	40725	55903	35083	50126	66546	18975	57423	70557	49180	48655	2415	48569	22409	56640	19353	40209	42047	10698	22607	37246	41185	28009	54724	68348	5290	9876	26796	55670	73305	35560	40224	60889	
20238	93763	61698	15363	34229	16768	141747	11085	33699	34517	70027	97817	56770	84402	19247	14411	5328	22286	17837	38410	52512	34432	14434	80333	7082	92424	21947	28166	39937	57233	11955	43409	64387	108010	37487	31314	0	35238	112252	102007	100534	101256	52308	43062	78678	28423	27241	37870	15248	85236	33217	31505	58237	26865	63593	68337	107211	28791	19553	32385	34233	23994	60684	10972	27710	96674	18805	74329	32922	14761	33179	18803	53531	58961	71888	12451	81032	70302	28638	88329	102066	25611	63889	32599	16582	13307	60396	38950	19181	11928	18077	58346	8268	16526	11111	22775	35477	28331	27683	35152	68576	88963	39315	8276	28018	
17998	47774	31472	25232	23964	28470	81458	27019	34370	70171	26387	51171	13130	43155	54902	42206	35505	28301	20853	12121	9226	10891	34200	39086	31967	45778	20996	45669	7936	29128	35722	16856	20747	61639	92059	13179	35238	0	73118	62110	55269	57722	6783	77868	37966	31476	20723	6148	20991	39877	38169	21463	14231	21127	19587	27624	64880	63598	16532	14891	27841	58800	16679	47579	11524	57220	53611	33616	52832	41519	59937	45561	10198	27626	42803	37003	37026	60756	17288	44323	57458	48227	35556	14284	46452	24329	50456	7791	42129	60936	26474	11918	42702	60074	29929	47047	62235	18318	6866	25109	42570	48795	33873	35033	54776	
97941	18905	41808	91584	88810	94822	10830	100224	88544	131965	40825	17149	65696	28911	116696	127306	114588	91104	86453	78787	63430	83929	113837	58161	109175	20962	97365	102577	73605	46169	102555	62431	54921	9276	153853	86217	112252	73118	0	17662	14385	14934	68460	140674	38146	99666	92412	79265	90842	30667	106360	79174	67379	84334	51772	46922	17792	126404	101136	88168	85531	121607	54280	110386	86923	19129	116417	45303	105995	128405	151298	132447	67237	51836	45473	126095	37244	48688	79110	29405	13599	108840	53840	89422	130265	95903	61348	74191	132824	123742	98065	62596	118941	122880	98576	109828	128006	93503	82003	74658	48539	24211	78174	121920	142584	
87697	13487	42941	99499	78565	102737	15287	89979	93946	121721	35891	15200	54688	18666	106451	117061	104343	89963	97773	61317	53185	66669	103592	47916	98931	17315	87120	130817	62597	45027	114605	53920	43913	13102	143609	86350	102007	62110	17662	0	13290	5741	56729	130428	27900	110299	82166	64127	96143	25707	116993	77903	55647	83063	46813	36676	7332	116158	90889	77922	84260	111360	49321	100139	71802	5565	106171	35057	136319	118159	141052	122201	54410	46141	53448	115849	43377	64018	77839	37168	10676	129008	55245	87524	120018	98151	73978	62460	122578	113496	87819	52349	108695	112634	103752	126173	139797	83257	66882	73387	54272	13965	90776	111673	132338	
86223	8441	36100	83601	77092	86839	19462	88505	87105	120247	29050	5374	47847	17192	104977	115588	102869	83122	78470	60937	51711	66080	102119	46443	97457	9187	85647	103285	55756	38186	113132	47079	37072	9706	142135	68368	100534	55269	14385	13290	0	9513	49805	128745	24934	91472	80484	60611	94461	18784	98165	70979	48724	76140	39889	34993	16671	114475	73015	76239	77337	109678	42397	98457	68268	12306	104488	33374	110883	116476	139369	120518	48582	39218	46525	114166	36454	64478	70916	30592	3998	108224	48322	70767	118336	96469	67055	55537	120895	111813	86136	50667	107012	110951	102069	124490	138114	81574	63349	66464	47349	13641	83853	109991	130655	
86945	8443	38554	98747	77814	101986	15912	89227	89559	120969	31503	11809	50300	17914	105699	116309	103591	85575	80923	63391	52433	68533	102840	47164	98179	13924	86368	130065	58210	40640	113853	49533	39525	12849	142857	70821	101256	57722	14934	5741	9513	0	51513	129602	27074	93180	81340	62319	95318	20492	99874	72688	50432	77848	41598	35850	7958	115332	90064	77096	79045	110534	44106	99314	70976	8057	105345	34231	117644	117333	140226	121375	50290	40926	49554	115023	38162	60336	72624	33486	7286	128182	50030	86698	119193	97326	68763	57245	121752	112670	86993	51524	107869	111808	102926	125347	138971	82431	66057	68172	52620	13139	85561	110848	131512	
23886	43144	26842	31120	25814	34358	76828	32907	35272	72021	21757	46541	5173	40531	56751	48094	54644	29203	23788	13971	9580	16779	53893	38296	49231	41148	26884	48604	5254	26861	41610	12236	16117	57009	93909	19067	52308	6783	68460	56729	49805	51513	0	79657	37132	36549	31395	12064	27725	35285	43243	22000	9640	22038	14995	26790	60288	65387	25544	20806	28752	60589	12087	49369	16598	52628	55400	32782	57905	50531	90281	54573	9498	23034	38211	46015	32434	56164	15284	39732	52866	53301	29995	20433	69247	33341	44896	5882	51141	62725	37048	11923	57924	61863	38941	52120	89026	24466	12909	21873	34682	44203	34784	44046	81567	
60326	121427	102776	53317	61893	55394	169412	46905	71653	8100	97691	125481	84435	112066	26913	26374	30431	60240	55791	66074	80177	62096	44646	107997	39985	120088	59750	47333	83782	100433	38610	88160	92052	135674	34289	58979	43062	77868	140674	130428	128745	129602	79657	0	107044	64774	55606	66236	50936	113602	53293	67193	86603	62553	91959	96702	135577	11020	64330	60751	69921	16264	89050	33747	70526	125040	18520	102695	50365	32181	25210	37416	81896	99998	115175	37834	109398	105990	64326	116695	130432	47773	107928	60964	24285	48995	96084	85416	41843	25966	49260	86712	30831	20577	50678	40152	38909	56697	68840	70840	114942	117328	75004	34436	31450	
64368	18899	27246	76170	55236	79408	41066	66650	90800	98392	20196	21670	37782	9538	83122	93732	81014	82943	74444	37988	29856	43339	80263	24587	75602	16277	63791	107488	41256	29332	91276	38225	28218	33146	120280	63020	78678	37966	38146	27900	24934	27074	37132	107044	0	86965	58831	40792	72808	9567	93658	61445	33292	59719	30355	13341	32897	92823	67555	54587	67802	88025	32863	76805	48467	22360	82836	10893	112984	94824	117717	98866	31075	29684	36990	92514	26919	54944	55880	35389	27752	105673	38788	64189	96684	74817	57520	42134	99243	90161	64484	29014	85360	89299	80417	102838	116462	59922	43547	56930	37815	14648	74319	88339	109003	
24972	84810	58048	12297	40674	12574	108034	28422	16937	56121	62523	88208	45747	91938	38672	28815	29578	7598	14187	39067	40343	35546	34705	87869	27353	82815	26682	14699	35731	53583	22331	39759	48626	98238	43780	32429	28423	31476	99666	110299	91472	93180	36549	64774	86965	0	36252	35203	17637	77974	9488	20555	51081	14768	53140	78998	117873	48055	22318	37594	19939	47966	53528	35658	28221	107336	42777	84990	24150	27914	39599	24298	46375	54805	72317	26509	65257	54549	24481	72554	95555	19546	59732	32725	34177	19808	44643	34793	24514	36861	40072	48176	30427	41459	18140	18365	42192	34892	28194	30995	64419	99624	26364	22758	34438	
11280	73165	54514	23082	5162	26321	121150	12004	37712	46954	49429	77219	36173	63804	31684	42294	29576	29855	21356	17812	31915	10116	13531	59735	15031	71827	10703	46171	30004	52171	32379	39899	43790	87413	68842	9933	27241	20723	92412	82166	80484	81340	31395	55606	58831	36252	0	14541	19377	65352	40226	32140	38513	27691	43869	48452	87326	40482	14123	7446	34109	35684	40960	24463	18909	76789	30495	54444	60643	42483	65376	46525	33806	51908	67085	40173	61308	71128	26322	68605	82181	53332	59838	9762	44342	21385	61222	26949	46902	37820	7249	38461	33019	36958	26985	50497	64121	5591	17223	35786	66852	69078	40141	35997	56662	
10066	53949	37647	24685	15174	27924	77589	17977	36663	57584	32562	57346	19306	45766	42314	41660	40206	28806	20307	8371	11801	4657	27012	41697	28513	51954	12530	45122	12789	35304	35176	23032	26923	67814	79472	6945	37870	6148	79265	64127	60611	62319	12064	66236	40792	35203	14541	0	21336	46123	39691	23718	20477	23383	25833	30050	68925	50719	16877	8834	30097	45921	22924	34700	12130	58388	40732	36042	54354	41864	75612	45906	15770	33872	49049	37348	43272	67002	19544	50569	63703	49749	41802	8425	54579	24674	56702	12499	42474	48057	20417	17372	43047	47195	30274	48569	62580	11300	5171	27365	48816	50676	36129	35379	55121	
10816	87143	49224	4165	26518	7403	135127	14266	21225	42284	49426	91196	36923	77782	24835	22216	15515	11240	5362	31789	28682	23518	20868	73712	13516	85804	12526	27556	26907	44759	15732	30935	39801	101390	45293	20401	15248	20991	90842	96143	94461	95318	27725	50936	72808	17637	19377	21336	0	62583	22252	16585	36938	11945	42294	62202	101077	36476	6240	27039	19313	31678	39385	19371	14077	90540	26489	68194	36915	21959	40377	26001	32231	44042	56968	17443	54494	55382	13718	61791	95931	32310	48969	17450	26892	5379	45476	24030	22569	22224	17915	34032	23143	32952	10856	29973	42675	18096	14050	20232	53656	82828	24396	15474	35216	
58975	12122	20709	68209	61794	71448	35762	73208	71714	104950	13658	15519	32455	9510	89680	100290	87572	67730	63078	45546	36414	50688	86821	31145	82160	10127	70349	87894	40364	22795	97834	31688	21680	25987	126838	52976	85236	39877	30667	25707	18784	20492	35285	113602	9567	77974	65352	46123	62583	0	82760	55574	33318	60734	24484	19849	28381	99330	57609	61095	61931	94533	26992	83312	52862	20722	89343	18229	95478	101332	124224	105373	33176	23812	31119	99021	21048	49072	55510	29517	20959	92818	32916	55362	103191	81324	51649	40131	105751	96668	70991	35601	91867	95806	86924	109345	122969	66429	47943	51059	31943	12296	68447	94846	115510	
31666	91504	64741	18991	47368	17544	114728	35116	18902	44641	69217	94901	52440	98631	45366	26853	32132	12306	20880	45760	47036	42240	41399	94562	34047	89509	33375	8396	42425	60276	26161	46452	55319	104932	38767	39122	33217	38169	106360	116993	98165	99874	43243	53293	93658	9488	40226	39691	22252	82760	0	25267	55793	19479	57852	83710	122585	46553	27030	42306	21878	52281	58240	40126	32932	112048	47092	89702	17747	22905	34590	19289	51087	59517	79286	21500	69969	61518	29193	77266	100267	14536	64444	37437	32675	24777	46582	39505	19505	39525	39489	52888	33091	42216	23109	13356	37183	39604	32906	35707	69131	104336	28303	27534	29429	
22057	64318	37555	17584	31130	20822	87542	24825	18849	58541	42031	67715	25254	61706	41092	35039	31772	13184	12453	29788	31064	26267	37125	60959	29773	62323	25289	30475	21183	33090	28555	19266	28133	77746	58115	23150	31505	21463	79174	77903	70979	72688	22000	67193	61445	20555	32140	23718	16585	55574	25267	0	30411	6073	30619	49466	80457	52693	16974	26206	8946	47895	30870	35588	12702	72797	42706	55459	40066	35373	53791	39414	30269	32284	45210	30857	42737	43483	7360	50034	73034	35461	37211	21337	40306	21596	33577	17204	35983	38441	36560	32694	36556	49169	24269	34280	56088	25371	16806	8475	41898	64371	12497	28887	48630	
33330	42062	25760	40564	31744	43802	65702	42351	47706	77951	20676	45460	7942	39450	62681	73291	60573	44685	36185	19900	9754	25043	59822	34196	55161	40067	36329	61001	14719	23417	51055	11145	15036	55928	99839	27331	58237	14231	67379	55647	48724	50432	9640	86603	33292	51081	38513	20477	36938	33318	55793	30411	0	35547	8508	22987	59217	72714	32787	28712	36744	67916	4295	56695	28040	51557	62727	28979	66155	74715	97607	78756	3347	21963	37140	53258	31363	55093	24710	38660	51794	61550	29893	30540	76574	40584	44793	15309	58384	70052	44375	5772	65250	69190	46184	60369	96353	31592	23121	25871	34580	43131	42776	68229	88894	
21722	69478	42716	10706	30794	13838	92702	22580	13464	53901	47191	72876	30415	66866	36452	30398	27132	7396	6931	29452	30728	25931	32485	60623	25133	67483	20840	24687	21220	38251	23914	24427	33294	82906	53768	22814	26865	21127	84334	83063	76140	77848	22038	62553	59719	14768	27691	23383	11945	60734	19479	6073	35547	0	35700	49147	85538	48167	13450	25887	6703	43369	35951	31061	12384	77878	38180	55140	34316	30847	49764	34463	34668	37365	50292	26330	47818	43722	7042	55115	78116	29711	42293	21019	35780	17070	33816	17354	34679	33915	33037	36469	32030	44643	19743	28530	52358	25052	16487	13556	46980	69452	12735	24361	44603	
38686	33228	21616	45920	37100	49158	56867	47707	46879	83306	12337	36625	12166	30616	68037	78647	65929	42895	38244	25256	20865	30399	65178	42084	60517	31233	41684	63059	20075	19273	56410	11353	10891	47093	105195	32687	63593	19587	51772	46813	39889	41598	14995	91959	30355	53140	43869	25833	42294	24484	57852	30619	8508	35700	0	30682	49487	76506	38051	33976	36997	71708	5294	60488	33304	41827	66519	36674	72488	63038	101400	67080	11042	18830	34008	58522	28230	51961	30576	35528	42065	67883	30145	35804	80366	45848	45230	20573	63648	73844	48167	13467	69043	72982	51448	66703	100145	36856	28385	26124	33775	33402	43028	56553	92686	
54026	27675	37179	65828	44895	69067	49843	56308	80458	88050	30129	31729	27440	18314	72780	83390	70672	72601	64102	27646	19514	32998	69921	11372	65260	26337	53450	97146	30915	39265	80934	30643	34534	41923	109938	52679	68337	27624	46922	36676	34993	35850	26790	96702	13341	78998	48452	30050	62202	19849	83710	49466	22987	49147	30682	0	41748	82355	57087	44119	55966	77558	26370	66337	37999	31211	72368	8866	102516	84356	107249	88398	20608	41485	47197	82046	37126	65150	45413	45595	36603	95205	48994	53721	86216	64349	64315	31667	88775	79693	54016	18547	74892	78831	69949	92370	105994	49454	33080	45394	48021	23500	61998	77871	98535	
92901	18691	49879	104703	83769	107941	8186	95183	104280	126925	38662	18967	57458	23870	111655	122265	109547	92733	102977	66521	58389	71872	108796	53120	104135	21083	92324	136021	65368	47798	119809	56691	46684	11289	148813	91553	107211	64880	17792	7332	16671	7958	60288	135577	32897	117873	87326	68925	101077	28381	122585	80457	59217	85538	49487	41748	0	121371	96102	83135	86203	116573	51264	105352	77014	11820	111384	40270	121325	123372	146264	127413	59623	48084	53709	121061	45481	64017	79782	37641	14444	134221	57188	92737	125231	103364	76678	64403	127791	118709	93032	57562	113907	117847	108965	131385	145010	88470	72095	75331	56776	19178	93504	116886	137551	
46056	107157	88506	39047	47623	36415	155142	32635	57383	6212	83421	111211	70164	97796	20247	19365	22422	45970	41520	51804	65906	47826	30376	93727	25715	105818	45480	41536	69511	86163	31601	73890	77782	121404	30639	44709	28791	63598	126404	116158	114475	115332	65387	11020	92823	48055	40482	50719	36476	99330	46553	52693	72714	48167	76506	82355	121371	0	61477	57899	67069	8263	86198	18079	67673	122188	10519	99842	45392	24168	23981	29428	79044	97145	112322	29821	106545	103137	61473	113843	127579	42801	105075	58112	16272	46143	93231	82564	32402	16892	46408	83860	22818	11189	30720	35180	33937	53845	65988	67988	112089	114476	72151	26423	26478	
5562	81889	50051	9866	21264	13105	129873	9924	23778	55677	44967	69751	31710	72528	40408	26521	19820	15922	7422	22946	24222	19425	17105	68459	14872	64358	7272	32238	24727	45198	20037	31374	39327	96136	49597	16308	19553	16532	101136	90889	73015	90064	25544	64330	67555	22318	14123	16877	6240	57609	27030	16974	32787	13450	38051	57087	96102	61477	0	21691	20302	44087	35404	32866	10096	85192	38898	62847	41082	26831	45249	30872	28250	46351	61528	22315	55751	57320	11594	63048	90584	36477	48152	12103	31764	9641	47414	23201	27441	26486	13461	30051	28014	45361	15241	34844	47546	12748	10069	19415	52839	77481	26334	20345	40088	
13604	68921	45976	30665	8079	33903	116906	18390	39054	52099	40891	72975	27635	59560	36829	43355	34721	31197	22698	7528	20130	4284	19917	55491	21418	67583	18286	47513	21531	43633	39961	31361	35252	83169	73987	5116	32385	14891	88168	77922	76239	77096	20806	60751	54587	37594	7446	8834	27039	61095	42306	26206	28712	25887	33976	44119	83135	57899	21691	0	32598	50681	31245	39460	14631	72376	45492	50031	56855	43793	80373	47835	24092	42193	57370	41482	51593	69616	22044	58890	77768	54642	50123	5485	59339	31016	59710	21231	48212	52817	13312	23868	48016	51955	36616	51807	79118	5568	12946	29866	57137	64665	38629	37307	71659	
28436	70675	43913	17727	37508	20859	93899	28999	10381	61269	48388	74072	31612	68063	43820	36370	34500	10331	13349	36166	37442	32645	39853	67338	32501	68680	27258	27086	27934	39448	29886	25624	34490	84103	56167	29528	34233	27841	85531	84260	77337	79045	28752	69921	67802	19939	34109	30097	19313	61931	21878	8946	36744	6703	36997	55966	86203	67069	20302	32598	0	50661	37224	38353	19098	79151	45472	61854	36624	40388	52073	36772	36623	38638	56431	38984	49091	38663	13756	56388	79389	32020	37714	27733	41977	24362	28757	24068	36988	41207	39417	39048	38228	51935	25941	30839	54666	31766	23201	14829	44628	70725	7677	30559	46912	
41258	102360	83708	34249	42825	36326	150344	27837	52585	15421	78623	106413	65367	92998	15450	20380	18478	41172	36723	47006	61109	43028	25579	88929	20917	101021	40682	52803	64714	81365	36592	69093	72984	116607	33739	39911	23994	58800	121607	111360	109678	110534	60589	16264	88025	47966	35684	45921	31678	94533	52281	47895	67916	43369	71708	77558	116573	8263	44087	50681	50661	0	71953	13407	53428	107943	5847	85597	46125	25183	27185	30443	64799	82900	98078	30055	92300	86508	44844	99598	113334	43533	90830	43867	17287	29513	76602	68319	36784	12501	29779	69615	17906	7112	30954	35913	34669	39600	51743	51358	97845	100231	55522	24793	27210	
