//--------------------------------------------------------------------------------------------------------------------
//-- données sur l'ISERE récupérés par le géocodeur (matrice symétrique)
//-- 
//-- C. Duhamel, P. Lacomme C. Prodhon - juillet 2009 : 3600 kg à collecter, flotte de capa 7000
//--------------------------------------------------------------------------------------------------------------------
204 5 999999 0 0 0
20 50 35 1
20 100 20 3.1
10 100 50 2.2
10 100 70 1.2
10 200 80 2.2
0   // la ville qui represente le depot
0	82939	81336	119012	176752	82756	23232	83332	116531	32364	108964	40362	107932	94828	51462	99509	87937	127317	62329	133464	30281	123880	84247	72733	133052	155926	105963	100583	149703	81510	78269	174600	145327	58657	179477	82416	85430	46075	70915	131345	107251	30493	125842	93448	113735	38723	49769	73041	143788	47076	135316	88102	83946	50136	55266	31755	121791	43526	20146	125340	45794	54291	126041	104797	86090	143700	148329	54123	112715	87549	67138	99569	97183	82497	79148	76444	23327	97279	44341	118919	72538	103376	24338	17508	84675	75004	188717	82860	54106	19624	40492	84087	86790	153866	175944	75197	25701	138659	110010	101304	40818	84827	142307	70264	109627	116202	37165	91734	98801	106683	60645	62090	134868	73484	50538	136338	143568	19539	119882	76582	53173	173444	82450	118407	84279	140408	109153	110196	184000	112740	86985	106952	91014	177931	99283	52212	77044	91676	83816	133177	70625	33816	91417	105749	40653	122328	68528	134842	73255	116745	97156	46478	53482	52343	192438	33398	64008	12507	122077	69627	138062	100121	97212	108101	99140	93357	100688	20761	185160	53713	125080	138068	103651	141876	57454	53766	156153	86980	81651	25784	133853	124843	73821	130880	59918	58811	56253	114554	62514	90975	96828	149791	65977	32023	79080	118058	133835	144959	142241	86706	104967	58359	74507	63107	75443	
82939	0	53540	44196	101936	108355	60573	55536	88735	79753	34148	87752	33117	67032	92435	24693	25391	52501	95207	115655	52954	49064	23870	59643	58236	81110	45396	105330	74887	4811	23393	99784	70511	91535	104661	54620	6897	88034	32909	56529	26347	77883	51026	15105	38919	86113	85868	29770	68972	87597	60501	9760	10802	83920	75986	79145	46975	92487	71973	50524	82429	95264	51225	143675	58294	68884	73513	96047	37899	9206	74180	12879	69387	115375	117603	30257	72201	22463	83498	44103	98136	142254	81879	63233	31016	107882	121182	10358	89631	68758	87882	8261	7941	79051	101128	114075	74835	63843	35194	134182	88208	28652	67491	64449	148505	35212	84555	15908	17897	31867	97298	77085	60052	111939	99499	61522	68752	63150	42720	59952	100563	98628	54654	43591	5911	107620	81357	35380	116465	37924	12476	32136	12671	103115	15515	76484	31963	63880	20437	58361	103503	82950	63621	110496	88043	47512	63862	60026	33649	41929	101902	90126	102443	83960	108715	80788	96886	78515	47261	78815	63246	104867	101958	33285	71344	84979	25872	63687	117624	78594	50264	63252	23308	67060	90544	86856	81337	59184	120105	79783	59037	30320	78568	56064	92796	99784	102353	39738	72578	10632	16485	74975	98855	79413	104679	43242	59019	70143	67425	91452	77171	97685	28372	71510	66093	
81336	53540	0	48668	63648	62755	76277	8016	41215	52503	18356	44952	37588	19512	46836	30018	9938	56973	49607	58148	83851	53536	6248	12123	62708	85582	30647	59730	79359	28433	7817	104256	74983	45935	72690	4417	32382	42434	13294	61001	62119	54497	55498	45579	43391	47529	40268	29722	54180	41998	48136	45028	25441	38321	30386	56172	51447	46888	68848	54996	36830	49665	55697	98075	10774	73356	56409	50448	42371	28713	16271	42130	21867	69775	72003	5520	69076	39839	37898	48575	52537	96654	58906	69695	6676	62282	67723	29780	44032	65633	51199	24137	37797	62396	105600	68475	58617	68315	39666	88583	49097	25711	51337	17924	102906	71320	45654	17107	53670	36339	51699	31485	64524	66339	53899	65994	73224	78854	75000	9565	65396	103100	6171	48062	30230	65092	33837	39852	63005	42396	27242	49513	42183	107587	25551	30885	13973	16360	17409	62833	57904	61955	16101	64896	49142	36889	19211	64498	26395	46401	56302	44527	56844	38361	69525	50405	51286	75390	51733	33215	67718	59268	56359	41399	23824	37459	25324	66770	64165	32994	54736	67724	58739	71532	44945	41257	85809	11664	74506	71051	63509	54499	14414	60536	47197	54185	56754	44210	26979	35127	50651	79447	53256	54163	59079	47714	63491	74615	71897	45853	29651	52085	8757	25910	14596	
119012	44196	48668	0	39328	104457	97198	51638	35859	94205	22544	86654	16218	32859	88538	22157	31769	23096	91309	50162	89578	4957	41770	55745	28831	37449	10353	57689	35137	43927	63329	39704	31765	87637	42054	50723	47848	84136	61423	35090	41197	96199	11921	36045	10315	89231	81970	70656	21147	83700	18507	35493	46364	80022	72088	97874	18366	88589	108598	20169	78531	91367	19033	139777	54396	41203	27180	92150	14384	36992	70282	32595	25738	111477	113705	56414	108826	30305	79600	15494	94239	138356	100608	99858	37506	103984	47818	53844	85734	105383	92901	46505	52366	33062	41633	110177	111460	25096	8913	130285	90799	69538	14522	60552	144608	45409	87356	54151	39126	12814	93401	73187	12628	108041	95601	32117	26125	99775	49089	56055	107098	38547	50757	5230	46697	41795	42492	21515	57323	10545	35717	27758	32648	43620	32309	72587	63757	35361	58681	8755	99606	103657	30638	64615	90844	6199	59964	21279	82229	23596	59398	86229	98546	80063	45528	92106	92988	115140	15851	74917	33841	100970	98061	23052	32479	56486	19277	100312	58482	74696	20859	20959	32828	28313	86647	82959	35133	40228	116208	116408	29632	28588	74670	21151	88898	95887	98456	12074	68681	42690	41116	28946	94958	95865	100781	11102	29614	42461	28678	54707	38305	93787	59567	67612	62195	
176752	101936	63648	39328	0	134936	150102	60672	26191	147109	52959	139558	68767	51374	141442	76623	56190	46255	144213	14789	142482	37146	64819	64779	68155	22670	42677	105343	69593	96832	116233	5485	19793	140541	3447	57661	100752	137040	114327	55580	91123	149103	34047	88949	67405	142135	134874	123560	21167	136604	20756	88397	99268	132927	124992	150778	47318	141494	161502	40403	131436	144271	37161	192681	59640	63590	15397	145054	46454	89897	123186	85500	39389	164381	166609	75336	161730	83209	132504	43241	130547	191260	153512	152762	55065	156888	8661	106748	138638	158287	145805	99409	105270	8675	8288	163082	164364	25745	50189	183189	143703	122442	26164	70581	197512	95335	140260	107056	89052	72467	146305	126091	27803	160946	148505	68511	18094	152679	100446	65089	160002	8084	69679	40033	99601	5855	51390	75980	13719	46385	88621	77683	85552	5728	85213	125491	116661	55846	111585	33954	152510	156561	44290	93061	143748	36631	71867	28722	135133	50534	101915	139133	151450	132967	6920	145011	145892	168044	39107	126809	57000	104881	101160	72978	49511	66857	79153	153216	10597	127600	44018	24919	82753	20494	139551	135863	18485	57787	169112	169312	52791	78513	126562	32249	141803	148791	151360	41290	121585	95594	94021	13926	147862	148769	124796	39694	52773	64849	23604	112603	45848	146691	112471	120516	70120	
82756	108355	62755	104457	134936	0	78918	67937	101136	55144	87767	48920	96218	79433	48537	88647	72542	115602	51308	125508	86492	112165	68852	57338	121337	144211	90568	49487	137988	112091	62874	140034	133613	37629	134517	67021	116012	46455	55520	119630	120748	57138	114127	104209	102020	50170	41969	61888	132073	43699	108057	103657	80498	33869	41188	58813	110076	48588	71489	113625	38072	51366	114326	99776	70695	131985	136614	52149	101000	83770	51743	100759	81788	71476	73704	61049	71717	98469	41920	107204	14015	98355	61547	72337	69280	63983	131035	84837	45733	68274	53840	79194	120530	143224	151639	70176	61258	126944	98296	90284	44694	64066	130592	54869	104607	129949	48295	72164	112299	94968	53400	40761	123153	68040	55600	124623	131853	81495	133629	61187	64620	142633	67055	106692	114861	134427	64687	98481	126317	101025	103880	108142	100812	139575	100472	38275	61649	76282	72466	121463	59605	64597	76022	49438	51783	110613	53133	123127	58561	105030	50824	46228	58545	41745	134756	53046	52987	78031	110362	48660	126347	43544	50739	100028	83746	55056	83953	69411	127477	28251	113365	126353	117368	130161	29552	32995	144438	71585	76207	73692	122138	113128	58426	119165	48897	55886	58454	102839	41489	90184	109280	138076	54957	56804	19834	106343	122120	133244	130526	51662	89572	53786	59112	42968	60048	
23232	60573	76277	97198	150102	78918	0	78984	112184	28016	85802	36014	84771	90481	47114	76347	78055	104155	57981	167309	9669	100718	76534	68385	109890	132764	97050	96236	126541	58348	73921	151438	122166	54309	156316	78069	62269	41727	66567	108183	84089	26145	102680	70286	90573	34376	45422	35436	120626	42728	112155	64940	60784	45789	50919	27408	98629	39179	16534	102178	41446	49943	102879	100449	81743	120539	125167	49776	89554	64387	62791	76408	92836	78149	74801	72096	14421	74117	39994	95757	68190	99028	30142	7935	80328	70656	172837	59698	49758	10978	36145	60925	63629	130705	152783	70850	17055	115497	86849	96957	36471	40851	119146	65917	105280	93040	32818	68572	75639	83521	56298	57742	111706	69137	46190	113176	120407	7932	96720	72235	48826	150282	78103	95245	61117	159274	104806	87034	168119	89579	63824	83790	67852	154770	76121	47865	48098	87329	60654	110016	66278	24382	87069	101402	36306	99166	64181	111680	38223	93583	92808	42131	49135	47996	160369	29050	59660	17439	98916	65280	114900	95773	92864	84939	94793	89010	77526	8389	169279	49366	101918	114907	80489	118714	53106	49419	132991	82633	77303	24344	110692	101681	69474	107719	55570	54464	51905	91392	58167	67814	73667	126630	61630	27676	74733	94896	110673	121797	119079	82359	100619	54011	70159	58759	71096	
83332	55536	8016	51638	60672	67937	78984	0	38443	54386	31021	46835	39471	13248	48719	31901	14685	58855	51490	55377	85733	43739	14344	5067	64590	87465	27863	41319	81242	55345	13526	63733	76866	47818	69918	9164	59266	44317	15504	62884	64002	56380	57381	47462	45273	49412	42151	32611	51396	43881	45352	46911	30725	40203	21072	58055	53330	48770	70731	56879	38712	51548	57580	99958	3306	75239	53626	52331	44254	48410	14607	44013	19096	71658	73886	8559	70958	41722	39781	50458	54420	98537	60789	71578	8062	64165	64951	65261	45915	67516	53082	31649	63784	60238	107483	70358	60500	70198	41549	90466	50980	28537	48553	10869	104789	73203	47537	22538	55552	38222	53582	33368	66407	68222	55782	67876	75107	80737	76883	3791	67279	63472	3479	49945	58114	59921	31066	41735	60233	44279	31989	51396	44066	109470	43726	32768	19235	9470	23119	64716	59787	63838	13317	46485	51025	34106	12156	66381	29284	48284	37891	46410	58727	40244	66753	52287	53169	77273	53616	13259	69601	40856	37947	43282	21053	31179	27206	68652	61393	34877	56618	69607	60622	73415	46828	43140	87692	6936	76389	72934	65392	56381	7137	62419	49079	56068	58637	46092	28862	54107	52534	56522	55139	56046	60962	49597	65374	76498	73780	19467	26879	53968	12563	16789	8653	
116531	88735	41215	35859	26191	101136	112184	38443	0	87648	36493	80096	49137	24172	81980	50043	39724	51807	84752	18414	118995	32301	48671	42887	57542	55188	26211	42148	63849	88606	48614	32284	36935	81080	32956	42442	92527	77578	54865	68009	74116	89641	36917	58819	46634	82673	75413	78998	25356	77142	18543	58267	64004	73465	65531	91316	52870	82032	103993	45955	71974	84809	42713	133220	35061	68237	24889	85592	52829	59766	52427	55369	20032	104920	107148	48133	104220	53079	73043	48793	87681	131799	94050	104840	38974	97427	27989	98523	79176	100777	86344	64928	97045	27906	37170	103620	93761	36364	44252	123727	84242	71188	23844	48689	138050	78328	80799	55817	72045	39791	86843	66630	31124	101484	89044	60828	28500	113999	82008	43197	100541	32022	42476	40600	91376	22422	26951	48526	23271	46648	65267	60677	55422	34610	49673	66029	57200	28644	58206	34144	93048	97100	24933	49075	84286	30017	49975	39341	75671	56515	43857	79671	91988	73505	29791	85549	86431	110534	44659	68360	62553	51337	48428	55971	22309	42419	42570	101914	24431	68139	49570	30771	65747	31718	80089	76401	35627	32893	109650	106195	58344	61506	48046	42868	82341	89329	91898	46110	62123	65464	63890	28357	88400	89307	83598	44514	58325	69496	35741	46020	18646	87230	53010	61055	48228	
32364	79753	52503	94205	147109	55144	28016	54386	87648	0	75863	7686	84313	67529	24163	76743	60638	103698	35030	106165	34965	100261	56948	45434	109433	132307	78664	73284	126084	77594	50970	150981	121708	31358	164901	55117	81514	13736	43615	107726	103335	3604	102223	89532	90116	11424	22470	45692	120169	19777	96153	84186	80030	22837	27967	7345	98172	16227	19962	101721	18495	26992	102422	77498	58791	120081	124710	26824	89096	83633	39839	95653	69884	55198	51849	49145	9000	93363	17042	95300	45239	76077	10078	20810	57376	47705	161418	78944	26807	12240	8208	80171	82874	130247	152325	47898	6543	115040	86391	74005	13519	49647	118688	42965	82328	112286	8207	60260	94885	83064	33346	34791	111249	46185	23239	112719	119949	29968	115966	49283	25874	149825	55151	94788	80363	113109	81854	86577	156701	89121	83070	103036	87098	154312	95367	24913	49745	64377	60562	109558	43326	14262	64118	78450	4908	98709	41229	111223	40916	93126	69857	19179	26183	25044	165139	2162	36709	26504	98458	42328	114443	72822	69913	88124	71841	66058	72049	17884	157860	26414	101461	114449	99735	118257	30155	26467	132534	59681	54352	22223	110234	101224	46522	107261	32619	31512	28954	90935	35215	87059	92912	126172	38678	7612	51781	94439	110216	121340	118622	59407	77668	31060	47207	35808	48144	
108964	34148	18356	22544	52959	87767	85802	31021	36493	75863	0	60085	16827	26372	61969	15435	9949	41241	64741	53273	78360	27287	19950	27256	46976	69850	17617	51481	63627	32709	25506	88524	59252	61069	55684	17688	36629	57567	30984	37629	40751	69630	39766	24211	17748	62662	55402	59437	41363	57131	37703	23660	22308	53454	45520	71305	35715	62021	97380	39264	51963	64798	39965	113208	23362	57625	45977	65581	26640	25159	43714	20762	19330	84909	87137	23210	97607	18471	53032	32844	67670	111788	74039	88639	15768	77416	56537	28875	59165	94164	66333	23232	41148	52589	89869	83609	73750	52583	15873	103716	64231	58319	38520	33058	118039	47948	60788	27095	32301	10676	66832	46619	48792	81473	69033	50262	57493	88556	51628	27566	80530	87368	22268	27353	35478	52272	36284	19411	58129	19600	19173	28145	20815	91856	15065	46018	31663	22310	34567	47102	73037	77089	16921	58181	64275	25735	34344	48766	44085	30670	48855	59660	71977	53494	59857	65538	66420	103921	36002	48349	51987	74401	71492	20958	26271	45124	6076	89093	53400	48128	39004	51993	32784	55800	60078	56390	70077	24802	89639	105190	47778	31127	32415	44805	62330	69318	71887	28478	42112	30856	29283	48873	68389	69296	74213	31982	47759	58883	56165	43345	32097	67219	26447	41044	32597	
40362	87752	44952	86654	139558	48920	36014	46835	80096	7686	60085	0	75325	58541	21227	67755	51650	94710	32094	97177	42713	91273	47960	36446	100445	123319	69676	64296	117096	85342	41982	141993	112720	28422	155912	46129	89263	5894	34627	98738	111083	13359	93235	83316	81128	6454	19535	37850	111181	16841	87165	91934	87778	15480	18979	15034	89184	13292	27711	92733	11137	24056	93434	74562	49803	111093	115722	23889	80108	91381	30851	79867	60896	52262	48914	40157	15579	77576	7093	86312	37882	73141	17768	28558	48388	44769	152430	56239	23871	24495	8694	87919	90623	121259	143337	44963	13122	106052	77403	71070	5873	41805	109700	33977	79393	109057	3252	51272	102633	74076	30411	30733	102261	43250	20303	103731	110961	37717	112737	40295	20904	140837	46163	85799	88111	104121	72866	77589	147713	80133	90818	87250	79920	145324	79580	15925	44398	55389	51574	100570	40391	17158	55130	69462	3336	89721	32241	102235	33074	84138	60869	16244	23248	13380	156151	5608	33773	34252	89470	33340	105455	63834	60925	79136	62853	57070	63061	25632	148872	19057	92473	105461	96476	109269	21150	23532	123546	50693	51416	29913	101246	92236	37534	98273	29683	28577	26018	81947	26227	94808	88388	117184	35743	11658	44424	85451	101228	112352	109634	50419	68680	28124	38219	26820	39156	
107932	33117	37588	16218	68767	96218	84771	39471	49137	84313	16827	75325	0	51899	77302	10922	26004	19559	80074	86443	78343	20484	45716	44510	22434	51898	19617	90197	24312	32692	52094	70572	36873	76402	75449	39487	36613	72901	50188	18821	24929	84963	19721	20289	5592	77995	70735	59421	34561	72464	31921	24258	35129	68787	60853	86639	10440	77354	97363	21312	67296	80131	22013	128542	43161	26092	39875	80915	5724	25757	59047	21360	28799	100242	102470	45178	97590	19070	68365	14891	83003	127121	89372	88623	41746	92749	91970	42608	74499	94147	81666	35269	41131	45412	71917	98942	100224	30205	6974	119050	79564	58303	31718	49316	133372	29141	76121	42916	22858	6792	82166	61952	26414	96806	84366	21291	35114	88540	32820	44819	95863	69416	39522	13773	35462	55208	66224	10280	87253	7175	24481	11489	21413	73904	21073	61351	52522	48748	47446	24723	88371	92422	28247	95363	79608	18933	48729	26388	70993	7327	86769	74993	87311	68827	79503	80871	81753	103905	18049	63682	23016	89734	86825	6784	56212	69846	13452	89076	88412	63461	21052	29614	16559	33421	75411	71723	52125	44051	104972	105173	18807	12319	63435	26852	77663	84652	87220	9513	57446	28628	20881	41337	83722	84630	89546	12901	18789	40931	33786	76319	62038	82552	48332	56377	50960	
94828	67032	19512	32859	51374	79433	90481	13248	24172	67529	26372	58541	51899	0	62241	45423	20843	72378	65013	40903	99256	33542	28932	18850	78113	56968	20438	30464	94764	68867	28875	51541	54063	61341	55444	22703	72788	57840	35127	76406	77525	69902	42004	60985	58796	62934	55674	59259	41199	57404	35155	60433	36884	53726	45792	71578	66852	62293	84254	70402	52235	65070	71102	113481	10476	88762	43428	65854	57777	41529	28390	57536	7499	85181	87409	28394	84481	55245	53304	63981	67942	112060	74311	85101	14091	77688	50477	43451	59438	81038	66605	37808	77306	47163	59659	83881	74023	51614	41333	103989	64503	51450	38356	24652	118311	86726	61060	36078	69075	31580	67105	46891	43157	81745	69305	81399	46178	94260	90405	19160	80802	51280	22738	37682	71637	47847	15266	55258	45760	57802	38147	64918	57588	57099	57249	46290	37461	4058	38467	39231	73310	77361	12042	36685	64547	27099	25939	47797	55932	61807	27358	59932	72250	53766	52280	65810	66692	90795	67139	48621	83124	34838	31929	56805	5215	23627	40729	82175	46920	48400	70141	45283	74145	49395	60350	56662	52783	8308	89911	86456	78915	69904	21881	47669	62602	69591	72159	59615	42385	47943	66057	46325	68661	69569	61778	63119	78897	90020	55195	21848	12405	67491	33271	41316	24191	
51462	92435	46836	88538	141442	48537	47114	48719	81980	24163	61969	21227	77302	62241	0	69443	53339	96398	10819	98866	54480	92961	49648	38134	102133	125007	71364	65985	118784	92888	43670	143682	114409	17344	157601	47818	96808	17498	36316	100427	101545	25126	94924	85005	82816	18158	8456	47428	112869	5115	88854	84453	61295	14656	21984	26801	90873	10426	39477	94422	11569	5911	95123	53335	51492	112782	117411	5615	81797	64567	32539	81556	62585	24267	27687	41845	39704	79265	13517	88001	37058	51914	29535	40324	50077	33691	154119	65634	9567	36262	21828	59990	101326	122948	145026	23735	29246	107741	79092	59992	12636	49606	111389	35666	58166	110746	16283	52960	93095	75764	9183	26610	103950	22023	9389	105419	112650	49483	114426	41984	25691	142525	47852	87488	95657	105810	74555	79278	149401	81822	84677	88938	81609	147013	81269	19072	42446	57078	53263	102259	18787	32584	56818	71151	19771	91410	33930	103924	44101	85827	62557	8065	10982	18213	157840	21034	22695	46019	91159	35029	107144	65522	62613	80825	64542	58759	64749	37399	150561	18233	94161	107150	98165	110957	16141	12453	125234	52382	30189	41680	102935	93924	39223	99962	18605	7349	9918	83635	27916	70981	90077	118873	24665	24792	43600	87139	102917	114040	111322	52108	70368	6897	39908	28508	40845	
99509	24693	30018	22157	76623	88647	76347	31901	50043	76743	15435	67755	10922	45423	69443	0	19478	31148	83294	94302	69099	26967	26920	47730	36883	59757	21286	93417	53534	23448	41157	78431	49159	79622	83308	27217	17809	76121	53408	29929	29839	94028	29673	13300	11941	81216	73955	50177	41044	75685	38404	13358	17071	72008	64073	95290	25622	80575	88119	29171	70517	83352	29872	131762	46382	47531	52160	84135	16546	14857	62267	9850	32574	103462	105690	32739	88346	7560	71585	22750	86224	130341	98024	79379	25297	95969	99829	33364	77719	84903	84886	26025	23224	57698	79776	102162	90980	42490	13098	122270	82784	49058	38201	52537	136593	35825	79341	33672	21390	7721	85386	65172	38699	100026	87586	40169	47399	79296	39504	48040	99083	77275	42742	22238	26217	86267	49528	8891	95112	13793	13842	12863	10774	81763	10434	64572	55742	35554	38201	37009	91591	95642	30165	98583	82829	25416	51949	38673	54056	20576	89989	78214	90531	72048	87362	84092	84973	94660	25909	66902	41893	92955	90046	11150	39515	58368	5924	79832	96272	66681	28911	41899	17503	45707	78632	74944	59984	47272	108193	95929	37684	20313	66655	34711	80884	87872	90441	18385	60666	20554	18371	53623	86943	95558	92766	21889	37666	48790	46072	79540	45341	85772	51552	59597	54180	
87937	25391	9938	31769	56190	72542	78055	14685	39724	60638	9949	51650	26004	20843	53339	19478	0	47591	56380	64921	71395	36511	11589	18895	53326	76200	25463	66503	69977	22939	17146	59314	65602	52708	58914	9328	26033	49207	22624	51619	43288	61270	46116	26749	26973	54302	47041	42853	46978	48771	40934	26335	17719	45094	37159	62945	42065	53660	75621	45614	43602	56438	46315	104848	15002	63974	49207	57221	32989	22364	35353	23299	20775	76548	78776	14849	75848	21652	44671	39193	59310	103427	65679	76468	7407	69055	59767	24286	50805	72406	57972	18643	31449	55819	96219	75248	65390	58933	25097	95356	55870	35041	44135	24697	109679	52240	52427	18735	34839	19901	58472	38258	55142	73112	60672	56612	63842	85627	55919	19205	72169	59053	13907	38681	24736	55502	40610	27508	69778	33014	18982	32447	23491	98206	17291	37658	23303	16861	29978	53452	64677	68728	14582	71669	55915	34960	25984	55116	35724	37019	63075	51300	63617	45134	63087	57177	58059	82163	42351	39988	58336	66041	63132	33596	30597	39675	17755	73542	56631	39767	45354	58342	37857	62150	51718	48030	76427	13769	81279	77824	54127	45117	24054	51154	53969	60958	63527	34828	33752	28778	31820	52103	60029	60936	65852	38332	54109	65233	62515	52626	36424	58858	18086	32683	24236	
127317	52501	56973	23096	46255	115602	104155	58855	51807	103698	41241	94710	19559	72378	96398	31148	47591	0	98758	78027	97027	24226	64401	63194	8312	43482	40541	108881	12818	51376	70778	44154	31680	95086	49031	58172	55297	91585	68872	10102	32926	103648	15646	43494	21950	96680	89419	78105	30140	91149	33217	42942	53813	87471	79537	105323	6218	96038	116047	10863	85980	98815	12393	147226	61845	14599	34681	99599	11244	44441	77731	40044	49019	118926	121154	63863	116274	37754	87049	8699	101688	145805	108057	107307	60431	111433	83554	61293	93183	112832	100350	53954	59815	40219	63501	117626	118909	25011	25644	137734	98248	76987	28660	68001	152057	31190	94805	61600	30855	27012	100850	80636	21220	115490	103050	9798	29920	107224	30237	63504	114547	42998	58206	19004	54146	51990	84909	30525	78837	20955	43166	26154	40097	65488	39758	80036	71206	67432	66130	19530	107055	111106	67172	114047	98293	31919	67413	21194	89678	13245	105453	93677	105995	87512	71087	99555	100437	122589	8429	82366	11522	108419	105510	21448	74896	88530	33698	107761	79997	82145	5797	24420	26881	28228	94096	90408	43709	62735	123657	123857	7313	16679	82119	17232	96347	103336	105904	12415	76130	38595	33298	36143	102407	103314	108230	11790	7295	22275	28593	95004	80722	101236	67016	75061	69644	
62329	95207	49607	91309	144213	51308	57981	51490	84752	35030	64741	32094	80074	65013	10819	83294	56380	98758	0	101398	65503	95493	52180	40666	104665	127539	73896	68517	121316	95420	46202	146214	116941	12128	160133	50350	99340	24815	38848	102959	104077	36149	97456	87537	85348	29181	10615	49960	115401	12693	91386	86985	63827	17188	24516	37825	93405	21449	50501	96954	16432	13489	97654	51435	54024	115314	119943	5869	84329	67099	35071	84088	65117	19562	21895	44377	50728	81797	20279	90533	39590	50014	40558	51348	52609	18372	156651	68165	7754	47285	32852	62522	103858	125480	147558	21835	40270	110273	81624	40127	23659	52138	113921	38198	56265	113278	27307	55492	95627	78296	2482	29142	106482	16231	16967	107951	115182	60507	116957	44516	33561	145057	50384	90020	98189	108342	77087	81810	151933	84354	87209	91470	84141	149545	83801	21604	44978	59610	55795	104791	7691	43608	59350	73683	30794	93942	36462	106456	46633	88359	65089	19088	18852	23076	160372	32057	17648	57042	93691	37561	109676	68054	65145	83357	67074	61291	67281	48422	153093	20765	96693	109682	100697	113489	18864	15176	127766	54914	24397	52703	105467	96456	41755	102494	12559	14287	17788	86167	30448	73513	92609	121405	8504	35816	46132	89671	105449	116572	113854	54640	72900	5390	42440	31040	43377	
133464	115655	58148	50162	14789	125508	167309	55377	18414	106165	53273	97177	86443	40903	98866	94302	64921	78027	101398	0	161507	51644	65180	59396	87179	36774	42952	94844	88617	115856	65122	20058	34291	97588	14541	58951	119776	94087	71374	87593	110147	106150	48546	107973	86429	99182	91921	95507	35666	93651	31643	107421	118292	89974	82039	107825	79331	98541	120501	73244	88483	101318	51659	149728	51570	82614	33162	102101	85410	108921	68935	104524	41136	121428	123656	64642	120729	102233	89551	75254	120048	148307	110559	121348	55482	113935	9574	125772	95685	117286	102852	118433	124294	23248	18756	120129	110270	40243	90123	140236	100750	87697	40662	65197	154559	114359	97307	72325	108076	91491	103352	83138	42302	117992	105552	87535	32593	171703	113906	59705	117049	22657	58985	54531	118625	9685	40696	95004	4857	85435	107645	96707	104577	16196	104237	82538	73708	45153	74715	48453	109557	113608	46876	82563	100795	46758	66484	43220	92180	89440	91417	96180	108497	90014	11377	102058	102939	127043	72066	116310	89013	94382	90662	92002	38818	56164	98177	118423	6017	84647	74967	39417	101777	34993	96598	92910	32984	49402	126159	122704	84804	97537	116063	46748	98850	105838	108407	78489	78632	114618	113045	28424	104909	105816	114297	77863	84786	83873	47622	102105	35155	103738	69518	77563	64736	
30281	52954	83851	89578	142482	86492	9669	85733	118995	34965	78360	42713	78343	99256	54480	69099	71395	97027	65503	161507	0	98044	73861	56599	107216	130091	94376	103596	123868	55674	51926	148765	119492	61670	153642	85429	59595	49088	46859	105510	81415	33506	100007	67612	87899	41736	52782	31037	117952	50089	109481	62267	58111	53149	58279	34768	95956	46539	27597	99505	48807	57304	100206	107810	89103	117865	122494	57137	86880	61713	52961	73734	100197	85510	82161	53804	23677	71443	47354	93084	75551	106389	37502	17208	87688	78017	170163	57024	57119	20234	43505	58252	60955	128031	150109	78210	26311	112824	84175	104317	43832	36452	116472	73277	112640	90367	40178	65898	72966	80847	63658	65103	109033	76497	53551	110502	117733	15026	94046	60449	56186	147608	85464	92571	58444	156601	112167	84361	165445	86905	61150	81117	65179	152096	73447	55226	43700	94690	49764	107342	73638	28525	94430	108762	43666	96493	50927	109007	33824	90910	100169	49491	56496	55357	157695	36411	67021	26694	96242	72641	112227	103134	100225	82266	102154	96370	74852	17384	166605	56726	99244	112233	77816	116041	60467	56779	130317	89993	84664	35407	108018	99007	76834	105045	62931	61824	59266	88718	65527	65140	70993	123956	68990	35036	82094	92222	108000	119123	116405	89719	107980	61372	50398	49496	57556	
123880	49064	53536	4957	37146	112165	100718	43739	32301	100261	27287	91273	20484	33542	92961	26967	36511	24226	95493	51644	98044	0	46534	46474	30121	31039	12966	56943	36428	48691	68093	34997	25355	92401	37230	55486	52612	88900	66187	33712	45961	100962	9077	40809	15079	93994	86734	75420	16440	88463	13683	40257	51127	84786	76852	102638	20951	93353	113362	18534	83295	96130	15292	144541	41335	40817	22474	96914	17192	41756	75046	37359	24991	116241	118469	61177	113589	35068	84364	20221	99002	143120	105371	104622	36760	108748	42994	58607	90497	110146	97665	51268	57130	28356	36927	114941	116223	18687	13677	135048	95563	74302	11024	65315	149371	50173	92120	58915	43890	17578	98164	77951	10231	112805	100365	33407	21419	104539	53853	46784	111862	33841	55520	7120	51461	36970	41745	26279	52616	13917	40480	32521	37412	38914	37072	77350	68521	34615	63445	6305	104370	108421	29892	63869	95607	6839	64728	14870	86992	21222	58652	90992	103309	84826	40703	96870	97752	119904	17239	79681	35132	105733	102824	27816	31733	55740	24040	105075	53776	79460	22149	15174	37592	21904	91410	87722	28724	39482	120971	121172	30923	33351	51633	14742	93662	100650	103219	14660	73445	47453	45880	24240	99721	100629	105545	16674	30905	42075	22269	53961	37559	98551	64331	72376	66959	
84247	23870	6248	41770	64819	68852	76534	14344	48671	56948	19950	47960	45716	28932	49648	26920	11589	64401	52180	65180	73861	46534	0	13852	70114	92988	34072	62003	86765	21479	7241	111662	82390	48209	80096	9961	25428	44707	16119	68407	44449	56770	62904	28348	50797	49802	42541	29146	57605	44271	51561	25300	18487	40594	32659	58445	58853	49161	71121	62402	39103	51938	63103	100348	18180	80762	59834	52721	49777	21759	19096	24898	29274	72049	74277	8071	71349	23251	40171	55981	54810	98927	61179	71969	12220	64555	75129	22826	46305	67906	53472	17183	30844	66447	113007	70749	60890	75721	47073	90856	51370	25136	54762	19654	105179	53400	47927	8366	35999	29573	53972	33758	71930	68613	56172	73400	80630	81127	57080	15580	67669	110506	12442	55469	23276	72499	41244	47258	70411	49802	18754	34046	21319	114994	17370	33158	15173	23767	13897	70240	60177	64229	19526	67169	51415	40314	17597	71904	25819	53807	58576	46800	59117	40634	76931	52678	53560	77663	59139	35488	75124	61541	58632	35195	31231	44865	32730	69043	71571	35267	62142	75130	40849	78938	47218	43530	93215	19070	76779	73324	70915	61905	20684	67942	49470	56458	59027	51616	29252	28173	34026	62731	55529	56436	61353	55120	70897	82021	79303	48126	37057	54358	11581	28183	21608	
72733	59643	12123	55745	64779	57338	68385	5067	42887	45434	27256	36446	44510	18850	38134	47730	18895	63194	40666	59396	56599	46474	13852	0	68864	91738	32084	49992	85515	32729	12113	67954	81140	36197	74139	13437	36678	32696	10437	67158	68276	44759	61655	51736	49547	37791	30530	27543	55618	32260	49574	51184	29737	28582	16005	46434	57603	37149	59110	61153	27091	39927	61853	88337	8604	79513	57847	40710	48528	33009	9539	48287	23317	60037	62265	6318	59337	45996	28160	54732	42799	86916	49168	59957	12284	52544	69172	34076	34294	55895	41461	28433	42093	64459	111757	58737	48879	74472	45823	78845	39359	23470	52775	5802	93168	77477	35916	21403	59826	42495	41961	21747	70680	56601	44161	72150	79381	69116	81156	3487	55658	67693	6293	54219	34526	64142	35287	46009	64455	48553	32628	55669	48339	113744	48000	21147	14167	14768	21705	68990	48166	52217	17538	55158	39404	38327	7088	70655	24217	52558	46564	34789	47106	28623	70975	40666	41548	65652	57890	14017	73875	49530	46621	47556	25274	42766	31480	57031	65615	23256	60892	73881	64896	77688	35207	31519	91965	12234	64768	61313	69666	60655	11173	66693	37458	44447	47016	50366	17241	39423	56808	60743	43518	44425	49341	53870	69648	80771	78053	36115	31100	42347	8350	11721	6783	
133052	58236	62708	28831	68155	121337	109890	64590	57542	109433	46976	100445	22434	78113	102133	36883	53326	8312	104665	87179	107216	30121	70114	68864	0	44080	43172	114329	4555	56824	76226	62754	43091	100534	67631	63620	60745	97033	74320	11941	34765	109096	21095	38512	25289	102128	94867	83553	35588	96597	38665	48390	59261	92919	84985	110771	15079	101486	121495	14637	91428	104264	19502	152674	67293	5167	40129	105047	20391	49889	83179	45492	54467	124374	126602	69311	121723	43202	92497	14147	107136	151253	113505	112755	65879	116881	84152	66741	98631	118280	105798	59402	43253	64574	64098	123074	124357	30459	29245	143182	103696	82435	34108	73449	157505	28083	100253	67049	32694	32460	106298	86084	26668	120938	108498	3457	35368	112672	27130	68952	119995	61598	63654	24452	59594	70590	90357	35973	79434	26403	48614	27544	45545	66085	45206	85484	76654	72880	71578	24978	112503	116554	72620	119495	103741	37368	72861	26642	95126	16804	110901	99126	111443	92960	71684	105003	105885	128037	13878	87814	7853	113867	110958	25007	80344	93978	39146	113209	80594	87593	8417	29868	28719	33676	99544	95856	44307	68184	129105	129305	5356	18518	87567	23870	101795	108784	111353	17864	81578	40433	35136	53891	107855	108762	113678	17238	10853	10684	34041	100452	86170	106684	72464	80509	75092	
155926	81110	85582	37449	22670	144211	132764	87465	55188	132307	69850	123319	51898	56968	125007	59757	76200	43482	127539	36774	130091	31039	92988	91738	44080	0	40718	125630	53784	81022	100424	21185	6919	124732	26062	87818	84943	121231	98518	52760	75313	133294	26650	73140	51596	126325	119065	107751	18136	120795	23237	72588	83459	117117	109183	134969	44497	125684	145693	38411	115626	128461	30513	176872	91491	47781	17060	129245	50576	74087	107377	69690	50617	148572	150800	93509	145920	67400	116695	40421	131334	175451	137703	136953	90077	141079	42583	90939	122829	142478	129996	83600	89461	23005	22529	147272	148555	14581	55290	167380	127894	106633	23133	97647	181703	79525	124451	91246	73242	56658	130496	110282	24725	145136	132696	52702	15015	136870	84710	93150	144193	20028	87852	32635	83792	29021	77751	60171	37865	50601	72812	61874	69743	24516	69404	109682	100852	97078	95776	26557	136701	140752	96818	113348	127939	33601	97059	18481	119324	54606	122202	123323	135641	117157	30115	129201	130083	152235	37232	112012	54180	125168	121447	57169	57358	126434	63343	137406	39025	111791	40134	21840	66944	11738	123741	120054	5926	92381	153302	153503	49971	62704	111765	22009	125993	132982	135550	43655	105776	79785	78211	12322	132053	132960	145083	43030	49953	49039	11399	124650	72210	130882	96662	104707	99290	
105963	45396	30647	10353	42677	90568	97050	27863	26211	78664	17617	69676	19617	20438	71364	21286	25463	40541	73896	42952	94376	12966	34072	32084	43172	40718	0	45259	44506	45023	39815	41604	35911	72281	43463	26956	48944	68779	46066	39015	45123	80842	23852	37141	17640	73874	66614	70199	23047	68343	20407	36589	47460	64666	56732	82517	30633	73233	95194	38645	63175	76010	30067	124420	28935	57005	29080	76793	23836	38088	43614	33691	13307	96121	98349	39334	95421	31401	64244	32224	78882	123000	85251	100954	24360	88628	46276	54940	70377	91978	77545	47601	53462	36469	43533	94821	84962	33461	15258	114928	75443	62389	20204	39876	129251	49335	72000	41259	43052	14212	78044	57831	25005	92685	80245	41485	28025	100871	53014	34384	91742	40447	33677	17085	47793	42011	30061	22947	47868	17655	36813	31683	33744	45520	33405	57230	48401	24589	49407	21079	84249	88301	19201	52185	75487	7419	41163	29645	66872	27521	46968	70872	83189	64706	49596	76750	77632	101735	35382	59561	43210	54447	51538	26978	20048	44056	19948	93115	43139	59340	38384	27131	36753	31243	71290	67602	35887	27082	100851	97396	39001	32513	39233	29516	73542	80530	83099	25540	53324	43786	42212	30846	79601	80508	85425	31362	38983	58263	37043	42277	25875	78431	44211	52255	39415	
100583	105330	59730	57689	105343	49487	96236	41319	42148	73284	51481	64296	90197	30464	65985	93417	66503	108881	68517	94844	103596	56943	62003	49992	114329	125630	45259	0	131708	105811	56593	111396	125630	66014	105880	60741	109731	62512	49239	113350	114468	74575	66810	97928	95739	67607	60346	63932	66005	62076	59961	97377	74218	58399	50465	76250	103796	66966	88926	107345	56908	69743	108046	118153	36779	125705	70057	70526	94720	77490	45463	94479	32305	89854	92082	54769	89154	92188	57976	100924	44166	116732	78984	89774	40394	82361	102397	78557	64110	85711	71277	72914	114250	73075	123001	88554	78695	120664	92015	108661	69176	66109	63162	38333	122984	123669	65732	65883	106018	88687	71777	51563	67964	86418	73977	118342	70984	98932	127349	39334	85474	113995	60775	62488	108580	105789	15438	92201	97680	94745	97600	101862	94532	110937	94192	50963	55369	30361	66186	64038	77982	82034	38345	7165	69220	51905	46853	116847	60605	98750	4113	64605	76922	58439	106118	70483	71365	95468	104082	35070	120067	10374	9421	93748	26076	8010	77672	86848	98840	53072	107084	70089	111088	74202	65023	61335	124322	34611	94584	91129	115858	106847	34823	112885	67275	74263	76832	96558	47057	83904	103000	73526	73334	74241	38416	100062	115840	126963	124245	20864	25541	72163	52831	45988	36445	
149703	74887	79359	35137	69593	137988	126541	81242	63849	126084	63627	117096	24312	94764	118784	53534	69977	12818	121316	88617	123868	36428	86765	85515	4555	53784	44506	131708	0	73949	93351	64057	44394	117659	68934	80745	43558	114158	91445	10397	33927	126221	37376	38824	27555	119252	111992	100678	51870	113722	54947	65515	76386	110044	102110	127896	17346	118611	138620	19340	108553	121388	34123	169799	84418	6560	56411	122172	22658	67014	100304	62617	71592	141499	143727	86436	138847	60327	109622	20931	124261	168378	130630	129880	83004	134006	85455	83866	115756	135405	122923	76527	42415	65877	65401	140199	141481	46741	31512	160307	120821	99560	50389	90573	174629	26125	117378	84173	31856	49584	123423	103209	42950	138063	125623	3187	51650	129797	25171	86077	137120	62901	80779	43171	76719	71893	107482	53098	80737	43528	65739	26707	62670	67388	62331	102609	93779	90005	88703	41259	129628	133679	89745	136620	120865	44754	89986	42924	112250	19070	128026	116250	128568	110084	72987	122128	123010	145162	30159	104939	5894	130991	128082	26013	97469	111103	56270	130333	81897	104718	13120	46150	27882	49958	116668	112981	45610	85308	146229	146430	5448	17681	104692	38962	118920	125909	128477	36582	98703	39596	34299	55194	124980	125887	130803	35957	10650	8076	40596	117577	103295	123809	89589	97634	92217	
81510	4811	28433	43927	96832	112091	58348	55345	88606	77594	32709	85342	32692	68867	92888	23448	22939	51376	95420	115856	55674	48691	21479	32729	56824	81022	45023	105811	73949	0	20999	98442	69170	90193	103320	53279	5909	86692	30515	55187	26956	76541	49684	13153	37577	84772	84526	32690	67630	86256	59159	7807	4772	82578	74644	77803	45633	91145	70632	49182	81087	93923	49883	142333	56952	67543	72171	94706	36558	4948	33492	10926	68046	114033	116261	27862	70859	21121	82156	42762	96795	140912	80537	61892	28622	106540	119841	10011	88290	67416	86541	5867	11343	77709	99787	112733	73493	62501	33853	132841	86867	31571	66150	63108	147164	35907	83214	13513	18506	30525	95957	75743	58710	110597	98157	60180	67411	61809	39587	58611	99221	97286	53313	42249	5723	106278	80016	34038	115123	36583	7112	30794	10719	101774	15037	75143	29569	62539	18043	57020	102162	81609	62279	109154	86701	46171	31993	58685	36569	40588	100560	88784	101102	82619	107373	79446	95544	77174	45920	77473	61905	103526	100617	31943	70003	83637	24530	62345	116283	77252	48922	61911	23356	65718	89203	85515	79995	57843	118764	78442	57696	30929	77226	54723	91454	98443	101011	38396	71237	10680	16533	73634	97514	78071	103337	41900	57677	68801	66083	90111	75829	96343	25977	70168	64751	
78269	23393	7817	63329	116233	62874	73921	13526	48614	50970	25506	41982	52094	28875	43670	41157	17146	70778	46202	65122	51926	68093	7241	12113	76226	100424	39815	56593	93351	20999	0	118421	89149	41991	79941	10554	24951	38490	9901	75166	43971	50552	69663	30168	57556	43584	36324	22928	87609	38053	55388	24823	18010	34376	26442	52228	65612	42943	64904	69161	32885	45720	69862	94131	18026	87522	92150	46504	56537	21282	12878	27942	29119	65831	68059	7249	65131	30230	33954	62741	48592	92710	54961	65751	12813	58338	74974	22349	40088	61688	47255	16706	30366	97688	119766	64531	54673	82480	53832	84639	45153	18918	86129	13747	98961	52923	41710	9675	35522	50504	47754	27541	78689	62395	49955	80159	87390	74910	56602	15486	61452	117265	11620	62228	22799	72344	41089	54017	70257	56562	20901	48641	27734	121753	24906	26940	8956	23612	9978	76999	53960	58011	23352	60952	45197	66150	11379	78663	19601	60567	52358	40582	52899	34416	76777	46460	47342	71445	65899	29271	81884	55323	52414	55565	31076	48560	39489	62825	71417	29050	68901	81890	40372	85697	41000	37312	99974	18916	70561	67106	77675	68664	19780	74702	43252	50241	52809	58375	23035	27696	33549	93613	49311	50219	55135	61879	77656	88780	86062	41908	36902	48141	5364	21966	15391	
