//--------------------------------------------------------------------------------------------------------------------
//-- données sur l'ARDENNES récupérés par le géocodeur (matrice symétrique)
//-- 
//-- C. Duhamel, P. Lacomme C. Prodhon - JUILLET 2009 : 4555 kg à collecter, flotte de capa 5000
//--------------------------------------------------------------------------------------------------------------------
83 3 999999 0 0 0
10 100 35 1.1
15 200 50 2.2
2 500 120 2.7
0   // la ville qui represente le depot
0	46869	72543	44257	50706	36340	11062	23982	24072	42262	16642	27168	12873	40115	60087	65437	44113	55539	21054	14243	17831	28670	14259	17173	12488	59411	36506	8287	56372	28549	2304	35182	30968	36282	18491	7700	66925	25179	38692	7391	49405	30590	20446	37574	4248	17198	36965	67324	4347	12286	5095	43456	22784	31914	9564	39536	59171	34888	27608	18823	49763	27707	61556	31731	25108	73327	3011	15941	38402	54726	20894	36341	19079	61785	16170	17681	11078	46556	46032	8431	58276	10938	20897	9318	
46869	0	31530	8095	89586	49797	39641	56986	57076	75266	32036	61561	54791	73119	21210	24454	22357	94418	57451	39667	50835	61675	37118	54566	34373	98290	75060	53477	95251	61553	47455	59997	46366	75161	61628	50838	18756	61576	36812	40419	82409	49851	56843	70578	43002	56077	51838	26340	51278	39102	48233	5861	23572	64918	38954	72541	98050	43843	60612	52544	10863	66261	37553	56061	39095	32314	44643	53333	9378	12617	53898	25202	52492	20801	62254	47170	38192	85435	84911	45553	22056	47047	53901	40613	
72543	31530	0	37824	115652	62711	65707	83052	83142	101332	58102	87628	80857	99185	14149	15488	69076	120484	83517	65733	76901	87741	63184	80632	60439	124356	101126	79543	121317	87619	73521	79480	90039	101227	87694	76904	23522	87642	49694	66485	108475	69334	82909	96644	69068	82143	96036	17375	77345	65168	74299	28147	50724	90984	65020	98607	124116	93958	86678	78610	20708	92327	36693	75544	58578	8485	70709	79399	40175	20539	79965	44685	64711	16294	88320	73236	64258	111501	110977	71619	50256	73113	79967	66679	
44257	8095	37824	0	87719	57762	37774	55119	55209	73400	30169	59695	52924	71252	29270	28081	16584	92551	55584	37800	48968	59808	35251	52699	32506	96423	73193	51610	93384	59686	45588	69066	40944	73294	59762	48971	20147	59709	49430	38552	80542	62137	54976	68711	41135	54210	46415	26290	49412	37235	46366	13192	21706	63051	37087	70674	96184	38420	58745	50677	18923	64394	45613	65130	47060	38627	42776	51466	21386	17477	52032	37820	50625	27114	60387	45303	36325	83568	83044	43686	14062	45180	52035	38746	
50706	89586	115652	87719	0	48762	58014	75359	75449	93639	59631	37354	37657	91492	103076	108426	87101	5402	38215	63760	69208	80048	61211	72939	55476	9830	17192	54787	6792	68512	56053	34492	82346	14393	36420	42479	109913	34496	60386	58792	100782	45030	32559	75523	51220	34167	88343	110313	50831	63196	46375	86445	65773	83291	53944	76872	9591	86265	78985	38876	92751	26120	72554	33788	50313	116316	53367	59456	81390	97714	72271	64382	43704	104774	37772	45460	56565	4357	4967	63926	101265	65420	72274	49625	
36340	49797	62711	57762	48762	0	38692	56036	56127	74317	40308	15635	37664	72170	53700	62476	59033	53608	30142	44437	49886	60725	41889	53616	36154	57480	32416	44072	54441	60603	38050	19250	63023	44650	47157	37154	62319	35534	17755	39469	81459	5749	22013	69628	33859	33402	69020	64363	39005	43873	34550	44963	39181	63969	32352	71591	57240	66943	59662	19808	48078	26644	29924	14548	14624	56617	35364	52383	42988	51765	52949	23662	19851	58824	39897	23869	37243	44405	45274	44603	72738	46097	52952	28034	
11062	39641	65707	37774	58014	38692	0	21020	21110	39300	9520	30148	23378	37153	52524	57874	29467	63005	26038	5746	11201	25709	3197	18600	4925	66877	43646	17511	63838	25587	11489	39520	28007	43748	30215	19424	59362	30163	39079	4453	46443	32591	25430	34612	11588	24664	34004	59761	15313	5181	16820	35893	15221	28952	7541	36575	66637	31927	24646	21130	42200	34847	53993	35584	27109	65764	8677	17367	30839	47163	17933	34318	21079	54222	30841	15757	2214	54022	53498	9587	45834	11081	17936	9200	
23982	56986	83052	55119	75359	56036	21020	0	2019	20348	27051	48120	41349	18201	70496	75846	34378	80976	44009	13914	9335	6756	16253	5755	22896	69190	61618	30687	70777	5882	21707	57491	9866	61719	30599	37396	77333	48134	57050	17366	27491	50562	43401	15660	29560	42635	15051	77733	28488	16887	34791	53865	33193	10000	25512	17622	73039	12031	5555	39102	60171	52819	71964	53555	45080	83735	21853	7521	48810	65134	2488	52290	39051	72194	48813	33728	20458	71994	71469	14939	50745	14151	4526	27171	
24072	57076	83142	55209	75449	56127	21110	2019	0	18913	26619	47688	40917	16766	70064	75414	33947	80544	43577	13482	8903	5322	15821	7340	22464	68845	61186	30255	70432	5908	21275	57060	7923	61287	47755	36964	76901	47702	56619	16934	26056	50130	42969	14225	29128	42203	12896	77301	28056	16455	34359	53433	32761	8565	25080	16188	72694	10088	3612	38670	59739	52387	71532	53123	44649	83304	21421	14454	48378	64703	4073	51858	38619	71762	48381	33296	20026	71562	71037	14507	50313	13719	7433	26739	
42262	75266	101332	73400	93639	74317	39300	20348	18913	0	45030	66099	59329	2297	88475	93825	43107	98956	61989	31893	27315	14134	34232	26112	40875	85321	79597	48666	86908	23422	39686	75471	22072	79698	66166	55375	95313	66114	75030	35346	7143	68542	61381	8882	47539	60614	9889	95712	46467	34866	52770	71844	51172	11201	43491	7524	89171	20686	19056	57081	78151	70798	89943	71535	63060	101715	39832	32865	66790	83114	22846	70269	57030	90173	66792	51707	38437	89973	89449	32918	54733	32130	24688	45151	
16642	32036	58102	30169	59631	40308	9520	27051	26619	45030	0	31962	25191	43519	45767	51118	29793	64818	27851	9240	14695	32075	6691	24966	4778	68690	45460	23877	65651	31953	17855	41333	28806	45561	32029	21238	52605	31976	40559	10819	52809	34404	27243	40978	13402	26477	40370	53004	21679	8676	18633	29136	8464	35318	9354	42941	68451	32725	31012	22944	35443	36661	47236	37397	25479	59007	15043	23733	24082	40406	19662	28948	22892	47465	32654	17570	7976	55835	55311	15953	43957	17447	19664	11013	
27168	61561	87628	59695	37354	15635	30148	48120	47688	66099	31962	0	24718	63914	57107	80848	59523	42391	14186	36182	41630	52469	33633	45360	27898	46263	21199	30016	43224	52348	29691	8034	54767	33434	31202	24209	82335	18312	25242	31214	73204	9886	6722	61373	24859	17447	60764	82734	26059	35617	21604	58867	38194	55713	24097	63335	46024	58687	51407	9018	52396	14097	37410	4582	15020	67607	27005	44128	53812	70136	44693	29089	12674	77195	23942	15614	28987	33189	34057	36347	73687	37841	44696	19778	
12873	54791	80857	52924	37657	37664	23378	41349	40917	59329	25191	24718	0	56356	67940	73290	51966	42522	10027	28624	34072	44912	26075	37803	20340	46394	25662	16632	43355	44790	16505	32733	47210	23265	13556	5296	74778	15121	40048	23656	65646	31946	17996	53815	13946	5572	53207	75177	12676	28060	8221	51309	30637	48155	17416	55778	46155	51130	43849	16374	57615	25257	52216	29281	26464	81180	18231	36570	46255	62579	37136	38807	20435	69638	9760	15232	21429	33539	33015	28790	66129	30284	37139	16587	
40115	73119	99185	71252	91492	72170	37153	18201	16766	2297	43519	63914	56356	0	86331	91681	40969	96812	59845	29749	25171	11990	32088	23968	38732	83177	77453	46522	84764	21278	37542	73327	21223	77555	64022	53231	93169	63970	72886	33202	9443	66398	59237	6739	45395	58471	7752	93568	44323	32722	50626	69700	49028	9057	41348	5380	87027	18548	16912	54937	76007	68654	87799	69391	60916	99571	37688	30721	64646	80970	20702	68125	54886	88029	64648	49564	36293	87829	87305	30774	52596	29986	22545	43007	
60087	21210	14149	29270	103076	53700	52524	70496	70064	88475	45767	57107	67940	86331	0	14982	56857	108264	71297	53513	64682	75521	50964	68412	48220	112136	76063	67324	109098	75399	61301	62898	77819	89007	75475	64684	23341	75423	36002	54265	96256	50467	70689	84424	56848	69923	83816	16869	65125	52949	62079	17820	38505	78765	52800	86387	111897	81739	74459	66390	10380	80107	23001	58961	41995	10956	58490	67180	27956	11143	67745	28102	48128	12943	76101	61016	52039	99282	98757	59399	40859	60893	67748	54460	
65437	24454	15488	28081	108426	62476	57874	75846	75414	93825	51118	80848	73290	91681	14982	0	62205	113613	76646	58862	70030	80870	56313	73761	53568	117485	94255	72672	114446	80748	66650	72609	83168	94356	80823	70033	8034	80771	49424	59614	101604	62463	76038	89773	62197	75272	89165	1887	70474	58297	67428	21271	43853	84113	58149	91736	117245	87087	79807	71739	13832	85456	39858	68673	51707	19261	63838	72528	33304	13663	73094	37814	57840	3344	81449	66365	57387	104630	104106	64748	32434	66242	73096	59808	
44113	22357	69076	16584	87101	59033	29467	34378	33947	43107	29793	59523	51966	40969	56857	62205	0	92518	55551	27510	29978	33232	26639	33919	32473	96390	73159	51577	93351	36331	45554	69033	24360	73261	59728	48937	35838	59676	49397	39126	49390	62104	54943	42682	41101	54177	29831	63707	49378	28623	46332	27908	21672	37023	37054	42791	96150	21837	28310	50643	46145	64360	53810	65097	47027	69709	42743	36646	25989	51108	31164	37786	50592	58168	60354	45270	36292	83535	83011	36699	16367	35911	30172	38713	
55539	94418	120484	92551	5402	53608	63005	80976	80544	98956	64818	42391	42522	96812	108264	113613	92518	0	42936	68481	73929	84768	65932	77659	60197	9204	21913	59508	6166	70904	60773	39212	87066	19113	41141	47200	114634	39217	65107	63513	105503	49751	37280	77916	55941	38888	93063	115033	55551	67916	51096	91165	70493	88012	58664	79265	8965	90986	83706	43596	97472	30841	77275	38509	55034	121036	58087	71906	86111	102435	76992	69103	48425	109494	42493	50181	61286	9077	9687	68646	105986	70140	76995	54346	
21054	57451	83517	55584	38215	30142	26038	44009	43577	61989	27851	14186	10027	59845	71297	76646	55551	42936	0	31284	36732	47572	28735	40463	23000	46986	21961	25393	43947	47450	23577	27557	49870	23857	18210	14723	77438	4341	34775	26316	68306	24402	7465	56475	18745	4456	55867	77837	21436	30720	16981	53969	33297	50815	20077	58438	46747	53790	46509	10334	60275	13677	46944	18749	21192	83840	20891	39230	48915	65239	39796	35261	15162	72298	10950	15631	24089	34132	33607	31450	68789	32944	39799	19247	
14243	39667	65733	37800	63760	44437	5746	13914	13482	31893	9240	36182	28624	29749	53513	58862	27510	68481	31284	0	5665	18496	2549	13386	11527	80930	49414	20572	69606	15799	14550	45288	19776	49515	35983	25192	60200	35931	48154	6838	39231	38358	31198	27400	17356	30431	26791	60599	18373	2275	22587	36731	16059	21740	13308	29362	72405	23695	16401	26898	43038	40615	54831	41352	32877	66602	11738	16113	31677	48001	10632	36543	26847	55060	36609	21524	7982	59790	59265	16166	43877	11240	10635	14968	
17831	50835	76901	48968	69208	49886	11201	9335	8903	27315	14695	41630	34072	25171	64682	70030	29978	73929	36732	5665	0	13771	7881	8661	19398	76205	58120	19261	78311	11073	13219	53993	15050	58221	31474	33898	73835	44636	53552	13868	34505	47064	39903	22674	26062	39137	22066	74234	17063	6481	31293	50367	29694	17014	22014	24637	81111	18970	11675	35604	56673	49321	68466	50057	41582	80237	18355	8396	45312	61636	5906	48791	35552	68695	45314	30230	16959	68495	67971	7773	46334	5891	5909	23673	
28670	61675	87741	59808	80048	60725	25709	6756	5322	14134	32075	52469	44912	11990	75521	80870	33232	84768	47572	18496	13771	0	20645	12525	27289	71734	66010	35079	73321	9835	26099	61884	9233	66112	52579	41788	81726	52527	61443	21759	21281	54955	47794	9450	33952	47028	8295	82125	32880	21279	39183	58257	37585	3790	29905	11413	75584	11399	4923	43494	64564	57211	76356	57948	49473	88128	26245	19278	53203	69527	9259	56682	43443	76586	53205	38121	24850	76386	75862	19331	55138	18543	10555	31564	
14259	37118	63184	35251	61211	41889	3197	16253	15821	34232	6691	33633	26075	32088	50964	56313	26639	65932	28735	2549	7881	20645	0	15725	8978	70096	46865	20730	67057	18137	14708	42739	22114	46967	33434	22643	57651	33382	45605	6547	41569	35810	28649	29738	14808	27883	29130	58050	18532	1984	20039	34183	13510	24078	10760	31701	69856	26034	18739	24349	40489	38066	52282	38803	30328	64053	11896	18452	29128	45452	12970	33995	24298	52511	34060	18976	5433	57241	56717	10014	42980	12727	12973	12419	
17173	54566	80632	52699	72939	53616	18600	5755	7340	26112	24966	45360	37803	23968	68412	73761	33919	77659	40463	13386	8661	12525	15725	0	20452	66412	59174	20228	67999	7458	14185	55048	16231	59275	25248	25043	74890	45691	54607	14922	32830	48118	40957	20999	18429	40191	20391	75289	18030	14437	22438	51421	30749	15339	23068	22962	70261	18396	11920	36658	57727	50375	69520	51111	42637	81292	14337	2170	46367	62691	3287	49846	36607	69750	32508	31284	18014	69550	69025	8739	50370	6235	6154	24728	
12488	34373	60439	32506	55476	36154	4925	22896	22464	40875	4778	27898	20340	38732	48220	53568	32473	60197	23000	11527	19398	27289	8978	20452	0	63937	40706	19464	60898	27540	13442	36580	29960	40808	27275	16484	55142	27223	33100	6406	48396	29651	22490	36565	8649	21724	35957	55541	17265	11021	13880	31673	11001	30905	4601	38528	63697	33879	26599	18190	37980	31907	49772	32644	21444	61544	10630	19320	26619	42943	19885	28339	18139	50002	27901	12817	3699	51082	50558	11540	46493	13034	19888	6260	
59411	98290	124356	96423	9830	57480	66877	69190	68845	85321	68690	46263	46394	83177	112136	117485	96390	9204	46986	80930	76205	71734	70096	66412	63937	0	25922	53356	3150	63268	59384	43221	76660	23122	45150	51208	118643	43225	69115	67521	91712	53759	41289	70279	59950	42897	79273	119042	59560	71925	55105	95174	74502	74222	62673	71628	4734	78826	72349	47605	101480	34850	81284	42517	59042	125045	62096	64270	90120	106444	71901	73111	52433	113503	46501	54190	65294	13086	13696	72655	109994	69272	73939	58354	
36506	75060	101126	73193	17192	32416	43646	61618	61186	79597	45460	21199	25662	77453	76063	94255	73159	21913	21961	49414	58120	66010	46865	59174	40706	25922	0	39297	22880	62845	38972	18154	65265	12236	24546	33490	92833	18158	44048	41711	83701	28692	16221	71870	34140	27171	71262	93232	35341	46115	30885	69364	48692	66211	37606	73833	25679	69185	61904	22538	75671	9782	56216	17450	33975	99235	36286	54625	64310	80634	55191	48044	27366	87693	25898	29122	39485	12844	13713	46845	84184	48339	55194	33287	
8287	53477	79543	51610	54787	44072	17511	30687	30255	48666	23877	30016	16632	46522	67324	72672	51577	59508	25393	20572	19261	35079	20730	20228	19464	53356	39297	0	60274	21393	6028	38034	36790	40025	17972	11444	71571	28031	46454	13212	55226	38352	23298	43395	12798	20941	42787	71971	3956	18107	8839	48103	27431	37735	15922	45357	62536	40709	33429	21675	54409	30559	66202	34583	32871	77974	8832	16560	43048	59373	26715	42699	26841	66432	19914	20533	16629	50300	49775	14252	62923	13993	26718	15759	
56372	95251	121317	93384	6792	54441	63838	70777	70432	86908	65651	43224	43355	84764	109098	114446	93351	6166	43947	69606	78311	73321	67057	67999	60898	3150	22880	60274	0	65000	61864	40303	78393	20204	42232	48290	115725	40307	66197	64603	93445	50842	38371	72011	57032	39979	81006	116124	56642	69007	52187	92256	71584	75954	59755	73360	3060	80558	74082	44687	98563	31932	78366	39600	56125	122127	59178	66002	87202	103526	73634	70193	49516	110585	43584	51272	62377	10168	10778	69737	107077	71231	75672	55437	
28549	61553	87619	59686	68512	60603	25587	5882	5908	23422	31953	52348	44790	21278	75399	80748	36331	70904	47450	15799	11073	9835	18137	7458	27540	63268	62845	21393	65000	0	21375	61924	13601	54067	27911	41828	81766	52567	61483	21799	30385	54995	47834	16132	33992	47067	17946	82165	32920	21319	39223	58297	37625	12895	29944	20517	67045	15766	9290	43534	64603	57251	76396	57988	49513	88168	26285	7970	53243	69567	5169	56722	43483	76626	35171	38160	24890	64341	63817	19371	55177	13425	7336	31604	
2304	47455	73521	45588	56053	38050	11489	21707	21275	39686	17855	29691	16505	37542	61301	66650	45554	60773	23577	14550	13219	26099	14708	14185	13442	59384	38972	6028	61864	21375	0	39259	30767	41291	21949	11158	65549	27707	40431	7190	49203	32330	22974	37372	6776	22207	36764	65948	3829	12085	8553	42080	21408	31713	9899	39335	64181	34687	27406	20870	48387	30235	60180	35323	26848	71951	2810	13007	37026	53350	20693	36677	20818	60409	19628	15496	10606	51566	51042	6822	56901	8005	20696	9737	
35182	59997	79480	69066	34492	19250	39520	57491	57060	75471	41333	8034	32733	73327	62898	72609	69033	39212	27557	45288	53993	61884	42739	55048	36580	43221	18154	38034	40303	61924	39259	0	65619	30310	38005	33606	73991	23783	30934	42065	84056	15578	16119	72224	34255	26844	71616	76035	35456	46469	31001	56635	49046	66565	34949	74187	42900	69539	62259	18415	59750	14894	43102	4336	22374	74961	36401	54980	54660	63437	55545	36443	22448	70496	33339	26465	39839	30065	30933	47199	84539	48693	55548	30630	
30968	46366	90039	40944	82346	63023	28007	9866	7923	22072	28806	54767	47210	21223	77819	83168	24360	87066	49870	19776	15050	9233	22114	16231	29960	76660	65265	36790	78393	13601	30767	65619	0	68570	41012	44247	84185	54986	63902	24217	30514	57413	50252	18683	36411	49486	12032	84584	35339	21713	41642	60716	40044	13024	32363	20646	80360	2403	4311	45953	67022	59670	78815	60406	51932	90587	28704	17934	55662	71986	12962	59141	45902	79045	55664	40579	27309	78845	78320	21790	42906	21002	10397	34023	
36282	75161	101227	73294	14393	44650	43748	61719	61287	79698	45561	33434	23265	77555	89007	94356	73261	19113	23857	49515	58221	66112	46967	59275	40808	23122	12236	40025	20204	54067	41291	30310	68570	0	22028	28086	95521	29614	56266	44399	86389	40910	28440	61131	36828	19775	73950	95920	36438	48803	31983	72052	51380	68899	38160	62480	22890	71873	64592	33369	78359	22001	68435	29668	46193	101923	38974	45064	66998	83322	57879	60262	38197	90381	23379	35975	42173	10275	9750	49533	86872	51027	57882	37330	
18491	61628	87694	59762	36420	47157	30215	30599	47755	66166	32029	31202	13556	64022	75475	80823	59728	41141	18210	35983	31474	52579	33434	25248	27275	45150	24546	17972	42232	27911	21949	38005	41012	22028	0	13190	81556	23304	51790	30434	72424	41417	24480	60593	20001	13755	59985	81955	18278	34838	13396	58087	37415	54934	24195	62556	45013	57908	36711	27349	64394	24189	63959	36265	38207	87958	21502	23036	53033	69357	28078	47677	32177	76416	7260	25517	28208	32398	31873	26922	72907	28038	30944	23365	
7700	50838	76904	48971	42479	37154	19424	37396	36964	55375	21238	24209	5296	53231	64684	70033	48937	47200	14723	25192	33898	41788	22643	25043	16484	51208	33490	11444	48290	41828	11158	33606	44247	28086	13190	0	70765	19947	39543	19643	61634	31441	17491	49802	9210	10398	49194	71164	7488	24047	2605	47296	26624	44143	13404	51765	50981	47117	39837	15868	53603	24752	51711	28776	25959	77167	10711	32558	42242	58566	33123	36886	19929	65625	10869	14727	17417	38365	37841	16132	62117	18639	33126	12575	
66925	18756	23522	20147	109913	62319	59362	77333	76901	95313	52605	82335	74778	93169	23341	8034	35838	114634	77438	60200	73835	81726	57651	74890	55142	118643	92833	71571	115725	81766	65549	73991	84185	95521	81556	70765	0	82760	49247	61603	103593	62286	78027	91762	64186	77261	91154	6209	72463	60286	69417	21718	45842	86102	60138	93725	119235	57675	81796	73728	14279	87445	40969	68496	51530	27262	65827	74517	27473	12465	75083	37637	57663	11936	83438	68354	59376	106619	106095	66737	24457	68231	75086	61797	
25179	61576	87642	59709	34496	35534	30163	48134	47702	66114	31976	18312	15121	63970	75423	80771	59676	39217	4341	35931	44636	52527	33382	45691	27223	43225	18158	28031	40307	52567	27707	23783	54986	29614	23304	19947	82760	0	39049	30590	72580	28676	11738	60749	23019	9698	60141	82111	24219	34994	19764	58243	37571	55089	24350	62712	42981	58063	50783	14607	64549	9872	51218	21949	25466	88114	25165	43504	53188	69513	44069	39535	19436	76572	16193	19905	28363	30146	31015	35724	73063	37218	44072	23521	
38692	36812	49694	49430	60386	17755	39079	57050	56619	75030	40559	25242	40048	72886	36002	49424	49397	65107	34775	48154	53552	61443	45605	54607	33100	69115	44048	46454	66197	61483	40431	30934	63902	56266	51790	39543	49247	39049	0	39802	81792	14902	30147	69961	35490	37283	69353	50620	40636	44000	36181	31220	30063	64301	30901	71923	68398	57672	59995	23699	34335	37416	12900	25456	12866	43422	36995	52716	29245	38022	53281	10894	19000	45081	43778	25500	37575	55563	56431	44936	63619	46429	53284	29058	
7391	40419	66485	38552	58792	39469	4453	17366	16934	35346	10819	31214	23656	33202	54265	59614	39126	63513	26316	6838	13868	21759	6547	14922	6406	67521	41711	13212	64603	21799	7190	42065	24217	44399	30434	19643	61603	30590	39802	0	42627	33595	26434	30796	8959	25668	30188	60765	11544	4904	17824	36897	16225	25136	8545	32758	67641	28110	20830	22135	43204	35852	54997	36588	28113	66768	4909	13551	31843	48167	14116	35322	22083	55226	31845	16761	3103	55026	54502	4913	51718	7421	14119	10204	
49405	82409	108475	80542	100782	81459	46443	27491	26056	7143	52809	73204	65646	9443	96256	101604	49390	105503	68306	39231	34505	21281	41569	32830	48396	91712	83701	55226	93445	30385	49203	84056	30514	86389	72424	61634	103593	72580	81792	42627	0	75684	68523	16025	54682	67757	17032	102855	53610	42009	59913	78987	58315	18343	50634	14667	96313	27829	26199	64224	85293	77941	97086	78677	70203	108858	46975	40008	73932	90256	29988	77412	64173	97316	73935	58850	45580	97116	96591	40061	56147	39273	31831	52293	
30590	49851	69334	62137	45030	5749	32591	50562	50130	68542	34404	9886	31946	66398	50467	62463	62104	49751	24402	38358	47064	54955	35810	48118	29651	53759	28692	38352	50842	54995	32330	15578	57413	40910	41417	31441	62286	28676	14902	33595	75684	0	16263	63879	28109	27653	63271	64478	33255	38123	28800	45078	40701	58219	26603	65841	53759	61193	53913	14059	48193	22912	27848	10817	12284	58370	29614	46634	43103	51880	47199	23777	14102	58939	34148	18120	31493	40924	41792	38854	76193	40347	47202	22284	
20446	56843	82909	54976	32559	22013	25430	43401	42969	61381	27243	6722	17996	59237	70689	76038	54943	37280	7465	31198	39903	47794	28649	40957	22490	41289	16221	23298	38371	47834	22974	16119	50252	28440	24480	17491	78027	11738	30147	26434	68523	16263	0	55867	18137	10725	55259	77229	19338	30112	14882	53361	32689	50207	19469	57830	41007	53182	45901	6529	59667	7384	43139	11285	17387	83232	20283	38622	48307	64631	39188	31456	11357	71690	17220	13113	23481	28172	29041	30842	68181	32336	39191	17278	
37574	70578	96644	68711	75523	69628	34612	15660	14225	8882	40978	61373	53815	6739	84424	89773	42682	77916	56475	27400	22674	9450	29738	20999	36565	70279	71870	43395	72011	16132	37372	72224	18683	61131	60593	49802	91762	60749	69961	30796	16025	63879	55867	0	42894	55969	14302	91066	41822	30221	48125	67198	46526	6422	38846	2398	74120	20887	14411	52435	73505	66153	85298	66889	58414	97069	35186	28219	62144	78468	18200	65623	52384	85527	62146	47062	33791	71416	70892	28273	59146	27485	20043	40505	
4248	43002	69068	41135	51220	33859	11588	29560	29128	47539	13402	24859	13946	45395	56848	62197	41101	55941	18745	17356	26062	33952	14808	18429	8649	59950	34140	12798	57032	33992	6776	34255	36411	36828	20001	9210	64186	23019	35490	8959	54682	28109	18137	42894	0	16545	38539	64190	8595	13860	6583	40322	19650	33488	6429	41110	58519	36462	29181	15689	46628	24572	58421	28596	22675	70192	4092	17182	35267	51591	22468	33207	16645	58651	17658	11322	8528	45904	45379	9672	55142	12179	22471	7055	
17198	56077	82143	54210	34167	33402	24664	42635	42203	60614	26477	17447	5572	58471	69923	75272	54177	38888	4456	30431	39137	47028	27883	40191	21724	42897	27171	20941	39979	47067	22207	26844	49486	19775	13755	10398	77261	9698	37283	25668	67757	27653	10725	55969	16545	0	54493	76463	16981	29346	12526	52595	31923	49441	18702	57064	42291	52415	45135	13594	58901	18885	50204	22010	24452	82466	19517	37856	47540	63865	38422	38521	18423	70924	6495	16518	22715	29676	29152	30076	67415	31570	38424	17873	
36965	51838	96036	46415	88343	69020	34004	15051	12896	9889	40370	60764	53207	7752	83816	89165	29831	93063	55867	26791	22066	8295	29130	20391	35957	79273	71262	42787	81006	17946	36764	71616	12032	73950	59985	49194	91154	60141	69353	30188	17032	63271	55259	14302	38539	54493	0	90415	41171	29570	47474	66547	45875	12081	38195	12959	83874	10797	9739	51785	72854	65502	84647	66238	57763	96418	34535	27568	61493	77817	17549	64972	51733	84876	61495	46411	33140	84676	84152	27622	44844	26834	15371	39854	
67324	26340	17375	26290	110313	64363	59761	77733	77301	95712	53004	82734	75177	93568	16869	1887	63707	115033	77837	60599	74234	82125	58050	75289	55541	119042	93232	71971	116124	82165	65948	76035	84584	95920	81955	71164	6209	82111	50620	60765	102855	64478	77229	91066	64190	76463	90415	0	72360	60184	69314	23158	45740	86000	60035	93622	119132	88974	81694	73625	15718	87342	41745	70560	53593	21148	65725	74415	35191	13040	74980	39700	59727	3836	83336	68251	59274	106517	105993	66634	30644	68128	74983	61695	
4347	51278	77345	49412	50831	39005	15313	28488	28056	46467	21679	26059	12676	44323	65125	70474	49378	55551	21436	18373	17063	32880	18532	18030	17265	59560	35341	3956	56642	32920	3829	35456	35339	36438	18278	7488	72463	24219	40636	11544	53610	33255	19338	41822	8595	16981	41171	72360	0	15909	4883	45904	25232	35537	13723	43159	58959	38511	31230	17719	52211	26603	64004	30627	27810	75775	6633	16797	40850	57174	24517	40501	21780	64233	15957	16577	14430	46343	45819	12054	60725	11795	24520	13561	
12286	39102	65168	37235	63196	43873	5181	16887	16455	34866	8676	35617	28060	32722	52949	58297	28623	67916	30720	2275	6481	21279	1984	14437	11021	71925	46115	18107	69007	21319	12085	46469	21713	48803	34838	24047	60286	34994	44000	4904	42009	38123	30112	30221	13860	29346	29570	60184	15909	0	22696	36167	15495	27780	13417	35403	72514	25761	18466	27007	42473	40724	54266	41460	32985	66038	9781	13247	31113	47437	12697	35979	26956	54496	36717	21633	7984	59899	59374	8030	44965	10742	12700	15076	
5095	48233	74299	46366	46375	34550	16820	34791	34359	52770	18633	21604	8221	50626	62079	67428	46332	51096	16981	22587	31293	39183	20039	22438	13880	55105	30885	8839	52187	39223	8553	31001	41642	31983	13396	2605	69417	19764	36181	17824	59913	28800	14882	48125	6583	12526	47474	69314	4883	22696	0	44691	24019	41538	10799	49160	54503	44512	37232	13264	50998	22147	49106	26171	23354	74562	8106	29953	39637	55961	30518	34282	17325	63020	11075	12122	14812	41888	41364	13527	59512	16034	30521	9970	
43456	5861	28147	13192	86445	44963	35893	53865	53433	71844	29136	58867	51309	69700	17820	21271	27908	91165	53969	36731	50367	58257	34183	51421	31673	95174	69364	48103	92256	58297	42080	56635	60716	72052	58087	47296	21718	58243	31220	36897	78987	45078	53361	67198	40322	52595	66547	23158	45904	36167	44691	0	22127	62387	36423	70010	95519	65361	58081	50012	7427	63730	28003	51157	34191	28878	42112	50802	6506	9181	51367	20298	49961	17365	59723	44639	35661	82904	82380	43022	27153	44516	51370	38082	
22784	23572	50724	21706	65773	39181	15221	33193	32761	51172	8464	38194	30637	49028	38505	43853	21672	70493	33297	16059	29694	37585	13510	30749	11001	74502	48692	27431	71584	37625	21408	49046	40044	51380	37415	26624	45842	37571	30063	16225	58315	40701	32689	46526	19650	31923	45875	45740	25232	15495	24019	22127	0	41715	15750	49337	74847	28258	37408	29340	27721	43057	39514	43793	28431	51285	21439	30129	16360	32684	30695	19191	29289	39743	39051	23966	14989	62232	61707	22349	35666	23843	30698	17409	
31914	64918	90984	63051	83291	63969	28952	10000	8565	11201	35318	55713	48155	9057	78765	84113	37023	88012	50815	21740	17014	3790	24078	15339	30905	74222	66211	37735	75954	12895	31713	66565	13024	68899	54934	44143	86102	55089	64301	25136	18343	58219	50207	6422	33488	49441	12081	86000	35537	27780	41538	62387	41715	0	33181	8470	78860	15222	8746	46771	67840	60488	79633	61224	52749	91404	29522	22554	56479	72803	12535	59958	46719	79862	56481	41397	28126	79662	79138	22608	58414	21820	14378	34840	
9564	38954	65020	37087	53944	32352	7541	25512	25080	43491	9354	24097	17416	41348	52800	58149	37054	58664	20077	13308	22014	29905	10760	23068	4601	62673	37606	15922	59755	29944	9899	34949	32363	38160	24195	13404	60138	24350	30901	8545	50634	26603	19469	38846	6429	18702	38195	60035	13723	13417	10799	36423	15750	33181	0	41077	61738	36429	29148	15124	42914	28841	45113	29577	19962	66479	6949	21869	31554	47878	22435	27497	15073	54937	25942	9750	6728	49630	48599	14089	51428	15583	22438	4463	
39536	72541	98607	70674	76872	71591	36575	17622	16188	7524	42941	63335	55778	5380	86387	91736	42791	79265	58438	29362	24637	11413	31701	22962	38528	71628	73833	45357	73360	20517	39335	74187	20646	62480	62556	51765	93725	62712	71923	32758	14667	65841	57830	2398	41110	57064	12959	93622	43159	35403	49160	70010	49337	8470	41077	0	75469	22850	16373	54398	75467	68115	87260	68852	60377	99032	37149	30182	64107	80431	20163	67586	54347	87490	64109	49024	35754	72765	72241	30235	57822	29447	22005	42468	
59171	98050	124116	96184	9591	57240	66637	73039	72694	89171	68451	46024	46155	87027	111897	117245	96150	8965	46747	72405	81111	75584	69856	70261	63697	4734	25679	62536	3060	67045	64181	42900	80360	22890	45013	50981	119235	42981	68398	67641	96313	53759	41007	74120	58519	42291	83874	119132	58959	72514	54503	95519	74847	78860	61738	75469	0	82705	76229	47399	101275	34644	81078	42311	58836	124839	61890	68149	89914	106238	75780	72905	52228	113297	46296	53984	65089	12880	13490	72449	109789	73943	77818	58149	
34888	43843	93958	38420	86265	66943	31927	12031	10088	20686	32725	58687	51130	18548	81739	87087	21837	90986	53790	23695	18970	11399	26034	18396	33879	78826	69185	40709	80558	15766	34687	69539	2403	71873	57908	47117	57675	58063	57672	28110	27829	61193	53182	20887	36462	52415	10797	88974	38511	25761	44512	65361	28258	15222	36429	22850	82705	0	6473	48652	69721	62369	81514	63106	54631	93286	31403	20096	58361	74685	15124	46802	48601	81744	58363	43278	30008	81544	81020	24489	40503	23701	12559	36722	
27608	60612	86678	58745	78985	59662	24646	5555	3612	19056	31012	51407	43849	16912	74459	79807	28310	83706	46509	16401	11675	4923	18739	11920	26599	72349	61904	33429	74082	9290	27406	62259	4311	64592	36711	39837	81796	50783	59995	20830	26199	53913	45901	14411	29181	45135	9739	81694	31230	18466	37232	58081	37408	8746	29148	16373	76229	6473	0	42179	63249	55897	75042	56633	48158	86813	24930	13623	51888	68212	8651	55367	42128	75271	51890	36806	23535	75071	74547	18017	46979	17229	6086	30249	
18823	52544	78610	50677	38876	19808	21130	39102	38670	57081	22944	9018	16374	54937	66390	71739	50643	43596	10334	26898	35604	43494	24349	36658	18190	47605	22538	21675	44687	43534	20870	18415	45953	33369	27349	15868	73728	14607	23699	22135	64224	14059	6529	52435	15689	13594	51785	73625	17719	27007	13264	50012	29340	46771	15124	54398	47399	48652	42179	0	56155	13728	36621	13581	10869	79719	18090	35110	44794	61118	35675	24938	4839	68177	20089	6596	19969	34516	35385	27329	64669	28823	35678	10760	
49763	10863	20708	18923	92751	48078	42200	60171	59739	78151	35443	52396	57615	76007	10380	13832	46145	97472	60275	43038	56673	64564	40489	57727	37980	101480	75671	54409	98563	64603	48387	59750	67022	78359	64394	53603	14279	64549	34335	43204	85293	48193	59667	73505	46628	58901	72854	15718	52211	42473	50998	7427	27721	67840	42914	75467	101275	69721	63249	56155	0	69889	26756	54283	37317	21517	48272	56962	13186	1820	57527	23424	43450	10004	65883	50798	41821	89064	88539	49181	31347	50675	57530	44241	
27707	66261	92327	64394	26120	26644	34847	52819	52387	70798	36661	14097	25257	68654	80107	85456	64360	30841	13677	40615	49321	57211	38066	50375	31907	34850	9782	30559	31932	57251	30235	14894	59670	22001	24189	24752	87445	9872	37416	35852	77941	22912	7384	66153	24572	18885	65502	87342	26603	40724	22147	63730	43057	60488	28841	68115	34644	62369	55897	13728	69889	0	49996	12707	24244	90083	27134	45474	55158	71482	46039	38313	18214	78541	25010	19971	30333	21401	22270	37693	75033	39187	46042	24135	
61556	37553	36693	45613	72554	29924	53993	71964	71532	89943	47236	37410	52216	87799	23001	39858	53810	77275	46944	54831	68466	76356	52282	69520	49772	81284	56216	66202	78366	76396	60180	43102	78815	68435	63959	51711	40969	51218	12900	54997	97086	27848	43139	85298	58421	50204	84647	41745	64004	54266	49106	28003	39514	79633	45113	87260	81078	81514	75042	36621	26756	49996	0	38341	25752	32207	59399	68088	25936	28532	68654	17948	31885	36189	56663	38386	52948	68448	69317	60308	58060	61802	68657	41944	
31731	56061	75544	65130	33788	14548	35584	53555	53123	71535	37397	4582	29281	69391	58961	68673	65097	38509	18749	41352	50057	57948	38803	51111	32644	42517	17450	34583	39600	57988	35323	4336	60406	29668	36265	28776	68496	21949	25456	36588	78677	10817	11285	66889	28596	22010	66238	70560	30627	41460	26171	51157	43793	61224	29577	68852	42311	63106	56633	13581	54283	12707	38341	0	17035	71147	32620	49640	49320	58097	50205	31103	17108	65156	28487	21126	34499	29469	30338	41859	79199	43353	50208	25290	
25108	39095	58578	47060	50313	14624	27109	45080	44649	63060	25479	15020	26464	60916	41995	51707	47027	55034	21192	32877	41582	49473	30328	42637	21444	59042	33975	32871	56125	49513	26848	22374	51932	46193	38207	25959	51530	25466	12866	28113	70203	12284	17387	58414	22675	24452	57763	53593	27810	32985	23354	34191	28431	52749	19962	60377	58836	54631	48158	10869	37317	24244	25752	17035	0	52587	24128	38900	32286	41062	39466	14069	6133	48121	30911	12634	23759	46058	46926	31120	59483	32614	39469	15833	
73327	32314	8485	38627	116316	56617	65764	83735	83304	101715	59007	67607	81180	99571	10956	19261	69709	121036	83840	66602	80237	88128	64053	81292	61544	125045	99235	77974	122127	88168	71951	74961	90587	101923	87958	77167	27262	88114	43422	66768	108858	58370	83232	97069	70192	82466	96418	21148	75775	66038	74562	28878	51285	91404	66479	99032	124839	93286	86813	79719	21517	90083	32207	71147	52587	0	71439	80129	40905	21269	80694	38563	58589	16048	89050	73965	64988	112231	111706	72348	50985	73842	80697	67409	
3011	44643	70709	42776	53367	35364	8677	21853	21421	39832	15043	27005	18231	37688	58490	63838	42743	58087	20891	11738	18355	26245	11896	14337	10630	62096	36286	8832	59178	26285	2810	36401	28704	38974	21502	10711	65827	25165	36995	4909	46975	29614	20283	35186	4092	19517	34535	65725	6633	9781	8106	42112	21439	29522	6949	37149	61890	31403	24930	18090	48272	27134	59399	32620	24128	71439	0	13090	35957	52282	18043	33993	18134	59341	19176	12812	7922	48882	48357	5581	55832	8088	18046	7053	
15941	53333	79399	51466	59456	52383	17367	7521	14454	32865	23733	44128	36570	30721	67180	72528	36646	71906	39230	16113	8396	19278	18452	2170	19320	64270	54625	16560	66002	7970	13007	54980	17934	45064	23036	32558	74517	43504	52716	13551	40008	46634	38622	28219	17182	37856	27568	74415	16797	13247	29953	50802	30129	22554	21869	30182	68149	20096	13623	35110	56962	45474	68088	49640	38900	80129	13090	0	45193	61517	5042	48672	35433	68576	30338	30110	16840	55363	54839	7566	52817	5061	7909	23554	
38402	9378	40175	21386	81390	42988	30839	48810	48378	66790	24082	53812	46255	64646	27956	33304	25989	86111	48915	31677	45312	53203	29128	46367	26619	90120	64310	43048	87202	53243	37026	54660	55662	66998	53033	42242	27473	53188	29245	31843	73932	43103	48307	62144	35267	47540	61493	35191	40850	31113	39637	6506	16360	56479	31554	64107	89914	58361	51888	44794	13186	55158	25936	49320	32286	40905	35957	45193	0	14935	46313	18323	44907	29086	54669	39584	30607	77850	77325	37967	35415	39461	46316	33028	
54726	12617	20539	17477	97714	51765	47163	65134	64703	83114	40406	70136	62579	80970	11143	13663	51108	102435	65239	48001	61636	69527	45452	62691	42943	106444	80634	59373	103526	69567	53350	63437	71986	83322	69357	58566	12465	69513	38022	48167	90256	51880	64631	78468	51591	63865	77817	13040	57174	47437	55961	9181	32684	72803	47878	80431	106238	74685	68212	61118	1820	71482	28532	58097	41062	21269	52282	61517	14935	0	62618	25172	45199	10005	70974	55889	46912	94155	93630	54272	29895	55766	62621	49333	
20894	53898	79965	52032	72271	52949	17933	2488	4073	22846	19662	44693	37136	20702	67745	73094	31164	76992	39796	10632	5906	9259	12970	3287	19885	71901	55191	26715	73634	5169	20693	55545	12962	57879	28078	33123	75083	44069	53281	14116	29988	47199	39188	18200	22468	38422	17549	74980	24517	12697	30518	51367	30695	12535	22435	20163	75780	15124	8651	35675	57527	46039	68654	50205	39466	80694	18043	5042	46313	62618	0	49302	36063	69206	45825	30741	17470	69006	68482	11602	47479	9097	2746	24184	
36341	25202	44685	37820	64382	23662	34318	52290	51858	70269	28948	29089	38807	68125	28102	37814	37786	69103	35261	36543	48791	56682	33995	49846	28339	73111	48044	42699	70193	56722	36677	36443	59141	60262	47677	36886	37637	39535	10894	35322	77412	23777	31456	65623	33207	38521	64972	39700	40501	35979	34282	20298	19191	59958	27497	67586	72905	46802	55367	24938	23424	38313	17948	31103	14069	38563	33993	48672	18323	25172	49302	0	20137	34187	44915	23584	32196	60061	60930	39557	52726	41051	47906	24679	
19079	52492	64711	50625	43704	19851	21079	39051	38619	57030	22892	12674	20435	54886	48128	57840	50592	48425	15162	26847	35552	43443	24298	36607	18139	52433	27366	26841	49516	43483	20818	22448	45902	38197	32177	19929	57663	19436	19000	22083	64173	14102	11357	52384	16645	18423	51733	59727	21780	26956	17325	49961	29289	46719	15073	54347	52228	48601	42128	4839	43450	18214	31885	17108	6133	58589	18134	35433	44907	45199	36063	20137	0	54255	24881	6604	19977	39309	40177	27338	64677	28832	35686	10768	
61785	20801	16294	27114	104774	58824	54222	72194	71762	90173	47465	77195	69638	88029	12943	3344	58168	109494	72298	55060	68695	76586	52511	69750	50002	113503	87693	66432	110585	76626	60409	70496	79045	90381	76416	65625	11936	76572	45081	55226	97316	58939	71690	85527	58651	70924	84876	3836	64233	54496	63020	17365	39743	79862	54937	87490	113297	81744	75271	68177	10004	78541	36189	65156	48121	16048	59341	68576	29086	10005	69206	34187	54255	0	78323	63239	54261	101504	100980	61622	34119	63115	69970	56682	
16170	62254	88320	60387	37772	39897	30841	48813	48381	66792	32654	23942	9760	64648	76101	81449	60354	42493	10950	36609	45314	53205	34060	32508	27901	46501	25898	19914	43584	35171	19628	33339	55664	23379	7260	10869	83438	16193	43778	31845	73935	34148	17220	62146	17658	6495	61495	83336	15957	36717	11075	59723	39051	56481	25942	64109	46296	58363	51890	20089	65883	25010	56663	28487	30911	89050	19176	30338	54669	70974	45825	44915	24881	78323	0	22695	28893	34588	34064	24601	73593	37747	44602	24051	
17681	47170	73236	45303	45460	23869	15757	33728	33296	51707	17570	15614	15232	49564	61016	66365	45270	50181	15631	21524	30230	38121	18976	31284	12817	54190	29122	20533	51272	38160	15496	26465	40579	35975	25517	14727	68354	19905	25500	16761	58850	18120	13113	47062	11322	16518	46411	68251	16577	21633	12122	44639	23966	41397	9750	49024	53984	43278	36806	6596	50798	19971	38386	21126	12634	73965	12812	30110	39584	55889	30741	23584	6604	63239	22695	0	14141	41813	45352	21502	58841	22996	29851	4933	
11078	38192	64258	36325	56565	37243	2214	20458	20026	38437	7976	28987	21429	36293	52039	57387	36292	61286	24089	7982	16959	24850	5433	18014	3699	65294	39485	16629	62377	24890	10606	39839	27309	42173	28208	17417	59376	28363	37575	3103	45580	31493	23481	33791	8528	22715	33140	59274	14430	7984	14812	35661	14989	28126	6728	35754	65089	30008	23535	19969	41821	30333	52948	34499	23759	64988	7922	16840	30607	46912	17470	32196	19977	54261	28893	14141	0	53183	52659	8306	49875	9800	16655	8361	
46556	85435	111501	83568	4357	44405	54022	71994	71562	89973	55835	33189	33539	87829	99282	104630	83535	9077	34132	59790	68495	76386	57241	69550	51082	13086	12844	50300	10168	64341	51566	30065	78845	10275	32398	38365	106619	30146	55563	55026	97116	40924	28172	71416	45904	29676	84676	106517	46343	59899	41888	82904	62232	79662	49630	72765	12880	81544	75071	34516	89064	21401	68448	29469	46058	112231	48882	55363	77850	94155	69006	60061	39309	101504	34588	41813	53183	0	869	58826	97167	61321	68176	45268	
46032	84911	110977	83044	4967	45274	53498	71469	71037	89449	55311	34057	33015	87305	98757	104106	83011	9687	33607	59265	67971	75862	56717	69025	50558	13696	13713	49775	10778	63817	51042	30933	78320	9750	31873	37841	106095	31015	56431	54502	96591	41792	29041	70892	45379	29152	84152	105993	45819	59374	41364	82380	61707	79138	48599	72241	13490	81020	74547	35385	88539	22270	69317	30338	46926	111706	48357	54839	77325	93630	68482	60930	40177	100980	34064	45352	52659	869	0	59381	96720	60875	67730	46117	
