//--------------------------------------------------------------------------------------------------------------------
//-- données sur la SAVOIE récupérés par le géocodeur (matrice symétrique)
//-- 
//-- C. Duhamel, P. Lacomme C. Prodhon - juillet 2009 : 4200 kg à collecter, flotte de capa 7000
//--------------------------------------------------------------------------------------------------------------------
136 5 999999 0 0 0
10 50 20 1
10 50 30 0.8
20 100 45 2.1
20 100 55 1.5
10 200 65 3.2
0   // la ville qui represente le depot
0	55009	65950	8853	57250	70752	30861	41906	23695	14077	39234	78672	39832	41619	42476	66222	81837	88763	73279	59568	63366	50520	38287	44186	10105	80060	13394	34386	73689	44730	20212	22435	41676	68457	57454	31032	41787	59024	61544	29269	22368	26532	62971	13511	31723	56259	44765	48279	66584	65113	22562	85961	52217	49211	40252	23444	83016	102695	53784	75998	90949	63864	58277	66491	34259	32268	42747	86383	39489	32124	50582	71242	48201	72837	15210	71917	26106	54158	104957	56034	60711	38476	20226	60921	33599	89749	85397	68030	39581	9263	78375	43757	27600	39148	68032	78223	55875	39404	74728	47118	60278	22197	35992	35021	53801	58363	77846	58522	64626	17392	30041	50131	53619	16690	101661	29266	17970	37696	55633	94725	81382	49265	107506	45012	54129	67668	46265	124730	70558	34151	28846	48311	38239	49560	52752	48887	64821	
55009	0	19509	42022	91958	105460	25682	76614	64230	65231	80425	128596	74541	76327	77184	67677	35396	42322	26839	13127	98075	25742	72995	78895	51297	33619	51840	69094	108398	79439	55067	57290	76384	103165	92162	81965	25772	56839	111468	63977	34402	29566	97679	41829	31317	54073	79473	32461	101292	99821	78629	39520	14555	83919	74960	64636	36575	152619	88492	110706	44509	18123	92985	101200	68967	66976	77602	39942	37303	35158	85291	121166	82909	26396	39883	106625	64311	104766	58517	9593	95420	73185	38448	95629	34587	43308	38957	102738	37395	60150	113083	78466	79080	73856	102740	31782	90583	91771	109437	81827	94987	57052	86228	69729	104409	11923	31406	108446	114551	52247	79379	84840	88328	35455	55220	63975	37936	88637	9192	48285	116091	83973	61066	41867	88837	102376	44079	79649	120483	31965	38067	46125	88847	84269	87461	83596	99530	
65950	19509	0	53353	103290	116791	37013	87945	75562	76563	91757	139928	85872	87659	88516	48213	15932	22858	30273	16562	109406	37073	84326	90226	62628	37054	63171	80426	119729	90770	66399	68621	87715	114496	103493	93296	37104	68170	122800	75308	45733	40897	109010	53161	42648	64251	90804	43792	112624	111152	89960	21991	25965	95251	86292	75967	17111	107322	99823	122037	47943	26963	104316	112531	80298	78307	88933	20478	48634	46489	96622	132498	94240	29830	51215	117956	75642	116097	39053	11814	106751	84516	49780	106960	45919	23844	42391	114069	48726	71481	124414	89797	90412	85188	114071	35217	101915	103102	120768	93158	106318	68383	97559	81061	115740	8850	34840	119777	125882	63578	90710	96171	99659	46786	35756	75306	49267	99968	12627	28821	127422	95304	41602	53198	100169	113708	55410	60185	131814	43296	49398	57457	100178	95600	98792	94927	110861	
8853	42022	53353	0	53163	66665	18378	37819	21218	20697	35891	85929	35745	37532	38389	53739	69354	76280	60796	47085	59279	38037	34199	40099	6762	67577	10051	30299	69602	40643	17735	19958	37589	64370	53367	39298	29304	46541	68801	25182	9746	14049	58884	5395	15565	43776	40678	35796	62497	61026	35962	73478	39734	45124	36165	20101	70533	109952	49697	71911	78466	51381	54190	62404	30171	28180	40270	73900	27006	17232	46495	78499	44114	60354	7094	67829	23629	62098	92474	43551	56624	34389	12110	56833	21116	77266	72914	63942	27098	15615	74288	39670	36413	35061	63945	65740	51788	49103	70641	43031	56191	19720	43560	30934	61741	45880	65363	65779	71884	14915	36711	46044	49532	8574	89178	25179	9854	45970	43150	82242	77295	45177	95023	32529	50042	63581	33782	131987	77815	21668	16225	35828	46180	45473	48665	44800	60734	
57250	91958	103290	53163	0	12491	68239	27552	31857	69164	62347	132529	20760	21762	18181	103600	119214	126141	110657	96946	6431	87898	23418	14501	55230	117438	45381	28249	16754	17840	38466	36783	30783	39932	7544	85898	79165	96402	115401	30646	59746	63910	5029	55442	69101	93636	19002	85657	8323	36587	82561	123339	89594	15862	19754	46548	120393	156552	12013	47472	128327	101242	26017	46586	29335	38767	25450	123760	76866	69502	9179	125099	25753	110214	65227	13335	31268	108698	142335	93411	6307	24123	63423	32395	70976	127126	122775	7854	76958	64083	21439	19462	83013	24794	39506	115600	29558	95703	46203	24671	17300	51091	90160	24849	108341	95741	115224	112379	118484	48038	83311	19869	26729	60798	139038	35766	62911	92570	93010	132103	24447	10300	144884	82390	3238	9086	83643	178587	124415	71528	66224	85689	92780	22670	8399	10881	21843	
70752	105460	116791	66665	12491	0	81745	41058	45363	82670	75854	146035	34266	35268	31687	117106	132721	139647	124163	110452	18098	101404	36925	28008	68736	130944	58887	41755	14390	31346	51972	50289	44289	46253	21972	99404	92671	83514	128907	44152	73252	77416	10500	68949	82607	107143	32509	99163	6951	42909	96068	136845	103101	30320	33261	60054	133900	170058	32818	53794	141833	114748	32743	52907	42842	52273	25018	137267	90373	83008	22601	138605	39260	123721	78733	17196	44774	122204	155841	106918	16204	37629	76929	38717	84483	140633	136281	16174	90465	77589	19076	32968	96519	38301	45828	129107	43064	109210	52525	38177	29406	64597	103666	38356	121847	109247	128730	125885	131990	61544	96817	33277	40235	74304	152545	49272	76417	106076	106517	145609	22084	24131	158390	95896	15344	15812	64990	192093	137922	85035	79730	99195	106286	36176	21572	27922	34473	
30861	25682	37013	18378	68239	81745	0	52358	39974	40975	56169	104340	50285	52071	52928	37664	52761	52578	44203	30492	73819	21444	48739	54639	27041	50984	27584	44838	84141	55183	30811	33034	52128	78909	67906	57709	12711	30666	87212	39721	10146	5309	73423	17573	7056	27700	55217	19203	77036	75565	54373	56885	23141	59663	50704	40380	53940	128363	64236	86450	61873	34788	68729	76943	44711	42720	53346	57306	11130	7608	61035	96910	58653	43760	15627	82369	40055	80509	75881	26957	71164	48928	14192	71373	7513	60673	56321	78482	11022	35894	88827	54209	54824	49600	78484	49147	66327	67514	85181	57571	70731	32796	61971	45473	80152	29287	48770	84190	90295	27991	55122	60583	64071	11198	72585	39718	13680	64381	26557	65649	91835	59717	78430	16185	64581	78120	17906	97014	96226	5592	11653	19752	64591	60012	63204	59340	75273	
41906	76614	87945	37819	27552	41058	52358	0	13140	51103	41463	114468	7809	10416	12700	85539	101153	108079	92595	78884	33590	69837	8131	14410	37168	99376	27320	8501	43913	12910	19749	18066	14403	38681	27677	67836	61104	78341	97340	10032	41684	45848	33194	37381	51039	75575	12171	67595	36808	35336	64500	105277	71533	19435	8178	25664	102332	138491	24007	46221	110266	83180	28501	34671	7347	17883	38321	105699	58805	51440	20806	107037	16912	92153	47165	42140	12551	90637	124274	75350	30935	4999	45362	31144	52915	109065	104713	38253	58897	46021	48598	13981	64952	6706	38255	97539	26932	77642	44952	17342	30502	25613	72099	7749	90280	77679	97162	94317	100422	29976	65250	18311	21799	42737	120977	14882	44849	74508	74949	114041	51606	19488	126822	64328	24353	37892	65581	160525	106354	53467	48163	67627	74718	17740	22976	19111	35045	
23695	64230	75562	21218	31857	45363	39974	13140	0	35636	32630	104220	18616	15243	21260	75291	90905	97831	82348	68636	42150	59589	12232	22970	17216	89128	12348	8473	52473	23514	7288	3290	19516	47241	36238	57589	50856	68093	87092	5524	31436	35601	41755	21880	40791	65327	23549	57348	45368	43897	54252	95029	61285	27995	19036	16831	92084	128243	32568	54782	100018	72932	37061	45275	10473	9050	41551	95451	48557	41193	29366	96790	26985	81905	23579	50701	2936	80389	114026	65102	39495	10956	35114	39705	42667	98817	94466	46814	48649	30554	57159	22541	54704	17932	46816	87291	34659	67394	53512	25902	39062	7792	61851	10266	80032	67432	86915	84070	90174	10962	55002	28915	32403	25059	110729	6049	27256	64261	64701	103794	60166	28049	116575	54081	32913	46452	55333	150278	96106	43219	37915	57379	64471	28344	31536	27671	43605	
14077	65231	76563	20697	69164	82670	40975	51103	35636	0	51413	83856	52012	53799	54656	78402	94016	100942	85459	71748	75546	62700	50466	56366	22285	92239	25574	46566	85869	56910	32392	34614	53855	80637	69633	33353	53967	71204	66728	41448	34548	38712	75150	25690	43903	68438	56944	60459	78764	77292	24883	98141	64396	61391	52432	35624	95195	107879	65963	88177	103129	76043	70457	78671	46438	44447	54926	98562	51668	44304	62762	76426	60381	85016	27389	84096	38286	56479	117137	68213	72891	50656	32406	73100	45778	101928	97577	80209	51760	20039	90554	55937	29921	51328	80211	90402	68055	41725	86908	59298	72458	34376	38313	47201	56122	70543	90026	63706	69811	29571	32362	62311	65799	28870	113840	41446	30150	40017	67812	106905	93562	61444	119686	57192	66309	79848	58444	129914	75742	46330	41026	60490	40560	61740	64932	61067	77001	
39234	80425	91757	35891	62347	75854	56169	41463	32630	51413	0	118219	45059	42066	47702	88524	104138	111064	95581	81869	68593	72822	39055	49413	28737	102361	32166	35297	78915	49956	31593	36125	43744	73683	62680	69370	64089	81326	101091	32347	44531	48834	68197	40180	52063	78560	49991	70581	71810	70339	60900	108262	74518	54437	45478	16336	105317	142242	59010	81224	113251	86165	63503	71717	34808	26257	62865	108684	61790	52016	55809	110789	53427	95138	41879	77143	32681	94388	127259	78335	65937	37780	48608	66147	55900	112050	107699	73256	61882	47334	83601	48983	68703	44374	73258	100524	61101	81393	79955	52345	65505	42315	75850	37090	94031	80665	100148	98069	104174	37510	69001	55357	58845	43359	123962	28692	45300	78260	77934	117027	86609	54491	129808	67314	59355	72894	68566	164277	110105	56452	51009	70612	78470	54786	57978	54114	70047	
78672	128596	139928	85929	132529	146035	104340	114468	104220	83856	118219	0	115046	116832	117689	141436	157050	111107	148492	134781	138580	125734	113500	119400	88600	155273	91889	109599	148903	119944	98707	100929	116889	143670	132667	81335	117001	134238	18858	104482	97581	101745	138184	91158	106936	131472	119978	123492	141797	140326	56554	161174	127430	124424	115465	101939	118059	39973	128997	151211	166163	139077	133490	141704	109472	107481	121241	161596	114702	107337	125796	24494	123414	148050	92858	147130	104816	57176	105777	131247	135925	113689	101259	136134	108812	124792	160610	143243	114794	87901	153588	118970	57006	114361	143245	153436	131088	69696	149942	122332	135492	100692	45795	110234	55972	133576	153059	43166	49270	95886	69932	125344	128832	98634	98036	104479	95618	66563	130846	109720	156596	124478	78515	120225	129342	142881	121478	62008	55202	109364	104060	123524	44659	124773	127965	124101	140035	
39832	74541	85872	35745	20760	34266	50285	7809	18616	52012	45059	115046	0	6270	4700	86316	101930	108856	93372	79661	26423	70614	6108	6586	37945	100153	28097	10964	36746	5323	21182	19498	13473	31513	20510	68613	61881	79118	98117	13361	42461	46625	26027	38158	51816	76352	4583	68372	29641	28169	65277	106054	72310	12268	3916	29263	103109	139268	16840	39054	111043	83957	20338	27084	11126	21483	30158	106476	59582	52217	11551	107814	7823	92930	47942	34973	13983	91414	125051	76127	23768	5919	46139	23977	53692	109842	105490	31086	59674	46798	41431	5844	65729	3768	31088	98316	17843	78419	37785	9179	23335	33806	72876	7539	91057	78456	97939	95094	101199	30753	66027	10724	14211	43514	121754	18481	45626	75285	75726	114818	44439	10233	127599	65105	17185	30725	66358	161302	107131	54244	48939	68404	75495	10153	15809	11944	27878	
41619	76327	87659	37532	21762	35268	52071	10416	15243	53799	42066	116832	6270	0	4875	86482	102097	109023	93539	79828	27477	70780	3482	8297	38112	100320	28263	8191	37800	8527	20298	22561	6923	32567	15331	68780	62047	79284	98283	12477	42628	46792	27081	34889	51983	76519	8562	68539	30694	29223	65444	106221	72477	13321	2795	26212	103276	139434	17894	40108	111209	84124	17258	30288	11167	18432	27078	106643	59749	52384	12403	107981	11998	93097	48109	32771	13099	91581	125217	76294	18589	8083	46306	25031	53859	110009	105657	21531	59841	46965	42485	4032	65895	7840	32142	98483	19672	78586	38839	6099	24389	27221	73043	5351	91224	78623	98106	95261	101366	30920	66194	13928	17416	43680	121921	15430	45793	75452	75893	114985	45493	11085	127766	65272	18239	34369	66525	161469	107298	54411	49106	68571	75662	13357	16862	12998	28932	
42476	77184	88516	38389	18181	31687	52928	12700	21260	54656	47702	117689	4700	4875	0	88371	103986	110912	95428	81717	24352	72669	8190	5172	40001	102209	30152	13020	34675	7054	23237	21554	10536	29442	11648	70669	63936	81173	100172	15417	44517	48681	23956	40214	53872	78408	7088	70428	27570	26098	67333	108110	74366	10197	4526	31319	105165	141323	14769	36983	113098	86013	18195	36096	14107	23538	28016	108531	61638	54273	8720	109870	10525	94985	49998	23371	16039	93469	127106	78182	14906	8894	48194	21906	55748	111898	107546	17848	61729	48854	39360	2352	67784	9566	29017	100372	18199	80474	35714	7037	21264	35862	74931	9620	93112	80512	99995	97150	103255	32809	68082	13153	15943	45569	123810	20537	47682	77341	77782	116874	42368	7402	129655	67161	15114	19123	68414	163358	109186	56299	50995	70460	77551	11884	13738	9873	25807	
66222	67677	48213	53739	103600	117106	37664	85539	75291	78402	88524	141436	86316	86482	88371	0	53179	25354	78467	64756	109704	59631	84624	90523	62926	85248	63469	80723	120026	91067	66696	68919	88013	114794	103791	93594	50898	51590	123097	75606	46031	41194	109308	53458	42941	26478	91102	57390	112921	111450	90257	55072	61327	95548	86589	76265	46786	124228	100121	122335	96138	72974	104614	112828	80596	78605	85048	59274	42791	42498	96920	132795	94538	78025	51512	118254	75939	116394	55959	60009	107048	84813	50077	107258	41804	53519	90585	114367	30610	71779	124712	90094	90709	85485	114369	83411	102212	103399	121065	93455	106615	68681	97856	81358	116037	57045	83034	120075	126180	63876	91007	96468	99956	47083	52662	75603	49565	100266	60821	45727	127719	95602	58508	40855	100466	114005	45352	77091	132111	35098	47154	24706	100476	95897	99089	95224	111158	
81837	35396	15932	69354	119214	132721	52761	101153	90905	94016	104138	157050	101930	102097	103986	53179	0	27805	51211	37500	130344	58011	105264	111164	83567	57992	84110	101364	140667	111708	87337	89560	108654	135435	124432	114235	58042	89108	143738	96247	66672	61835	129949	74099	63587	69197	111743	64730	133562	132091	110898	29642	46903	116189	107230	96906	19924	112268	120762	142976	68881	47901	125255	133469	101236	99245	109872	25213	69573	67427	117560	153436	115179	50769	72153	138894	96580	137035	43999	32752	127689	105454	70718	127898	66857	26657	63329	135007	69664	92419	145353	110735	111350	106126	135010	56155	122853	124040	141706	114096	127256	89322	118497	101999	136678	29788	55778	140716	146820	84517	111648	117109	120597	67724	40703	96244	70206	120907	33565	33767	148360	116242	46548	74136	121107	134646	76349	65132	152752	64234	70337	67425	121117	116538	119730	115865	131799	
88763	42322	22858	76280	126141	139647	52578	108079	97831	100942	111064	111107	108856	109023	110912	25354	27805	0	53113	39402	132246	59913	107166	113066	85468	59894	86011	103266	142569	113610	89239	91461	110555	137336	126333	116136	59944	66505	145640	98148	68573	63737	131850	76001	65488	41393	113644	66632	135464	133992	112800	29717	48805	118091	109132	98807	21432	98873	122663	144877	70783	49803	127156	135371	103138	101147	111773	33919	57706	57413	119462	155337	117080	52670	74055	140796	98482	138937	30604	34654	129591	107356	72620	129800	56719	28165	65231	136909	45524	94321	147254	112637	113252	108028	136911	58056	124755	125942	143608	115998	129158	91223	120399	103901	138580	31690	57680	142617	148722	86418	113550	119011	122499	69626	27308	98146	72107	122808	35466	20372	150262	118144	33153	55770	123008	136548	60267	51737	154654	50013	72238	39620	123018	118440	121632	117767	133701	
73279	26839	30273	60796	110657	124163	44203	92595	82348	85459	95581	148492	93372	93539	95428	78467	51211	53113	0	13596	116723	44390	91643	97543	69945	19016	70488	87742	127046	98087	73715	75938	95032	121813	110810	100613	44420	75487	130116	82625	53050	48213	116327	60477	49965	72721	98121	51109	119940	118469	97277	50397	33281	102567	93608	83284	47451	171267	107140	129354	35543	34280	111633	119848	87615	85624	96250	50818	55951	53805	103939	139814	101557	21214	58531	125273	82959	123413	69393	20469	114068	91833	57096	114277	53235	54184	24520	121386	56043	78798	131731	97114	97728	92504	121388	22816	109231	110419	128085	100475	113635	75700	104875	88377	123056	22799	37796	127094	133199	70895	98026	103488	106975	54103	66096	82623	56584	107285	18437	59161	134739	102621	71942	60515	107485	121024	62727	90525	139131	50613	56715	64773	107495	102916	106109	102244	118178	
59568	13127	16562	47085	96946	110452	30492	78884	68636	71748	81869	134781	79661	79828	81717	64756	37500	39402	13596	0	104048	31715	78968	84868	57270	20223	57813	75067	114371	85412	61040	63263	82357	109138	98135	87938	31745	62812	117441	69950	40375	35539	103652	47802	37290	60046	85446	38434	107265	105794	84602	37769	20606	89892	80933	70609	34824	158592	94465	116679	31113	21605	98958	107173	74940	72949	83575	38190	43276	41131	91264	127139	88882	18044	45856	112598	70284	110738	56765	7841	101393	79158	44421	101602	40560	41557	25560	108711	43368	66123	119056	84439	85053	79829	108713	18386	96556	97744	115410	87800	100960	63025	92200	75702	110382	10171	25340	114419	120524	58220	85351	90813	94300	41428	53469	69948	43909	94610	4918	46533	122064	89946	59314	47840	94810	108349	50052	77898	126456	37938	44040	52098	94820	90242	93434	89569	105503	
63366	98075	109406	59279	6431	18098	73819	33590	42150	75546	68593	138580	26423	27477	24352	109704	130344	132246	116723	104048	0	93948	29469	20551	61280	123488	51431	34299	11227	23890	44516	42833	36833	45414	13026	91948	85215	102452	121451	36696	65796	69960	10511	61493	75151	99687	25052	91707	13805	42070	88612	129389	95645	21912	25805	52598	126444	162602	18063	52955	134377	107292	31499	52068	35386	44817	30932	129810	82917	75552	14662	131149	31804	116264	71277	18817	37318	114748	148385	99461	11789	30173	69473	37877	77027	133177	128825	13336	83008	70133	15913	25512	89063	30845	44989	121651	35608	101753	51685	30721	23350	57141	96210	30899	114391	101791	121274	118429	124534	54088	89361	25919	32779	66848	145089	41816	68961	98620	99061	138153	18920	15783	150934	88440	9288	14569	89693	184637	130465	77578	72274	91739	98830	28720	14449	16931	31310	
50520	25742	37073	38037	87898	101404	21444	69837	59589	62700	72822	125734	70614	70780	72669	59631	58011	59913	44390	31715	93948	0	68926	74826	47228	50614	47771	65025	104329	75370	50998	53221	72315	99096	88093	77896	19735	52770	107399	59908	30333	25496	93610	37760	27248	50004	75404	10507	97223	95752	74560	56515	22771	79850	70891	60567	53570	148550	84423	106637	61504	34418	88916	97131	64898	62907	73533	56937	33234	31088	81222	117097	78840	43391	35814	102556	60242	100696	75512	26588	91351	69116	34379	91560	30518	60303	55952	98669	33326	56081	109014	74396	75011	69787	98671	48777	86514	87701	105368	77758	90918	52983	82158	65660	100339	28918	48401	104377	110482	48178	75309	80770	84258	31386	72215	59905	33867	84568	26187	65280	112022	79904	78061	37798	84768	98307	40010	96644	116414	27896	33998	42056	84778	80199	83391	79527	95461	
38287	72995	84326	34199	23418	36925	48739	8131	12232	50466	39055	113500	6108	3482	8190	84624	105264	107166	91643	78968	29469	68926	0	8976	35982	98189	26133	5202	38478	9206	17308	15625	8257	33246	22243	66650	59917	77154	96153	9488	40498	44662	27760	36194	49853	74388	9240	66409	31373	29902	63313	104091	70346	14000	3181	23223	101145	137304	18573	40787	109079	81993	19684	30967	8177	15442	29505	104512	57618	50254	14312	105851	12677	90966	45979	36706	10110	89450	123087	74163	25500	4836	44175	25710	51728	107878	103527	32819	57710	44834	43164	5888	63765	5508	32821	96352	20351	76455	39517	8525	25067	23172	70912	2362	89093	76493	95976	93131	99235	28790	64063	14607	18095	41550	119790	12441	43663	73322	73762	112855	46172	12994	125636	63142	18918	32457	64394	159339	105167	52280	46976	66440	73532	14036	17541	13677	29610	
44186	78895	90226	40099	14501	28008	54639	14410	22970	56366	49413	119400	6586	8297	5172	90523	111164	113066	97543	84868	20551	74826	8976	0	42368	104576	32519	15387	30473	4599	25604	23921	17921	25241	14238	73036	66303	83540	102539	17784	46884	51048	19755	42581	56239	80775	5761	72795	23368	21897	69700	110477	76733	5995	6893	33686	107532	143690	10568	32782	115465	88380	22968	31895	16474	25905	32788	110898	64005	56640	9137	112237	12892	97352	52365	28700	18406	95836	129473	80549	17495	11261	50561	17705	58115	114265	109913	24813	64096	51221	35159	6600	70151	11933	24816	102739	16317	82841	31512	11809	17062	38229	77298	11987	95479	82879	102362	99517	105622	35176	70449	8060	13488	47936	126177	22904	50049	79708	80149	119241	38166	7128	132022	69528	10913	24452	70781	165725	111553	58666	53362	72827	79918	9429	9536	5671	21605	
10105	51297	62628	6762	55230	68736	27041	37168	17216	22285	28737	88600	37945	38112	40001	62926	83567	85468	69945	57270	61280	47228	35982	42368	0	77980	5631	27276	66579	37620	9900	16018	34566	61347	50344	39088	39708	56945	70809	20668	20288	24453	55861	11431	29643	54179	37655	46200	59474	58003	30618	83881	50137	42101	33142	12903	80936	111960	46674	68888	88870	61784	51167	59381	27149	17774	36330	84303	37409	30045	43473	80507	41091	70757	13130	64807	19690	64106	102878	53954	53601	31366	18146	53811	31519	87669	83318	60920	37501	17052	71265	36647	38421	32038	60922	76143	48765	51111	67618	40009	53168	15780	45568	27911	63749	56284	75767	67787	73891	10975	38719	43021	46509	14611	99581	22156	15890	47978	53553	92646	74273	42155	105427	42933	47019	60558	44185	133995	79823	32071	26767	46231	48188	42450	45642	41778	57711	
80060	33619	37054	67577	117438	130944	50984	99376	89128	92239	102361	155273	100153	100320	102209	85248	57992	59894	19016	20223	123488	50614	98189	104576	77980	0	77198	94452	133755	104796	80425	82648	101742	128523	117520	107323	51130	82196	136826	89335	59760	54923	123037	67187	56675	79431	104831	57818	126650	125179	103986	57154	39991	109277	100318	89994	54208	177977	113850	136064	42471	40989	118343	126557	94325	92334	102960	57575	62661	60515	110648	146524	108267	30352	65241	131983	89668	130123	76150	27226	120777	98542	63806	120987	59945	60941	23260	128096	62753	85507	138441	103823	104438	99214	128098	29744	115941	117128	134794	107184	120344	82410	111585	95087	129766	29556	44724	133804	139908	77605	104736	110197	113685	60812	72853	89332	63294	113995	25210	65918	141448	109331	78699	67225	114195	127734	69437	97282	145840	57323	63425	71483	114205	109626	112818	108953	124887	
13394	51840	63171	10051	45381	58887	27584	27320	12348	25574	32166	91889	28097	28263	30152	63469	84110	86011	70488	57813	51431	47771	26133	32519	5631	77198	0	22400	61703	32744	5408	11100	29689	56471	45468	43500	39123	56360	75221	17283	19565	23868	50985	15214	27097	53595	32778	45615	54598	53126	35030	83297	49553	37225	28266	16408	80352	116372	41798	64011	88285	61200	46291	54505	22272	20281	33164	83719	36825	27051	38596	84919	36215	70173	16913	59930	14771	68518	102293	53370	48725	26490	23642	48934	30935	87085	82733	56043	36917	21464	66388	31771	42833	27162	56046	75559	43889	55523	62742	35132	48292	10862	49980	23035	68161	55699	75182	72199	78303	7810	43131	38145	41633	18394	98997	17280	19429	52390	52969	92061	69396	37278	104842	42348	42143	55682	43601	138407	84235	31487	26044	45647	52600	37574	40766	36901	52835	
34386	69094	80426	30299	28249	41755	44838	8501	8473	46566	35297	109599	10964	8191	13020	80723	101364	103266	87742	75067	34299	65025	5202	15387	27276	94452	22400	0	45161	16202	13591	11908	7123	39928	28925	62769	56036	73273	92272	5770	36617	40781	34442	28183	45972	70508	16236	62528	38055	36584	59433	100210	66466	20682	7135	19506	97265	133424	25255	47469	105198	78113	25205	37963	5156	11725	31280	100632	53738	46373	22054	101970	19672	87086	42098	43388	6393	85570	119206	70283	32183	4401	40295	32392	47848	103998	99646	39501	53830	40954	49846	15228	59884	10619	39503	92472	27346	72575	46200	13583	31750	19455	67032	3281	85213	72612	92095	89250	95355	20778	60183	21602	25090	37670	115910	8724	39782	69441	69882	108974	52854	20736	121755	59261	25600	39139	60514	155458	101287	48400	43095	62560	69651	21031	24223	20359	36293	
73689	108398	119729	69602	16754	14390	84141	43913	52473	85869	78915	148903	36746	37800	34675	120026	140667	142569	127046	114371	11227	104329	38478	30473	66579	133755	61703	45161	0	34222	54848	53164	47164	53388	23358	102279	95547	95314	131783	47027	76127	80292	17634	71824	85482	110018	35384	102039	12209	50044	98943	139720	105976	32243	36136	62929	136775	172934	28009	48472	144709	117623	39878	60042	45717	55149	36818	140142	93248	85884	24993	141481	42135	126596	81609	27196	47649	125080	158717	109793	22121	40504	79805	36702	87358	143508	139157	23667	93340	80464	5399	35843	99395	41176	52963	131982	45940	112085	40481	41053	26858	67472	106542	41231	124723	112122	131606	128761	134865	64420	99693	40411	43110	77180	155420	52147	79292	108951	109392	148485	8407	26114	161266	98772	19619	22947	100024	194969	140797	87910	82606	102070	109162	39051	24780	27263	21304	
44730	79439	90770	40643	17840	31346	55183	12910	23514	56910	49956	119944	5323	8527	7054	91067	111708	113610	98087	85412	23890	75370	9206	4599	37620	104796	32744	16202	34222	0	26183	24500	14600	28871	17868	73615	66882	84119	103118	18362	47462	51627	23385	43159	56818	81353	3579	73374	26998	25527	70278	111056	77311	7393	7471	34265	108110	144269	14198	36412	116044	88958	22650	22476	17052	26484	32471	111477	64583	57219	12768	112816	8334	97931	52944	32331	18985	96415	130052	81128	21126	11839	51140	21592	58693	114843	110492	28444	64675	51799	38789	10230	70730	8897	28446	103317	12527	83420	35143	11492	20693	38807	77877	11455	96058	83458	102941	100096	106200	35755	71028	6148	9603	48515	126755	23483	50628	80287	80727	119820	41797	10758	132601	70107	14543	28082	71359	166304	112132	59245	53941	73405	80497	5544	13166	9302	25235	
20212	55067	66399	17735	38466	51972	30811	19749	7288	32392	31593	98707	21182	20298	23237	66696	87337	89239	73715	61040	44516	50998	17308	25604	9900	80425	5408	13591	54848	26183	0	7505	22089	52409	41406	49157	42356	59593	80878	10692	22798	27101	46923	18447	30330	56827	28717	48848	50536	49065	40687	86529	52785	33163	24204	15823	83584	122029	37736	59950	91518	64432	42229	50443	15641	11939	34674	86951	40057	30283	34534	90576	32153	73405	20146	55868	9713	74175	105526	56602	44663	16124	26875	44872	34167	90317	85966	51981	40149	27121	62327	27709	48490	23100	51984	78791	39827	61180	58680	31070	44230	9719	55637	15434	73818	58932	78415	77856	83961	11042	48788	34083	37571	21626	102229	9740	23823	58047	56201	95294	65334	33216	108075	45581	38081	51620	46833	144064	89892	34719	29276	48879	58257	33512	36704	32839	48773	
22435	57290	68621	19958	36783	50289	33034	18066	3290	34614	36125	100929	19498	22561	21554	68919	89560	91461	75938	63263	42833	53221	15625	23921	16018	82648	11100	11908	53164	24500	7505	0	17440	50763	39760	51359	44558	61795	83080	9046	25000	29303	45277	20649	32532	59029	27071	51050	48890	47419	42889	88731	54987	31517	22558	20353	85786	124231	36090	58304	93720	66634	33399	48798	13996	12572	39474	89153	42259	32485	32889	92778	30507	75607	22348	48912	6223	76377	107728	58804	43018	14478	29077	43227	36369	92519	88168	50336	42351	29323	60681	26063	50692	21454	50338	80993	38181	63382	57035	24845	42585	5484	57839	13788	76020	61134	80617	80058	86163	8655	50990	32437	35925	23828	104431	9571	26025	60249	58403	97496	63689	31571	110277	47783	36435	49974	49035	146266	92094	36921	31478	51081	60459	31866	35058	31194	47128	
41676	76384	87715	37589	30783	44289	52128	14403	19516	53855	43744	116889	13473	6923	10536	88013	108654	110555	95032	82357	36833	72315	8257	17921	34566	101742	29689	7123	47164	14600	22089	17440	0	38869	21300	70474	63741	80978	99977	14171	44322	48486	33383	36583	53677	78213	14863	70233	36996	35524	67138	107915	74170	19623	10191	27906	104970	141128	24196	46409	112903	85818	21124	36590	12861	20126	27199	108336	61443	54078	18372	109675	18299	94790	49803	36638	14793	93274	126911	77987	24558	9579	47999	31332	55552	111703	107351	27500	61534	48659	48786	10002	67589	12793	38444	100177	25973	80279	45140	12068	30690	22100	74736	7045	92917	80317	99800	96955	103060	25271	67887	20230	23717	45374	123615	17124	47487	77146	77587	116679	51794	17054	129460	66966	24541	38235	68219	163163	108991	56104	50800	70265	77356	19658	23164	19299	35233	
68457	103165	114496	64370	39932	46253	78909	38681	47241	80637	73683	143670	31513	32567	29442	114794	135435	137336	121813	109138	45414	99096	33246	25241	61347	128523	56471	39928	53388	28871	52409	50763	38869	0	32813	97722	90989	108226	127225	42469	71569	75734	38330	67266	80924	105460	30826	97481	41943	4508	94385	135162	101418	28638	31578	58372	132217	168376	31136	1883	140151	113065	47653	12970	41159	50591	58751	135584	88690	81326	33442	136923	37577	122038	77051	47276	43092	120522	154159	105235	36070	35946	75247	11989	82800	138950	134599	43389	88782	75906	51399	31286	94837	36618	4986	127424	41516	107527	14048	36495	31791	62914	101984	36673	120165	107565	127048	124203	130307	59862	95135	28438	26714	72622	150862	47590	74735	104394	104834	143927	54407	34972	156708	94214	31481	43027	95466	190411	136239	83352	78048	97512	104604	32796	30104	26239	31031	
57454	92162	103493	53367	7544	21972	67906	27677	36238	69633	62680	132667	20510	15331	11648	103791	124432	126333	110810	98135	13026	88093	22243	14238	50344	117520	45468	28925	23358	17868	41406	39760	21300	32813	0	85827	79094	96331	115330	30575	59675	63839	8014	55372	69030	93566	14714	85586	16878	29332	82491	123268	89524	16743	19684	46477	120323	156481	11150	40217	128256	101171	24641	39330	29265	38696	33686	123690	76796	69431	2926	125028	19155	110144	65156	11959	31197	108627	142264	93341	3493	24052	63353	25140	70906	127056	122704	6435	76888	64012	27888	12335	82942	24724	32251	115530	29487	95633	38948	17451	16437	51020	90089	24779	108270	95670	115153	112308	118413	47967	83240	19700	26658	60727	138968	35695	62840	92499	92940	132032	30896	5680	144813	82319	6854	7710	83572	178516	124345	71458	66153	85618	92709	22599	5619	14345	20979	
31032	81965	93296	39298	85898	99404	57709	67836	57589	33353	69370	81335	68613	68780	70669	93594	114235	116136	100613	87938	91948	77896	66650	73036	39088	107323	43500	62769	102279	73615	49157	51359	70474	97722	85827	0	69976	87213	63927	57457	50556	54720	91159	44133	59911	84447	72953	76467	94772	93301	25127	114149	80405	77399	68440	52377	111204	105078	81972	104186	119138	92052	86465	94679	62447	60456	71679	114571	67677	60312	78771	73625	76389	101025	45833	100105	57791	56723	133146	84222	88900	66664	54234	89109	61787	117937	113585	96218	67769	37694	106563	71945	30165	67336	96220	106411	84063	41969	102917	75307	88467	51129	38557	63209	56366	86551	106034	60905	67009	46324	32606	78319	81807	51609	129849	57454	48593	40261	83821	122913	109571	77453	135694	73200	82317	95856	74453	127113	72941	62339	57035	76499	40804	77748	80940	77076	93010	
41787	25772	37104	29304	79165	92671	12711	61104	50856	53967	64089	117001	61881	62047	63936	50898	58042	59944	44420	31745	85215	19735	59917	66303	39708	51130	39123	56036	95547	66882	42356	44558	63741	90989	79094	69976	0	43893	98522	51031	21456	16619	84733	28883	18371	41127	66527	19477	88346	86875	65683	57164	23419	70973	62014	51690	54218	139673	75546	97760	62152	35066	80039	88254	56021	54030	64656	57585	24357	22211	72345	108220	69963	44039	26937	93679	51365	91819	76160	27236	82474	60239	17361	82683	21641	60951	56600	89792	24449	47204	100137	65520	66134	60910	89794	49425	77637	78825	96491	68881	82041	44106	73281	56783	91462	29566	49049	95500	101605	39301	66432	71894	75381	22509	72863	51029	24990	75691	26835	65928	103145	71027	78709	28921	75891	89430	31133	97292	107537	19019	25121	33179	75901	71322	74515	70650	86584	
59024	56839	68170	46541	96402	83514	30666	78341	68093	71204	81326	134238	79118	79284	81173	51590	89108	66505	75487	62812	102452	52770	77154	83540	56945	82196	56360	73273	95314	84119	59593	61795	80978	108226	96331	87213	43893	0	115610	68119	38544	33708	101821	45971	35454	30531	83615	49903	105435	103963	82771	87585	53841	88062	79103	68778	84640	156762	92634	114848	92573	65488	97127	105342	73109	71118	66246	88006	28172	35155	89433	125308	87051	74461	44026	110767	68453	108908	97084	57657	99562	77327	42591	99771	33694	91373	87021	106880	35651	64292	117225	82608	83222	77999	106882	79847	94726	95913	113579	85969	99129	61194	90370	73872	108551	59987	79470	112588	118693	56389	83521	88982	92470	39597	93788	68117	42078	92779	57257	86852	120233	88115	99633	44092	92979	106518	26551	118217	124625	32738	39272	31865	92989	88411	91603	87738	103672	
61544	111468	122800	68801	115401	128907	87212	97340	87092	66728	101091	18858	98117	98283	100172	123097	143738	145640	130116	117441	121451	107399	96153	102539	70809	136826	75221	92272	131783	103118	80878	83080	99977	127225	115330	63927	98522	115610	0	87434	80533	84697	121136	74110	89888	114424	102930	106444	124749	123278	39506	144126	110382	107376	98417	84891	141181	42863	111949	134163	149115	122029	116442	124656	92424	90433	104193	144548	97654	90289	108748	11586	106366	131002	75810	130082	87768	40128	108666	114199	118877	96641	84211	119086	91764	147914	143562	126195	97746	70853	136540	101922	39958	97313	126197	136388	114040	52648	132894	105284	118444	83643	28747	93186	38924	116528	136011	26118	32222	78838	52884	108296	111784	81586	100926	87431	78570	49515	113798	152890	139548	107430	81405	103177	112294	125833	104430	64898	38154	92316	87011	106476	27611	107725	110917	107053	122986	
29269	63977	75308	25182	30646	44152	39721	10032	5524	41448	32347	104482	13361	12477	15417	75606	96247	98148	82625	69950	36696	59908	9488	17784	20668	89335	17283	5770	47027	18362	10692	9046	14171	42469	30575	57457	51031	68119	87434	0	32160	36325	36165	26231	41515	66051	17959	58072	39778	38307	54976	95753	62009	22405	10522	17554	92808	128967	26978	49192	100742	73656	28128	39685	4585	9774	37483	96175	49281	41917	23776	97514	21395	82629	27930	45110	4630	81113	114750	65826	33905	5949	35838	34114	43391	99541	95190	41223	49373	36497	51569	16951	55428	12342	41226	88015	29069	68118	47922	16970	33472	17503	62575	6671	80756	68156	87639	84794	90898	18827	55726	23325	26813	33213	111453	6773	35326	64984	65425	104518	54576	22458	117299	54805	27323	40862	56057	151002	96830	43943	38639	58103	65195	22754	25946	22081	38015	
22368	34402	45733	9746	59746	73252	10146	41684	31436	34548	44531	97581	42461	42628	44517	46031	66672	68573	53050	40375	65796	30333	40498	46884	20288	59760	19565	36617	76127	47462	22798	25000	44322	71569	59675	50556	21456	38544	80533	32160	0	5520	65593	6665	9639	36117	47387	28137	69206	67735	46542	65819	32074	51833	42874	28757	62874	120533	56406	78620	70807	43722	60899	69113	36881	34890	45338	66240	19347	7668	53205	89080	50823	52694	4719	74539	32224	72679	84815	35891	63333	41098	6184	63543	11298	69607	65255	70652	19438	28064	80997	46379	46994	41770	70654	58080	58497	59684	77350	49741	62900	24788	54141	37643	72322	38221	57704	76360	82465	19983	47292	52753	56241	1132	81519	31888	5672	56551	35491	74583	84004	51887	87364	24870	56751	70290	26123	105948	88396	14008	6661	28169	56761	52182	55374	51510	67443	
26532	29566	40897	14049	63910	77416	5309	45848	35601	38712	48834	101745	46625	46792	48681	41194	61835	63737	48213	35539	69960	25496	44662	51048	24453	54923	23868	40781	80292	51627	27101	29303	48486	75734	63839	54720	16619	33708	84697	36325	5520	0	69630	13780	6436	31135	51424	23155	73243	71772	50580	60837	27093	55870	46911	36587	57892	124570	60443	82657	65825	38740	64936	73151	40918	38927	49553	61259	14365	6723	57242	93117	54860	47713	11834	78576	36262	76717	79833	30910	67371	45136	7871	67580	8235	64625	60273	74689	14457	32101	85034	50417	51031	45807	74691	53099	62534	63722	81388	53778	66938	29003	58179	41680	76360	33239	52722	80397	86502	24198	51330	56791	60278	6622	76537	35926	9887	60588	30509	69601	88042	55924	82382	19888	60788	74327	21141	100966	92434	9027	9633	23187	60798	56220	59412	55547	71481	
62971	97679	109010	58884	5029	10500	73423	33194	41755	75150	68197	138184	26027	27081	23956	109308	129949	131850	116327	103652	10511	93610	27760	19755	55861	123037	50985	34442	17634	23385	46923	45277	33383	38330	8014	91159	84733	101821	121136	36165	65593	69630	0	61118	74776	99312	24678	91333	6406	35078	88237	129014	95270	22490	25430	52223	126069	162228	24988	45963	134003	106917	22202	45077	35011	44443	21352	129436	82542	75178	14770	130775	31429	115890	70903	9520	36944	114374	148011	99087	6607	29798	69099	30886	76652	132802	128451	5633	82634	69758	22469	25138	88689	30470	37997	121276	35234	101379	44694	30347	31482	56766	95836	30525	114017	101417	120900	118055	124159	53714	88987	25446	32404	66474	144714	41442	68587	98246	98686	137779	25476	16301	150560	88066	7827	5271	89318	184263	130091	77204	71900	91364	98456	28346	13742	20091	36025	
13511	41829	53161	5395	55442	68949	17573	37381	21880	25690	40180	91158	38158	34889	40214	53458	74099	76001	60477	47802	61493	37760	36194	42581	11431	67187	15214	28183	71824	43159	18447	20649	36583	67266	55372	44133	28883	45971	74110	26231	6665	13780	61118	0	17078	43575	43147	35596	64966	63495	40746	73278	39533	47593	38634	24521	70332	114737	52166	74380	78266	51181	56659	64874	32641	28966	35971	73699	26805	14333	48965	83284	46583	60153	3083	70299	24461	66883	92274	43350	59094	36859	13623	59303	17963	77065	72714	66412	26897	20400	76757	42139	41198	37530	66414	65539	54257	53888	73111	45501	58661	20552	48345	33403	66526	45680	65163	70564	76668	10616	41496	48513	52001	5521	88977	25964	11580	50754	42949	82042	79765	47647	94823	32329	52511	66050	33582	113406	82600	21467	13326	35628	50965	47942	51134	47270	63204	
31723	31317	42648	15565	69101	82607	7056	51039	40791	43903	52063	106936	51816	51983	53872	42941	63587	65488	49965	37290	75151	27248	49853	56239	29643	56675	27097	45972	85482	56818	30330	32532	53677	80924	69030	59911	18371	35454	89888	41515	9639	6436	74776	17078	0	33054	56230	25094	78049	76578	55386	62776	29032	60676	51717	41393	59831	129376	65249	87463	67765	40679	69742	77957	45724	43733	54359	63198	16284	11913	62048	97923	59666	49652	16640	83382	41068	81522	81772	32849	72177	49942	9538	72386	13425	66564	62212	79495	16376	36907	89840	55223	55837	50613	79497	55038	67340	68528	86194	58584	71744	33809	62985	46486	81166	35178	54661	85203	91308	29004	56136	61597	65084	11170	78476	40732	11289	65394	32448	71540	92848	60730	84321	21807	65594	79133	23060	102905	97240	10946	14823	25106	65604	61026	64218	60353	76287	
56259	54073	64251	43776	93636	107143	27700	75575	65327	68438	78560	131472	76352	76519	78408	26478	69197	41393	72721	60046	99687	50004	74388	80775	54179	79431	53595	70508	110018	81353	56827	59029	78213	105460	93566	84447	41127	30531	114424	66051	36117	31135	99312	43575	33054	0	81157	47445	102976	101505	80312	71110	51382	85603	76644	66320	62824	154303	90176	112390	90115	63029	94669	102883	70650	68659	75103	75312	32846	32553	86974	122850	84593	72002	41567	108308	65994	106449	71997	55199	97103	74868	40132	97312	31859	69557	84563	104421	20665	61833	114767	80149	80764	75540	104424	77388	92267	93454	111120	83510	96670	58736	87911	71413	106092	57529	77012	110130	116234	53931	81062	86523	90011	37138	68700	65658	39620	90321	54798	61765	117774	85656	74546	30910	90521	104060	35407	93129	122166	25153	37209	14761	90531	85952	89144	85279	101213	
