//--------------------------------------------------------------------------------------------------------------------
//-- données sur l'HERAULT récupérées par le géocodeur (matrice symétrique)
//-- 
//-- C. Duhamel, P. Lacomme C. Prodhon - juillet 2009 : 2500 kg à collecter, flotte de capa 4650
//--------------------------------------------------------------------------------------------------------------------
135 6 999999 0 0 0
5 30 35 0.8
10 50 50 1.2
10 50 80 1
10 100 70 2.5
10 100 80 2.2
5 300 130 2.2
0   // la ville qui represente le depot
0	71109	27697	56495	9273	23232	25966	45712	67853	77286	37008	72059	45909	42233	41921	10889	44976	111847	35286	55228	72865	72271	64230	78998	61328	57399	77185	37080	30284	60651	84554	78624	31702	14726	92305	70578	19139	41277	29258	69297	61927	42571	66481	31558	65643	21629	46278	33372	74487	49337	67498	70950	72677	64539	54086	90521	24371	22503	20499	17281	78998	24875	74823	7492	18539	60442	24308	59213	34650	85309	31882	32225	80830	88399	27253	78945	43630	27363	93594	17628	46143	104937	39877	75382	32721	38656	56433	99965	63392	60715	79325	96313	77642	46376	77366	23820	41092	37546	40152	67797	36895	16135	54891	75537	38510	49023	82109	14530	12814	43555	53223	80337	31358	93110	73634	55814	87408	85437	40600	79289	57344	81197	85124	35651	78660	14335	45585	80792	33592	20995	72200	75582	20874	29571	40841	29753	
71109	0	38983	110189	62643	76925	79659	94701	9319	4926	93793	15374	66642	33878	27185	66175	42132	51595	39555	42966	23227	11245	25030	25460	15964	23820	7900	86068	83977	69957	11532	7720	88486	57588	17719	9037	46412	29610	56163	17683	15591	91559	21117	71821	17135	71889	28614	39517	18536	49160	5749	20537	24797	25339	20507	21237	85539	80306	72861	50115	9713	82679	5539	70323	75227	23530	74568	46574	59249	16025	38782	85918	9926	14756	39730	8041	54622	77624	51410	76563	102928	35652	88865	27924	86415	45415	110126	153347	91417	114409	8421	49661	86948	53888	25607	42636	94785	90928	89140	34990	43654	68554	56195	4633	92203	33086	131098	54410	79461	96936	102212	9433	81618	46458	2730	109196	13584	11554	94293	8385	53824	10293	44441	55519	132042	63897	25756	8085	87285	71256	32999	4678	71134	86131	33088	48826	
27697	38983	0	80257	32711	46993	49727	64769	35651	45084	63861	39857	39992	18065	15263	36243	5616	74296	8628	49964	40663	40069	32028	46796	29126	20522	44983	56136	54045	55434	52352	46421	58555	25478	60103	38375	14302	19735	24605	37095	29725	61628	34279	34655	33440	41957	20268	7473	42285	40632	35295	38748	40475	25276	21884	58319	55607	50374	42929	10423	46795	52747	42621	40391	45295	24846	44636	43253	35856	53107	3404	55986	48628	56197	7620	46742	31229	47692	74111	46631	72996	72735	58933	43179	56483	14488	80194	123415	87153	84477	47122	72362	72425	29800	45164	10526	64853	60996	59208	41988	12728	38622	47666	43335	62271	24116	101166	22300	49530	67004	72280	48134	51686	69159	41432	79264	55206	53234	64361	47087	45295	48994	62794	22206	102110	33965	18927	48590	57353	41324	39998	43380	41203	56199	19300	15513	
56495	110189	80257	0	45043	36225	32804	50282	77588	116264	31917	78092	28954	60535	88011	44813	83954	82455	81376	45205	66798	79881	65452	117976	100306	71466	82118	48663	33269	31683	123532	117601	38474	52606	131282	109555	50536	82605	41703	76766	73629	50533	105458	35349	104620	31975	64306	57474	81956	33989	106475	74989	72185	63872	74824	89479	48975	46285	31787	74492	82193	48658	113801	49032	41206	79859	27035	43610	30223	83981	80604	30477	119807	127377	56236	117922	33929	28452	78016	42542	33440	103824	44446	69314	27804	60199	9676	58387	7421	13958	118302	84069	14054	35653	75988	52804	18634	44318	44721	57773	58438	42056	40302	114514	25746	61832	77645	45208	45441	50327	56079	119314	22081	77507	112611	43629	126385	91502	19278	118266	40857	120174	68636	42306	50015	46990	73982	119769	28183	33440	66133	114560	34066	51146	86083	49262	
9273	62643	32711	45043	0	18687	18057	38282	60423	69856	37375	64629	38479	44406	41604	7811	37546	104416	34969	47798	65435	64841	56800	71568	53898	49969	69755	29650	23958	53221	77124	71194	32068	18320	84875	63148	20789	55759	22750	61867	54497	35141	59051	24128	58213	14199	46608	34931	67057	41907	60068	63520	65247	57109	46656	83091	29120	23888	12443	25856	71568	26261	67393	7587	18809	53012	16333	51783	27220	77879	34196	18753	73400	80969	35144	71515	36200	19933	86163	20144	46510	97507	32447	67951	26395	40829	50107	96928	57066	54389	71894	88883	70212	38946	69936	38050	24558	34509	32722	60367	39068	8079	47461	68107	32184	64426	74679	12907	12909	40518	45793	72907	23928	85680	66204	52777	79978	78006	34274	71859	49914	73767	77693	30415	75623	6279	45268	73362	27266	13565	64770	68152	11637	29712	46412	30215	
23232	76925	46993	36225	18687	0	6004	17620	74147	83580	14224	78353	46827	58129	55327	24239	51270	112792	48692	56147	79159	78564	70524	85291	67622	63692	83478	13587	7500	61569	90848	84917	8917	34749	98598	76871	55550	69482	31098	75590	68221	15458	72774	32477	71936	22330	60332	48654	80781	50255	73791	77244	78971	70832	60380	96815	10675	13601	11963	41808	85291	15974	81117	16348	8522	66736	20788	60131	35568	91602	47920	9871	87123	94693	48868	85238	44548	26613	94512	9858	23359	111230	11784	81675	7790	54552	34080	77181	41038	38362	85618	110858	47671	47294	83660	51774	18739	14762	12059	68715	52792	13515	55809	81830	15599	64180	44983	29336	12756	20771	26523	86630	22505	107654	79927	33030	93701	91730	18247	85582	58263	87490	86042	38763	55876	18450	58991	87085	10681	17534	78493	81875	16092	20988	60135	38563	
25966	79659	49727	32804	18057	6004	0	24339	76449	85882	17838	80655	44392	60432	57630	20508	53572	110330	50995	53712	75305	80867	73959	87594	69924	65995	85781	22721	11114	59134	93150	87220	12531	31018	100901	79174	33487	71785	28663	77893	70523	24591	75077	30042	74239	19895	62634	50957	83083	47820	76094	79546	81273	72379	62682	99117	17772	15904	9528	44110	87594	18277	83419	18650	10825	69038	18353	57696	33133	93905	50222	8532	89426	96995	51170	87541	42113	24178	92077	12160	26973	113533	18504	77821	9029	56855	32740	81451	39699	37023	87920	94796	46332	44859	85962	54076	17399	18376	18779	66280	55094	11080	53374	84133	18218	70339	51703	25605	15059	24384	30137	88933	21166	91593	82230	36644	96004	94032	16907	87885	55828	89793	83607	36328	59490	16015	61294	89388	12908	15099	74640	84178	13657	23291	62438	36128	
45712	94701	64769	50282	38282	17620	24339	0	91429	100862	14309	95635	71516	75412	72610	41522	68552	130074	65975	80836	96441	95847	87806	102574	84904	80975	100761	12419	17217	86258	108130	102200	13372	52031	115881	94154	72833	86765	55787	92873	85503	9132	90057	57166	89219	47236	77614	65937	98063	74945	91074	94526	96253	88115	77662	114097	21207	24268	30103	76535	102574	27500	98399	34463	21641	84018	35763	84820	60257	108885	65202	25612	104406	111975	66150	102521	69237	44144	119201	27973	22036	128513	8904	98957	21967	71835	49821	63251	56779	54103	102900	128140	63413	71983	100942	69056	34480	8335	5560	93404	70074	31655	80498	99113	24324	81463	27574	46618	30872	7234	7721	103913	38246	124937	97210	19100	110984	109012	26551	102865	82952	104773	110731	63452	41946	39244	76274	104368	22001	35673	95776	99158	34231	23378	77418	75246	
67853	9319	35651	77588	60423	74147	76449	91429	0	9889	91359	5706	56303	24227	24751	63740	39698	49421	37120	32627	14031	5918	14691	22809	13530	14190	3918	83634	81543	59618	23036	16684	86052	55154	32024	13028	43978	27176	53728	8015	6921	89125	18683	61483	14484	69455	18086	37083	11432	38822	5348	10869	15600	15000	18073	18955	83104	77872	70427	47681	10117	80245	5943	67889	72793	21096	72134	36236	48911	10018	36348	83484	16159	20989	37296	17007	44284	75189	49236	74129	100494	33300	86431	18727	83981	24938	107692	150912	81079	111974	18513	47487	76610	43550	17721	40202	92351	88493	86706	24652	41220	66120	45856	13061	89769	22748	128664	51976	77027	94502	99778	15665	79184	44284	11694	106761	19324	18039	91859	13938	43486	20385	37919	53085	129608	61463	16707	13395	84851	68821	22661	13642	68700	83696	30654	46392	
77286	4926	45084	116264	69856	83580	85882	100862	9889	0	98942	14404	71791	39027	32334	71324	47281	45857	44704	48115	22257	14167	30179	30609	21113	28969	7156	91217	89126	75106	20841	10581	93635	62737	28591	12784	51561	34759	61312	16713	20740	96709	26266	76970	22284	77038	33763	44666	13343	54309	8079	16868	19228	30488	25656	15499	90688	85455	78010	55264	8837	87828	4227	75472	80376	28680	79717	51723	64398	9891	43931	91067	8665	13495	44879	14809	59771	82773	45672	81712	108077	29914	94014	22868	91564	50564	115275	158496	96566	119558	15189	43923	92097	59037	20415	47785	99934	96077	94289	40139	48803	73703	61344	11402	97352	38235	136247	59559	84611	102085	107361	8172	86767	40720	8505	114345	11831	9080	99442	6444	58973	15002	38703	60668	137191	69046	30905	5901	92434	76405	38148	10154	76284	91280	38237	53975	
37008	93793	63861	31917	37375	14224	17838	14309	91359	98942	0	91507	58197	71283	68481	34313	64423	124134	61846	67516	92312	91718	83677	98445	80776	76846	96632	20038	10119	72939	104001	98071	6084	44823	111752	90025	68704	82636	42468	88744	81375	16481	85928	43846	85090	33699	73486	61808	93934	61625	86945	90397	92125	83986	73533	109968	20349	26755	23333	54961	98445	26643	94271	29502	19330	79889	26961	71501	46938	104756	61074	18843	100277	107846	62022	98392	55918	35342	105882	23011	9299	124384	11141	94829	11103	67706	31795	63924	38754	36077	98772	108601	45387	58664	96813	64927	17905	7292	9509	80085	65945	24885	67179	94984	10874	84144	40263	39410	25910	9642	15394	99784	29445	105398	93081	19773	106855	104884	13102	98736	69632	100644	97412	50133	42619	29819	72145	100239	8125	28904	91647	95029	27462	22520	73289	49933	
72059	15374	39857	78092	64629	78353	80655	95635	5706	14404	91507	0	56818	24741	21465	68749	44707	47252	42129	33142	11862	3252	15206	27818	14109	14704	7770	88643	86552	60133	29139	22787	91061	60163	36890	19131	48987	23993	58737	6317	10448	94134	23691	61997	19493	68093	18600	42092	9734	39336	11450	9172	13431	15515	16211	15906	88113	82881	75436	52690	5564	85254	10525	72898	77802	26105	77799	36750	49425	7352	41357	88493	18357	25571	42305	23110	44799	69124	47067	79138	105503	31602	91440	16558	88989	25452	84906	155921	81594	87842	24615	45318	77124	44064	16024	45211	97360	93502	91715	25166	46229	71129	46371	19164	94778	23262	133673	56985	82036	99511	104787	20248	83263	42115	17797	111770	23906	14873	96868	18520	44000	26488	35750	51415	134617	66472	17221	16365	89860	74487	22504	19745	73709	88705	27471	51401	
45909	66642	39992	28954	38479	46827	44392	71516	56303	71791	58197	56818	0	37205	57163	35470	45786	71843	38700	24141	45735	58818	44389	74816	56993	50402	61055	63383	45720	20647	80372	74441	54248	44368	88122	66395	38938	61542	30105	55702	52566	68875	62145	14384	61307	26578	43243	34144	60893	9512	63315	53926	51122	42809	53760	68416	62854	57622	39661	53769	61130	59994	61181	46566	52543	58795	29497	28126	12473	62918	39506	39272	76647	84217	44639	74762	9577	25636	67404	53878	57416	82761	66181	48251	42906	36869	38546	87257	30101	42828	75142	65226	32437	12323	54925	33242	35277	68243	66456	36710	35108	39110	20977	71355	44697	40769	108413	36970	52835	74252	79527	76154	24274	62023	69451	62580	83225	70439	38336	75107	16379	77014	44158	18976	78885	34452	52919	76610	46786	32972	45069	71400	34472	63446	65020	25932	
42233	33878	18065	60535	44406	58129	60432	75412	24227	39027	71283	24741	37205	0	8349	48274	22162	54614	11212	20450	18873	26264	17887	35578	21620	10169	28501	68167	66076	47441	50177	44246	70585	37292	44792	36200	24934	13593	24002	23149	18077	73659	21798	29780	25935	32914	7239	12162	28339	26645	33120	24802	24260	13449	12949	35862	67638	62405	54960	28964	44620	64778	40446	52422	57326	17300	40043	30265	33136	30364	14700	68017	46453	54022	19434	44567	28510	56432	54429	58662	85027	50207	70964	21389	68514	4513	72215	135446	68902	75151	44947	52681	64433	25480	28063	22340	54363	73027	71239	17050	10386	50653	33680	41160	74302	9920	113197	34114	61561	79035	84311	45959	44103	49477	39257	91295	53030	51059	76392	44912	31309	46819	42990	22885	114141	45996	8096	46415	69384	61795	18224	41205	63294	68230	13157	16666	
41921	27185	15263	88011	41604	55327	57630	72610	24751	32334	68481	21465	57163	8349	0	44083	14388	57126	8203	32598	23298	23040	14663	35108	17438	6981	33294	63976	61886	59589	40664	34733	66395	33101	48414	26687	21925	9276	27773	19925	13243	69468	16287	34439	21752	36684	7788	13410	25115	38793	23607	21578	23305	11736	7214	32638	63447	58215	50770	25955	35107	60587	30933	48231	53136	11790	52477	36207	40780	41419	11691	63826	36939	44509	15243	35054	36153	42232	56941	54471	80836	46984	66774	25814	64323	8714	88035	131255	81050	92317	35434	55192	76581	34723	27994	18149	72694	68836	67049	24623	15264	46463	45828	31647	70112	11297	109006	29924	57370	74845	80120	36446	59526	51989	29744	87104	43517	41546	72202	35399	43457	37306	45625	27129	109950	41805	5387	36902	65193	49164	22632	31692	49043	64039	8840	20436	
10889	66175	36243	44813	7811	24239	20508	41522	63740	71324	34313	68749	35470	48274	44083	0	41126	100911	38549	44293	65886	68421	64540	75148	57478	53549	73335	33230	31139	49715	80704	74774	35648	10918	88455	66728	13386	59339	23506	65447	58077	38721	62631	20623	61793	11705	50189	27620	70637	38401	63648	67100	68827	62960	50236	86671	32700	27468	14907	23509	75148	29841	70973	14305	22389	56592	16309	48277	23714	81459	37776	21217	76980	84549	21500	75095	32694	21226	82658	23724	50090	101087	36027	68402	33576	44409	46249	100508	71176	50531	75475	85377	66707	35440	73516	18068	27022	38089	36302	56861	42648	10600	43955	71687	39365	60920	78259	5505	20574	44098	49373	76487	25220	82174	69784	56357	83558	81587	41455	75439	46409	77347	74188	29899	79203	5943	48848	76942	34447	13135	65221	71732	11613	33292	49992	24001	
44976	42132	5616	83954	37546	51270	53572	68552	39698	47281	64423	44707	45786	22162	14388	41126	0	68574	13015	45897	36597	44455	27962	51182	33513	20658	49369	60522	58432	69767	56738	50808	62941	29864	64489	42762	18688	10171	28992	31373	34112	66014	23226	39042	37827	46344	19729	11793	36563	52092	39682	33026	34753	25412	19921	62705	59993	54761	47316	14353	51182	57133	47008	44777	49682	15282	49023	49506	41708	57493	8549	60372	53014	60583	12006	51129	38003	52078	68389	51017	77383	77121	63320	39113	60869	18875	84581	127801	91539	88863	51509	66640	86758	36573	39442	14912	69240	65382	63595	37922	17114	43009	59127	47721	66658	23578	105552	26686	53916	71391	76666	52521	56072	63437	45818	83650	59592	57621	68748	51473	56756	53381	57073	28979	106496	38351	18433	52976	61740	45710	35931	47766	45589	60585	9735	22286	
111847	51595	74296	82455	104416	112792	110330	130074	49421	45857	124134	47252	71843	54614	57126	100911	68574	0	64308	47101	38748	43822	46657	68573	54042	50480	50858	127474	116921	53434	58592	58819	118339	108458	66343	60152	80699	59768	94195	40205	46297	132966	59365	84574	60248	90669	48721	73804	37898	45144	54538	38426	34231	44485	51986	30927	126945	121712	103752	84402	44377	124085	48449	110656	116633	57021	100376	40916	59584	40434	73069	108401	53190	49643	74017	59031	54957	91700	3827	117969	132780	33029	130271	36537	116566	61227	84922	133357	74581	87858	59411	4238	70112	54223	31874	76923	116100	132334	130546	39393	67101	103200	39543	55624	125147	45327	172504	101061	116925	138342	143618	54142	105839	8915	53721	150602	55345	43811	100291	58041	38491	62171	27872	61574	124698	98543	52996	47188	120229	97063	37395	55669	98562	127537	63246	68530	
35286	39555	8628	81376	34969	48692	50995	65975	37120	44704	61846	42129	38700	11212	8203	38549	13015	64308	0	28585	30371	41853	21736	48580	30910	14055	46767	57920	55829	54301	54136	48205	60339	27045	61887	40160	15869	14040	21717	26999	20316	63412	23361	28382	35225	30628	13801	7354	32189	34780	37080	28652	30379	18809	14288	60103	57391	52158	44713	19898	48579	54531	44405	42175	47079	18863	46420	38400	34723	54891	5635	57770	50412	57981	9187	48526	30097	36176	64015	48415	74780	74519	60717	32888	58267	9050	81978	125199	64016	86261	48906	62266	71292	28667	35068	12093	66637	62780	60992	24780	9208	40406	41814	45119	64055	17650	102950	23867	51314	68788	74064	49918	53470	59063	43216	81048	56990	55018	66145	48871	39443	50779	52698	21073	103894	35749	12460	50374	59137	43108	29706	45164	42987	57983	13605	14380	
55228	42966	49964	45205	47798	56147	53712	80836	32627	48115	67516	33142	24141	20450	32598	44293	45897	47101	28585	0	21715	34798	20369	50796	32973	26382	37035	71779	61226	27014	56352	50421	62643	52763	64102	42375	47333	37522	38500	31682	28546	77270	38125	28878	37287	34974	19223	33465	36873	6217	39295	29906	27102	18789	29740	44396	71249	66017	48056	62156	37110	68390	37161	54961	60938	34775	44680	9113	16306	38898	38827	52706	52627	60197	35598	50742	11680	36005	47130	62273	77085	58741	74576	24231	60871	26302	51787	99936	48475	54723	51122	46213	44005	10945	30905	32563	60404	76638	74851	12690	34429	47505	13252	47334	69452	16749	116808	45365	61230	82647	87922	52134	50144	43010	45431	94906	59205	46419	63463	51086	10881	52994	36523	18297	117752	42848	28899	52589	64533	41368	21049	47380	42867	71841	41000	25253	
72865	23227	40663	66798	65435	79159	75305	96441	14031	22257	92312	11862	45735	18873	23298	65886	36597	38748	30371	21715	0	13311	10608	33264	23212	16622	15549	88348	86257	48923	46591	30565	90767	59868	42478	24843	48692	27761	60409	7450	9115	93840	28364	50788	24939	56883	12672	27800	12576	28127	19229	8995	6191	8436	19979	17527	87819	82587	69965	52395	15623	84959	18304	72603	77508	25014	66590	21654	38216	16357	41062	74615	28520	33349	42010	31907	33589	57914	38153	78843	105208	31873	91145	3320	88695	20151	73697	121845	70384	76633	33413	36404	65914	32855	9994	44916	82314	93208	91420	9614	26025	69414	35161	27961	94483	9278	133378	67275	81742	99216	104492	28026	72053	33200	25576	111476	31685	24933	85372	26298	32791	35285	26836	40206	134322	64757	19138	25755	89565	63277	9266	27524	64776	88411	31239	47162	
72271	11245	40069	79881	64841	78564	80867	95847	5918	14167	91718	3252	58818	26264	23040	68421	44455	43822	41853	34798	13311	0	17326	27816	14106	16824	4516	88641	86550	62252	25139	18786	91059	60161	32889	17934	48985	26229	58735	8437	10445	94132	23689	64117	19491	74462	20720	42089	8325	41456	10254	11067	13428	17634	23080	14951	88111	82879	75434	52688	3550	85252	6637	72896	77800	26103	77141	38870	51545	6398	41355	88491	14436	21682	42303	19107	46918	71243	43824	79135	105501	29367	91438	18677	88987	27572	87026	155919	83713	89962	19487	42075	79244	46184	14615	45209	97358	93500	91713	27286	46226	71127	48491	15700	94776	25382	133670	56983	82034	99509	104784	16359	84191	38872	13797	111768	20018	10953	96866	14631	46120	21359	32508	53535	134614	66470	19341	12445	89858	73828	24624	15745	73707	88703	29707	51399	
64230	25030	32028	65452	56800	70524	73959	87806	14691	30179	83677	15206	44389	17887	14663	64540	27962	46657	21736	20369	10608	17326	0	32402	14579	7989	18642	79716	77625	47619	37958	32028	82134	51236	45709	23982	40060	19129	59105	13289	10152	85207	19732	49483	18894	55578	8354	33164	18479	26822	20902	14942	16670	6178	11347	26003	79186	73954	68661	43763	18716	76327	18768	63971	68875	16382	65285	24236	36911	20505	32430	73310	34234	41803	33378	32349	32284	56609	50305	70210	96576	40348	82513	13843	80062	18737	72392	120540	69079	75328	32729	48557	64610	31550	21358	36284	81009	84575	82788	12652	24610	68110	33857	28941	85851	10748	124745	48058	73109	90584	95859	33741	70748	45353	27038	102843	40812	28026	87941	32693	31486	34601	35428	38901	125690	63452	10506	34196	80933	61972	10661	28986	63472	79778	22607	30890	
78998	25460	46796	117976	71568	85291	87594	102574	22809	30609	98445	27818	74816	35578	35108	75148	51182	68573	48580	50796	33264	27816	32402	0	19429	33266	26752	95514	93423	79403	17633	20831	97933	67034	12293	22566	55858	29745	65609	31463	24768	101006	15948	81267	13477	81336	38060	48963	34880	58606	24601	34318	36728	34785	29953	48079	94985	89753	82307	59561	36555	92125	32381	79769	84673	23963	84014	56020	68695	33467	48228	95364	28868	28589	49176	27960	64069	87070	70363	86009	112374	62495	98311	39854	95861	54861	119572	162793	100863	123855	23485	68615	96394	63334	41416	52082	104231	100374	98586	44436	53100	78000	65641	26917	101649	42532	140544	63856	88908	106382	111658	27069	91064	65411	31192	118642	27598	42994	103739	25311	63270	18258	59047	64965	141488	73343	35202	38350	96731	80702	42446	22893	80581	95577	30610	58272	
61328	15964	29126	100306	53898	67622	69924	84904	13530	21113	80776	14109	56993	21620	17438	57478	33513	54042	30910	32973	23212	14106	14579	19429	0	11159	23269	76221	74130	59867	30638	24708	78640	47741	26988	11365	36566	14055	46316	15684	7301	81713	7486	61732	4983	62043	16513	29670	19100	39071	12551	18326	20053	15249	10660	36605	75692	70460	63015	40268	25082	72832	20908	60476	65381	9900	64722	36485	49160	17687	28935	76071	26914	34483	29883	16760	44533	67777	53689	66716	93081	51021	79018	26092	76568	21907	100280	143500	81328	104562	20318	51940	76859	43799	24742	32789	84939	81081	79293	24901	33807	58708	46106	14866	82356	22997	121251	44564	69615	87090	92365	26421	71771	48736	19718	99349	33492	31521	84447	25373	43735	22190	42372	45672	122195	54050	15771	26876	77438	61409	22910	21666	61288	76284	16546	38979	
57399	23820	20522	71466	49969	63692	65995	80975	14190	28969	76846	14704	50402	10169	6981	53549	20658	50480	14055	26382	16622	16824	7989	33266	11159	0	18522	72995	70904	52834	37298	31367	75413	38952	45048	23321	27777	12041	30295	13169	8098	78486	16300	54698	15955	60794	5412	19261	18360	32038	20241	14823	16550	4856	3848	25883	72465	67233	59788	31806	31741	69606	27567	57250	62154	11803	61495	29451	42127	20385	17542	72845	33573	41143	21094	31688	37500	61825	50186	63489	89855	40228	75792	19058	73341	10806	77608	140273	74295	80543	32068	48437	69825	36765	21239	24000	81712	77854	76067	17867	16679	55481	39072	28280	79130	7783	118024	35775	66388	83863	89138	33080	68545	45233	26377	96122	40151	38180	81220	32032	36701	33940	38869	29651	118968	50824	2743	33535	74212	58182	15877	28325	58061	73057	15519	22959	
77185	7900	44983	82118	69755	83478	85781	100761	3918	7156	96632	7770	61055	28501	33294	73335	49369	50858	46767	37035	15549	4516	18642	26752	23269	18522	0	85565	83474	63868	21822	15470	87983	57085	29573	12680	45909	29107	55659	10053	9696	91056	20614	65733	16415	71386	22336	39014	13469	43072	4999	12907	17167	19250	20004	20501	85035	79803	72358	49612	7495	82176	3320	69820	74724	23027	74065	40486	53161	8730	38279	85415	13536	18366	39227	15791	48534	77120	50803	76060	102425	34917	88362	20293	85912	29188	109623	152843	85329	113905	16171	49054	80860	47800	19759	42133	94282	90424	88637	28902	43151	68051	50107	12383	91700	26998	130595	53907	78958	96433	101709	13043	81115	45850	10480	108693	16701	15416	93790	11315	47736	18043	39486	55016	131539	63394	20957	10772	86782	70752	26240	12428	70631	85628	32585	48323	
37080	86068	56136	48663	29650	13587	22721	12419	83634	91217	20038	88643	63383	68167	63976	33230	60522	127474	57920	71779	88348	88641	79716	95514	76221	72995	85565	0	14454	77314	99185	93255	13313	43087	106936	85209	63888	77820	46843	83928	76559	5728	81112	48221	80274	38292	68670	56992	89118	66000	82129	85581	87309	79170	68717	105152	9716	12139	27340	67591	93629	13017	89455	25519	17693	75073	33000	75876	51313	99940	56258	22850	95461	103030	57205	93576	60292	44026	110256	19029	27755	119568	7832	90013	19204	62890	47058	78174	54017	51340	93956	119196	60650	63039	91997	60111	31717	15755	13967	84459	61129	28892	71553	90168	24157	72518	43042	37673	21927	21763	23190	94968	35484	115992	88265	34023	102039	100068	27613	93920	74007	95828	101786	54507	56869	30299	67329	95423	19239	32911	86831	90213	31469	8123	68473	66302	
30284	83977	54045	33269	23958	7500	11114	17217	81543	89126	10119	86552	45720	66076	61886	31139	58432	116921	55829	61226	86257	86550	77625	93423	74130	70904	83474	14454	0	66172	97235	91304	4921	38056	104985	83258	61937	75870	35701	81977	74608	17920	79161	37080	78323	26933	66719	55042	87168	54859	80178	83631	85358	77220	66767	103202	16362	19988	16567	48195	91678	22361	87504	22735	14909	73123	22227	64734	40171	97990	54307	12076	93510	101080	55255	91625	49151	30608	99115	16245	19363	117617	11833	88062	3406	60939	33238	74124	40196	37520	92005	101834	46830	51897	90047	58161	17897	11705	12108	73318	59179	18119	60412	88218	9756	77377	45032	32643	19144	17714	23466	93017	24710	98631	86314	29973	100088	98117	11815	91970	62866	93877	90645	43366	52819	23053	65378	93473	4837	22137	84880	88263	20695	18533	66523	43166	
60651	69957	55434	31683	53221	61569	59134	86258	59618	75106	72939	60133	20647	47441	59589	49715	69767	53434	54301	27014	48923	62252	47619	79403	59867	52834	63868	77314	66172	0	83288	77357	68268	58388	91038	69311	52958	64458	44125	58618	55481	82895	65061	34503	64223	40599	46159	48887	63808	21166	66231	56842	54037	45725	56676	71332	76874	71642	53681	68512	64045	74015	64097	60586	66563	61711	50306	31042	29398	65834	54249	58331	79563	87132	58659	77678	24320	41630	49650	67899	63189	85677	80201	51167	66496	51612	33658	82093	23317	36594	78058	55703	18847	27066	57840	55227	48383	82264	80476	39625	49851	53130	24717	74270	55496	43684	122434	50991	66855	88272	93548	79070	55769	64938	72367	100532	86141	73355	49027	78022	29173	79930	56952	33719	73434	48473	55835	79525	70159	46993	47985	74315	48492	77467	67936	40675	
84554	11532	52352	123532	77124	90848	93150	108130	23036	20841	104001	29139	80372	50177	40664	80704	56738	58592	54136	56352	46591	25139	37958	17633	30638	37298	21822	99185	97235	83288	0	5263	102017	71119	7337	30570	59943	43140	69693	31649	29121	105090	34647	85351	30665	85420	42145	53047	32502	62691	19715	34503	41081	38869	34038	35203	99069	93837	86392	63645	23679	96209	19505	83853	88758	37061	88099	60104	72780	29991	52312	99448	13855	10310	53260	12226	68153	91154	61527	90093	116458	39317	102396	49711	99945	58945	123657	166877	104948	127939	9192	58464	100478	67418	39573	56166	108316	104458	102671	48520	57184	82085	69725	13238	105734	46616	144628	67941	92992	110467	115742	11014	95148	56818	9346	122726	9319	17914	107824	9742	67354	3966	58407	69049	145572	77427	39286	16418	100815	84786	46530	7325	84665	99661	46618	62356	
78624	7720	46421	117601	71194	84917	87220	102200	16684	10581	98071	22787	74441	44246	34733	74774	50808	58819	48205	50421	30565	18786	32028	20831	24708	31367	15470	93255	91304	77357	5263	0	96027	65128	11309	15117	53952	37150	63703	24897	23131	99100	28657	79361	24675	79429	36154	47057	22638	56700	13289	27751	32011	32879	28047	24793	93079	87846	80401	57655	16585	90219	12411	77863	82767	31071	82108	54114	66789	19186	46322	93458	8860	10418	47270	9757	62162	85164	54967	84103	110468	39209	96405	35137	93955	52955	117666	160887	98957	121949	6917	53218	94488	61428	29710	50176	102325	98468	96680	42530	51194	76094	63735	9286	99743	40626	138638	61950	87002	104476	109752	7083	89158	50014	5393	116736	7492	12370	101833	4460	61364	4401	47998	63059	139582	71437	33296	11135	94825	78796	40540	3372	78675	93671	40628	56366	
31702	88486	58555	38474	32068	8917	12531	13372	86052	93635	6084	91061	54248	70585	66395	35648	62941	118339	60339	62643	90767	91059	82134	97933	78640	75413	87983	13313	4921	68268	102017	96027	0	39519	106448	84721	63400	77332	37164	83440	76071	16604	80624	38543	79786	28396	68182	56504	88631	56322	81641	85094	86821	78683	68230	104665	15046	21451	18029	49658	93141	21339	88967	24198	14027	74586	23690	66197	41634	99452	55770	13539	94973	102543	56718	93088	50614	32070	100578	17708	15222	119080	8996	89525	7226	62402	37748	68100	44706	42030	93468	103297	51339	53360	91510	59624	22407	6041	8258	74781	60642	19582	61875	89680	16102	78840	39088	34106	20607	11689	17442	94480	26173	100094	87777	23949	101551	99580	15634	93432	64329	95340	92108	44829	46795	24516	66841	94935	9600	23600	86343	89725	22158	17217	67985	44629	
14726	57588	25478	52606	18320	34749	31018	52031	55154	62737	44823	60163	44368	37292	33101	10918	29864	108458	27045	52763	59868	60161	51236	67034	47741	38952	57085	43087	38056	58388	71119	65128	39519	0	78900	57173	10984	39010	21103	55892	48523	49191	53076	31154	52238	26741	38124	25218	61082	50565	54093	57546	59273	43779	40681	77116	43170	37938	25377	23429	65593	40310	61419	19488	32859	43833	26778	60441	33819	71904	23727	31686	67425	74994	19098	65540	37386	32290	94821	29624	60559	91532	46496	61977	44046	30501	53333	110978	83340	57615	65920	97541	78870	37452	63961	15665	42565	48559	46771	69025	28740	21070	56119	62132	49834	40868	88729	6375	24810	54568	59843	66932	32304	94337	60229	66827	74003	72032	51925	65884	58572	67792	86351	27497	89673	16412	37430	67387	44916	23605	58795	62177	22082	43762	38575	21599	
92305	17719	60103	131282	84875	98598	100901	115881	32024	28591	111752	36890	88122	44792	48414	88455	64489	66343	61887	64102	42478	32889	45709	12293	26988	45048	29573	106936	104985	91038	7337	11309	106448	78900	0	30554	63846	37733	73596	39310	32755	108993	23936	89255	21465	89323	46048	56950	40162	66594	27376	42164	44715	42772	37941	42864	102972	97740	90295	67549	31340	100113	27166	87757	92661	31951	92002	64008	76683	37651	56216	103352	18249	17971	57164	15900	72056	95057	69188	93997	120362	46977	106299	47842	103848	62848	127560	170780	108851	131842	12866	66125	104382	71322	49404	60070	112219	108361	106574	52424	61088	85988	73629	15737	109637	50520	148531	71844	96895	114370	119645	16450	99052	64478	14296	126629	16979	22308	111727	14692	71258	7640	67034	72952	149476	81331	43190	21368	104719	88689	50433	12275	88568	103564	38597	66260	
70578	9037	38375	109555	63148	76871	79174	94154	13028	12784	90025	19131	66395	36200	26687	66728	42762	60152	40160	42375	24843	17934	23982	22566	11365	23321	12680	85209	83258	69311	30570	15117	84721	57173	30554	0	45922	29120	55672	21201	14831	91069	15946	71331	12200	71399	28124	39026	24618	48670	7733	24056	26791	24848	20017	26169	85048	79816	72371	49625	15489	82189	11315	69833	74737	23040	74078	46084	58759	20957	38292	85428	19204	36021	39240	8440	54132	77133	60427	76073	102438	40584	88375	29918	85924	44924	109636	152856	90927	113918	11831	58678	86458	53398	31480	42146	94295	90437	88650	34500	43164	68064	55705	7583	91713	32596	130607	53920	78971	96446	101721	18710	81128	55475	11239	108705	22369	21084	93803	16714	53334	13703	49110	55028	131552	63407	25266	16440	86795	70765	32509	13007	70644	85640	32598	48336	
19139	46412	14302	50536	20789	55550	33487	72833	43978	51561	68704	48987	38938	24934	21925	13386	18688	80699	15869	47333	48692	48985	40060	55858	36566	27777	45909	63888	61937	52958	59943	53952	63400	10984	63846	45922	0	27813	12426	44695	37326	51659	41879	22476	41041	18064	27574	14021	49885	41888	42896	46348	48076	32582	29484	65919	45638	40405	27845	26677	54396	42778	50222	23900	35326	32636	25194	51764	25142	60707	12530	36397	56228	63797	7901	54343	28709	23612	86144	36662	63027	80335	48964	50780	46514	21794	50282	98993	74662	54564	54723	79963	70193	28775	52764	6463	39514	51027	49239	60347	20034	23538	47442	50935	52302	31423	91197	7806	29222	57035	62311	55735	29253	76759	49032	69295	62806	60835	42572	54687	49895	56595	77674	17816	92141	18880	26233	56190	47384	25059	47598	50980	26558	46230	27378	11918	
41277	29610	19735	82605	55759	69482	71785	86765	27176	34759	82636	23993	61542	13593	9276	59339	10171	59768	14040	37522	27761	26229	19129	29745	14055	12041	29107	77820	75870	64458	43140	37150	77332	39010	37733	29120	27813	0	34297	21854	14262	83169	13707	65234	18069	63499	13040	19934	27044	42573	24924	23507	25235	15893	10402	47948	77149	71916	64471	24485	36424	74289	32250	61933	66837	9210	66178	39987	52662	42736	18215	77528	38257	45826	21767	36371	48035	69233	58870	68173	94538	48913	80475	29594	78025	15238	101736	144956	84830	106019	36751	57122	80361	47301	29923	24673	86395	82538	80750	28403	21788	60164	49608	32964	83813	16550	122708	36448	71071	88546	93822	37763	73228	53918	31061	100806	44835	42863	85903	36716	47237	38623	47554	33653	123652	55507	8914	38219	78895	62866	26412	33009	62744	77741	5498	26960	
29258	56163	24605	41703	22750	31098	28663	55787	53728	61312	42468	58737	30105	24002	27773	23506	28992	94195	21717	38500	60409	58735	59105	65609	46316	30295	55659	46843	35701	44125	69693	63703	37164	21103	73596	55672	12426	34297	0	53609	46240	52154	50793	13669	49955	9257	28246	17899	58800	33081	51810	68756	65952	57640	38399	74833	46133	40901	22940	35591	63310	43273	59136	29845	35822	39156	16387	42957	16335	69621	21444	27589	65142	72711	16815	63257	19902	14805	77337	37157	51969	89249	49460	63082	35754	20623	41475	90186	65855	45757	63637	80057	61386	19968	69755	13383	30706	51522	49735	51540	18862	22389	38634	59849	44335	30990	91692	16732	36114	57531	62806	64649	20446	76853	57946	69790	71720	69749	33765	63601	41088	65509	68867	11199	92636	17731	28858	65104	39417	16252	59900	59894	17751	46725	33898	8605	
69297	17683	37095	76766	61867	75590	77893	92873	8015	16713	88744	6317	55702	23149	19925	65447	31373	40205	26999	31682	7450	8437	13289	31463	15684	13169	10053	83928	81977	58618	31649	24897	83440	55892	39310	21201	44695	21854	53609	0	9360	88743	25572	60669	21374	66764	17272	36700	5764	38008	13331	3375	6645	14187	14883	13288	82722	77490	70045	47299	9882	79863	12406	67507	72411	19918	76471	28571	48097	7408	35966	83102	22622	27452	36914	24991	43470	67795	39799	73747	100112	27633	86049	10602	83598	24124	83578	150530	80265	86514	26496	38050	75796	42736	10589	39820	91969	88111	86324	16531	29997	65738	45043	21044	89387	16194	128281	51594	76645	94120	99395	22128	81934	34847	19678	106379	25787	16336	91477	20401	42672	28368	28482	50087	129226	61081	15893	17829	84469	73159	15922	21626	74658	83314	26143	36277	
61927	15591	29725	73629	54497	68221	70523	85503	6921	20740	81375	10448	52566	18077	13243	58077	34112	46297	20316	28546	9115	10445	10152	24768	7301	8098	9696	76559	74608	55481	29121	23131	76071	48523	32755	14831	37326	14262	46240	9360	0	81143	13177	55594	14962	61690	12198	29100	13833	32934	10550	10278	12005	9112	7282	21356	75122	69889	62444	39698	11887	72262	11145	59906	64810	12317	71397	30347	43023	13675	28365	75501	21361	35248	29313	21931	38396	62721	45641	66146	92511	35701	78448	15132	75998	18059	78504	142930	75191	81440	23436	43892	70721	37662	16694	32219	84368	80511	78723	18764	23933	58137	39968	17984	81786	16860	120681	43993	69045	86519	91795	20868	76860	40689	20483	98779	34257	21196	83876	26138	37598	25308	34324	45013	121625	53480	9829	18597	76868	68084	16773	22431	69583	75714	18542	38409	
42571	91559	61628	50533	35141	15458	24591	9132	89125	96709	16481	94134	68875	73659	69468	38721	66014	132966	63412	77270	93840	94132	85207	101006	81713	78486	91056	5728	17920	82895	105090	99100	16604	49191	108993	91069	51659	83169	52154	88743	81143	0	87091	54200	86253	44270	74648	62971	95097	71978	88108	91560	93287	85149	74696	111131	18241	21302	29738	73569	99607	24534	95433	31497	19371	81052	35399	81854	57291	105919	62236	25248	101440	109009	63184	99554	66271	43779	116235	25007	30154	125547	6330	95991	21603	68869	49457	72626	56415	53739	99934	125174	63048	69017	97976	66090	34116	12044	8831	90438	67108	31290	77532	96147	26556	78497	36950	43652	27906	16610	17097	100946	37882	121971	94244	28475	108018	106046	30011	99899	79986	101807	107765	60486	51322	36278	73307	101402	21637	35309	92810	96192	33867	20412	74452	72280	
66481	21117	34279	105458	59051	72774	75077	90057	18683	26266	85928	23691	62145	21798	16287	62631	23226	59365	23361	38125	28364	23689	19732	15948	7486	16300	20614	81112	79161	65061	34647	28657	80624	53076	23936	15946	41879	13707	50793	25572	13177	87091	0	69348	6668	69659	20464	37286	28075	46687	17796	27513	29923	22866	18276	41274	83308	78076	70631	38713	29751	80448	25577	68092	72997	10467	72338	44101	56776	26662	36551	83687	31583	39152	37499	21156	52149	75393	63559	74332	100697	55690	86634	33708	84184	25600	107896	151116	88944	112178	25564	61810	84475	51415	34612	40405	92555	88697	86910	32517	41423	66324	53722	20112	89972	23973	128867	52180	77231	94706	99981	31090	79387	58606	24387	106965	38161	36190	92063	30042	51351	27436	52242	53288	129811	61666	16338	31545	85054	69025	30526	26335	68904	83900	17113	46595	
31558	71821	34655	35349	24128	32477	30042	57166	61483	76970	43846	61997	14384	29780	34439	20623	39042	84574	28382	28878	50788	64117	49483	81267	61732	54698	65733	48221	37080	34503	85351	79361	38543	31154	89255	71331	22476	65234	13669	60669	55594	54200	69348	0	76407	10555	48447	23552	66096	23454	78262	59129	56325	48013	58964	73620	47315	42082	24121	45727	66333	44455	85588	31026	37003	63999	17685	23348	3651	68121	31579	28771	91594	99164	26950	89709	7845	10486	67710	38339	53150	68120	50641	53455	36936	26277	38575	87286	37961	42857	90089	60448	51759	11391	60128	23518	27806	52704	50916	41913	24516	23570	29007	86301	45517	45972	92874	21431	37295	58712	63988	91101	16803	57244	84398	70972	98172	75643	30865	90053	31461	91961	50758	8667	93818	18913	58123	91556	40599	17433	50273	86346	18932	47907	39552	18154	
65643	17135	33440	104620	58213	71936	74239	89219	14484	22284	85090	19493	61307	25935	21752	61793	37827	60248	35225	37287	24939	19491	18894	13477	4983	15955	16415	80274	78323	64223	30665	24675	79786	52238	21465	12200	41041	18069	49955	21374	14962	86253	6668	76407	0	70157	20827	37785	23702	47428	13423	23140	25549	23607	18775	36901	83807	78574	71129	48383	25377	80947	21203	68591	73495	14214	72836	44842	57517	22288	37050	84186	27210	34779	37998	16782	52890	75892	59185	74831	101196	51317	87133	28676	84683	43683	108394	151615	89685	112677	21191	57436	85216	52156	30238	40904	93053	89196	87408	33258	41922	66822	54463	15739	90471	31354	129366	52678	77730	95204	100480	26716	79886	54233	20014	107464	33788	31816	92561	25669	52092	23063	47869	53787	130310	62165	20085	27172	85553	69524	31267	21962	69403	84399	20860	47094	
21629	71889	41957	31975	14199	22330	19895	47236	69455	77038	33699	68093	26578	32914	36684	11705	46344	90669	30628	34974	56883	74462	55578	81336	62043	60794	71386	38292	26933	40599	85420	79429	28396	26741	89323	71399	18064	63499	9257	66764	61690	44270	69659	10555	70157	0	53954	26486	71604	28961	68888	64637	61832	53520	55476	79127	37940	32708	14474	54349	80388	35081	76213	21652	27629	61832	6803	38837	14274	73629	28890	18230	82220	89789	24261	80335	23254	6805	73217	28964	43261	93472	41267	58962	28751	29210	31891	80602	38849	36173	80715	75937	57266	26000	65636	20829	21122	43329	41542	47421	27450	14196	34515	76927	30542	51479	83499	13233	27921	49338	54613	81727	10862	72733	75024	61597	88798	86826	24181	80679	36968	82587	64747	17392	84443	9539	63630	82182	32631	5965	55780	76972	8707	38532	42485	17192	
46278	28614	20268	64306	46608	60332	62634	77614	18086	33763	73486	18600	43243	7239	7788	50189	19729	48721	13801	19223	12672	20720	8354	38060	16513	5412	22336	68670	66719	46159	42145	36154	68182	38124	46048	28124	27574	13040	28246	17272	12198	74648	20464	48447	20827	53954	0	15640	23026	25543	27807	20728	17924	6669	8576	30549	70265	65032	67382	32772	39307	67405	35133	55049	59953	13181	64006	22542	35632	25051	18509	72031	41139	48709	22061	39254	31005	55330	48093	61289	87654	44894	73591	15053	71141	7991	71113	119261	67800	74049	39634	46344	63331	30271	21727	24967	79730	75654	73866	10784	13865	53280	32578	35846	76929	3584	115824	36741	64187	81662	86938	40646	69469	43141	33943	93922	47717	45746	79019	39598	30207	41506	36654	26837	116768	48623	3603	41101	72011	60693	11888	35891	62192	70857	15658	20145	
33372	39517	7473	57474	34931	48654	50957	65937	37083	44666	61808	42092	34144	12162	13410	27620	11793	73804	7354	33465	27800	42089	33164	48963	29670	19261	39014	56992	55042	48887	53047	47057	56504	25218	56950	39026	14021	19934	17899	36700	29100	62971	37286	23552	37785	26486	15640	0	43028	34806	36039	39491	41219	23664	22627	59062	56350	51118	43673	17508	47539	53491	43365	41135	46039	25779	33065	37428	30031	53850	5496	56729	49371	56940	7830	47486	25404	31483	74854	47374	73740	73478	59677	31672	57226	9835	58153	124158	59323	62435	47866	73106	66599	23974	45907	10735	65597	61739	59952	27332	8074	39366	41840	44078	63015	20202	101909	22510	50273	67748	73023	48878	37124	69902	42175	80007	55949	53978	65105	47830	39470	49738	63538	16380	102853	34708	19376	49333	58097	32930	28507	44123	34429	56942	20521	9687	
