//--------------------------------------------------------------------------------------------------------------------
//-- données sur l'EURE récupérées par le géocodeur (matrice symétrique)
//-- 
//-- C. Duhamel, P. Lacomme C. Prodhon - juillet 2009 : 4400 kg à collecter, flotte de capa 8500
//--------------------------------------------------------------------------------------------------------------------
219 5 999999 0 0 0
10 50 20 2.1
20 50 35 1
20 100 50 2.2
10 100 70 1.2
20 200 80 2.2
0   // la ville qui represente le depot
0	45830	22477	27102	34718	17959	57434	110970	108339	78124	70875	65506	77272	55883	39382	91611	78814	42271	64313	43535	119946	88377	37137	45116	41484	118906	71803	25638	47108	61147	63464	33976	43344	55736	76210	14104	25103	73371	32000	45819	38150	46080	33367	41927	42539	47070	56371	68141	49388	58785	37020	40738	54575	116601	34921	46870	33082	71792	38747	58940	46342	14784	34760	67345	48962	92896	47277	43202	51288	77710	71579	33885	30555	51180	95911	41184	40491	62531	62978	57355	36523	30071	61374	116431	58607	37735	66809	42810	26452	53201	33072	40104	89127	32596	24681	50234	84913	63844	54936	70720	66780	48834	41835	61095	73904	40370	108663	73106	62356	83589	22006	40987	94524	37159	113432	33478	63815	64573	24179	35467	47098	51500	111030	106021	45637	69932	117633	56419	59428	38438	114336	37826	22990	24554	58705	86517	36547	56436	27477	59531	45549	35597	22660	25651	69794	18026	78747	46099	65288	32892	22889	57392	60195	58622	10061	54412	76686	47756	28402	56761	26108	22523	64024	29600	42695	70232	33752	70880	90790	50485	53546	61777	92304	136653	40886	38044	44069	56886	73313	43892	33166	68802	89579	54353	41104	48380	26142	97398	57851	76204	22477	34070	69826	45932	37026	98937	48997	124983	92328	94870	41830	34605	120984	70172	36703	43150	53684	37377	33482	48830	56286	75385	98897	97487	88757	65351	40859	66196	44762	41453	
45830	0	43613	48238	32898	39095	49724	73371	70741	42232	33276	27908	98408	77020	56941	54012	92647	60255	18927	64672	82348	50778	35317	66253	62620	81307	35912	46775	68244	15761	84600	27624	59440	56156	47422	35240	46240	35772	43872	3315	11079	63490	54503	63063	15434	68207	20213	30542	35189	22627	11941	7243	29277	79002	15271	68006	46020	74910	15240	60255	67479	35921	45265	21190	3577	55297	5650	10248	5903	40111	92715	55021	30572	72317	58312	44999	44307	24933	21154	21197	14299	51208	64318	78833	79743	10816	87945	45492	22940	26344	23863	17177	51528	53732	33268	48102	49021	88828	46557	33122	87916	51516	62971	26946	36306	30205	71065	35507	16202	45990	32676	62123	56925	24039	75834	54615	26216	44616	45316	40443	40463	72637	73431	68422	9185	44159	80034	59101	22106	59574	76737	20283	26279	38115	59394	48918	57683	45908	48613	56219	35441	18054	25403	27607	32195	39162	41148	67235	103785	36548	29530	78528	81332	79758	31197	75548	39088	2370	49538	20604	47244	43659	85160	50736	5222	24846	54889	27226	53191	71622	74682	37180	54706	99055	62022	59181	18348	78023	45295	38027	19348	71890	51981	8967	35239	51061	47278	59800	12465	38606	43488	29636	79488	18827	15756	61339	70133	87385	54730	57272	40010	34621	83385	32574	34883	35761	53654	17757	54618	31287	39409	27340	61298	59889	51158	19052	23316	40423	27219	57313	
22477	43613	0	9700	32723	13289	37107	54811	105749	66887	68285	62916	44716	30529	27068	48206	58487	29957	61723	23209	70318	85787	35142	27480	16129	68424	63507	5311	30042	58557	38110	31981	31031	43422	67398	12109	2626	70781	22168	43229	35560	29014	13040	24861	39949	26645	53781	65551	29061	56195	34430	38149	51985	61649	32331	29234	20768	51465	36157	38613	25917	12789	22446	64755	46372	90306	44687	40612	48698	75120	46225	16249	28560	30755	93321	33506	32813	59941	60388	54765	33934	9744	41047	61479	31852	35145	35151	33998	24457	37868	30482	37514	86537	12910	22686	29907	73394	43518	34609	68130	41426	40022	24199	58505	71315	38375	106073	70516	59766	80999	20010	20259	91934	34569	57274	13152	61225	55762	11866	15140	26771	26146	108440	55314	43047	61120	63610	47607	56838	18111	111746	35236	20995	18363	46392	83927	16220	36109	6401	39204	43554	33007	20665	23656	67204	9576	76157	25203	44961	28412	20893	32037	39868	38295	38464	34085	38924	45166	5925	54171	11028	6971	38670	7123	40105	67642	11275	68290	88200	30060	33120	44805	89714	60714	23821	20979	41479	31252	64501	43301	30576	48475	49220	51763	39109	39568	7641	94808	55261	73615	15718	24757	49499	43342	34436	57219	31360	74994	89738	92280	37930	32609	72582	67582	34708	22823	41370	34787	11005	46241	47474	39068	96307	94897	86167	62761	38269	57384	42172	29139	
27102	48238	9700	0	37087	12429	36246	53951	110113	71251	72649	67280	45221	25467	31432	47345	53006	34321	66087	17728	69457	90151	39506	31159	16634	67564	67871	5072	33721	62921	38614	36345	35395	47786	71762	8560	11026	75145	26532	47593	39924	32693	8388	28540	44313	30324	37076	69915	28201	42114	38794	42513	56349	60789	36695	32913	25132	50605	40521	37753	29596	17153	26810	69119	50736	94670	49051	44976	53062	79484	45034	19928	32924	34434	97685	37870	37177	64305	64752	40705	38298	4770	40187	60619	32357	39509	35656	38362	28821	37007	34846	41878	90901	5055	27050	29046	77758	38037	33748	48679	38592	44386	27878	62869	46292	42739	110437	74880	64130	85363	18221	20355	96298	27661	56413	12432	65589	60126	16230	14280	25910	26651	112804	54453	47411	65484	62750	51971	61202	12752	116110	39600	25359	22727	50756	88291	10739	35249	10675	38344	47918	37371	25029	26743	71568	13940	80521	28882	39481	31741	25257	29491	34388	32814	42828	28604	38063	49530	6430	43565	19427	15370	32818	2721	44469	72006	5873	72654	92564	33739	36799	49169	56215	55233	27500	24658	45843	34931	68865	47665	34940	47614	48360	56127	43473	43932	16041	99172	59625	77979	14857	23897	47438	47706	38800	56358	35039	63890	94102	58448	42294	36973	71722	42133	39072	21962	45734	39151	11509	50605	51838	38207	100671	99261	90531	67125	42633	61748	46536	33503	
34718	32898	32723	37087	0	26951	53834	97980	95350	37929	57886	52517	87389	66000	35186	78622	117256	38500	29475	45716	106957	75387	3971	51526	51600	105916	31608	27700	43552	27719	73581	2571	37685	25781	40388	23095	35220	60382	22117	29147	21915	41735	35548	39460	28222	57187	43382	55152	39298	45796	24497	22890	14380	103612	20604	53279	24265	99519	24430	53481	56459	23383	23510	35261	32291	79907	34288	26148	34617	64720	81696	40178	6478	61297	82922	13912	15621	49542	49989	44366	14858	32252	57774	103442	68724	19588	76926	16791	11934	49513	20781	14816	76137	34776	11532	52211	44718	62388	50667	57731	76897	21140	48245	20900	60915	7204	95674	60116	32416	70600	24737	51104	81535	24867	100443	35246	50825	33665	35944	37234	44573	61617	98040	93031	32648	34111	104643	28725	19233	40205	101346	11197	15274	16380	29019	73527	38727	50018	37593	48973	12383	11298	18184	24524	56804	21562	65757	56215	67469	15272	10700	67508	62376	60802	31191	56592	63697	31084	38519	43772	37957	28152	60806	39717	26024	38219	43869	30685	77801	60602	63662	15871	79315	123664	42762	40689	18782	67003	37492	10726	15194	96500	76590	29543	7938	14527	36259	84409	28000	63215	30951	33746	104098	31615	17438	85948	55406	111994	79339	81881	11508	8786	107994	57183	6381	39871	23278	23060	43598	7071	23810	62396	85908	84498	75768	31010	5980	30375	3475	35558	
17959	39095	13289	12429	26951	0	32644	50348	100777	70562	63313	57944	49384	34047	33083	43743	61007	35973	56751	22464	65855	80815	29575	38818	35185	63961	64241	9033	40810	53585	46227	26414	37046	45912	68648	4078	15783	65809	24438	38257	30587	39781	12988	35628	24112	40772	29477	60579	24598	31542	29458	33176	47013	57187	27359	40571	26828	47003	31185	34150	40044	5399	28461	59783	41400	85334	39715	35640	43726	70148	49770	27587	22993	44882	88349	33622	32929	54969	55416	29727	28961	10484	36584	57017	52308	30173	60511	35248	17532	26906	25510	32542	81565	14465	17119	25444	77351	41199	30146	45076	47577	41272	35537	53533	42690	32808	101101	65543	54794	76027	6738	34689	86962	14348	52811	8689	56252	57011	17881	10677	22308	37818	103467	50851	38075	62370	59147	48857	51866	13648	106773	30264	14070	16992	52407	78955	15475	31647	21178	34742	37987	28035	13740	11336	62232	11728	71185	39800	44217	25330	13969	38476	39124	37550	33492	33340	34461	40194	19082	32587	16370	12784	37554	14813	35133	62670	17286	63318	83228	44187	47247	54215	52613	70412	34588	31746	36507	50588	65751	36330	25604	44012	44758	46791	33542	40817	19843	89836	50289	68642	5207	16298	45037	29285	29464	52756	42698	70532	84766	54845	34268	27042	68119	35470	29141	18360	43410	20715	24161	41268	48724	30608	91335	89925	81195	57789	33297	58634	37200	35155	
57434	49724	37107	36246	53834	32644	0	16495	53226	85525	44937	37339	40763	28917	62199	18321	19735	65088	69988	23353	43233	39054	56129	64715	38746	41340	79204	33506	67437	66822	36694	52568	66162	78553	87984	37653	40256	47433	57299	51494	42847	66409	30077	62256	33833	60173	30990	36350	16616	30529	44395	48024	61976	34565	40617	66468	55899	14186	38693	10454	59445	38569	57577	73020	54637	42148	42044	51404	56963	44316	31897	53484	54536	64283	50252	68964	68271	46433	43269	29121	42663	29816	10103	29122	51024	44723	50350	69456	43031	25423	35185	47091	33543	31269	50694	7529	92314	8554	6023	37094	32508	75480	61434	68496	30585	61717	57452	47168	68031	41927	33658	43033	41251	30968	19008	26120	48219	91220	46997	23343	15764	41146	65020	22464	42662	81706	27092	83065	66829	25864	63039	45227	44336	48783	81523	42369	30418	9101	44030	15903	67438	42997	42030	35586	43856	41569	36100	58731	16103	58906	47820	32640	21250	18153	50037	16184	26479	53431	43555	31981	45650	42065	26662	36165	48370	75907	35761	78281	42759	63588	66648	69177	30932	29136	61215	58374	51057	64780	85087	62883	40722	18521	23076	60028	60096	75026	44661	71464	63526	41733	29502	22181	12811	31377	44013	32815	68595	32472	46936	33164	60822	58586	45498	30549	55695	17276	76501	33102	42515	56231	71406	26623	47286	53971	47095	71026	48259	77971	52163	64270	
110970	73371	54811	53951	97980	50348	16495	0	37473	116991	48955	40624	48187	39484	77610	14486	13009	80499	93685	33921	27480	37481	100564	75282	49313	25587	110670	48917	78005	90519	44119	97403	81573	121404	144139	51292	55667	51451	109120	70992	80256	76976	44181	72823	46620	70740	42593	44433	27911	44388	79127	75428	111533	18812	83530	77036	111268	3104	51480	16749	70012	52209	110513	91942	78335	32668	72767	78434	80661	55789	35023	64051	95820	74850	34499	110247	109554	56184	46554	40724	82558	50368	10663	13179	61592	80966	60917	110740	55818	37026	47972	84147	31971	45373	98516	21080	150136	14582	17358	40379	39933	116764	72001	118053	34484	103797	41699	51185	86953	61672	47298	53600	31780	43756	4814	44125	57096	132503	62408	40852	29735	51713	49267	5371	71127	137862	11150	124349	96864	43869	47285	88542	57123	103363	124642	64600	42137	20041	59441	19757	108976	86312	90522	48373	47874	56980	34527	69299	18911	101796	99602	43279	28674	26433	96316	26751	36072	77128	58966	50449	61062	57476	34086	54697	74192	97194	46328	101985	36375	74155	77216	121546	29360	22414	71783	68941	88112	75347	141242	107319	84068	6981	21504	83725	104532	116309	60072	75481	87223	54284	43141	34968	5242	43747	81069	23093	79162	18277	37467	31592	105258	99869	29745	44854	100131	30915	118902	45889	53082	106391	124216	41241	31533	38218	66840	89948	91574	134126	102795	122561	
108339	70741	105749	110113	95350	100777	53226	37473	0	113375	43637	55543	96502	83362	118573	42713	49304	121887	90069	75447	12445	22193	96949	127756	124123	13663	107054	108278	129747	86903	86827	93787	121072	117788	140523	96743	107743	46133	105504	67376	76640	125122	76308	124566	77596	129710	67951	58178	56138	64459	75511	71812	107917	20935	79914	129509	107652	40184	83740	44976	128982	97424	106897	88326	74719	17269	69151	74818	77045	50471	82203	116524	92204	133820	15758	106631	105939	48538	60298	68935	78942	112711	44967	32778	141246	77350	149448	107124	87908	68341	85366	80531	28024	115235	94900	57143	146520	54103	52827	50325	82641	113148	124474	114437	61688	100181	6181	45867	83337	35811	94179	123626	21482	89452	41108	72352	53480	128887	106819	69080	57962	134140	11308	33697	67511	134246	33980	120733	93248	72096	11101	84926	89212	99747	121026	21627	76650	48268	110116	47984	105360	82696	86906	89110	42555	100665	51508	128738	61619	98180	95986	85987	71382	69141	92700	66272	63276	73512	111041	66090	108747	105162	76794	112239	70576	93578	116392	98369	18095	133125	136185	117930	29251	58709	123525	120684	84496	139526	137627	103703	80452	36552	37110	80110	100916	112693	108781	31004	83607	48966	71368	63196	44763	69946	77453	27666	131636	41532	21045	35200	101642	96253	13483	60209	96515	59142	115286	84789	116121	102775	120600	65422	22516	11500	31014	86332	87958	130510	99179	118945	
78124	42232	66887	71251	37929	70562	85525	116991	113375	0	77346	71977	122383	100995	50415	98082	136717	53729	32124	88528	126418	94848	35148	73818	86595	125377	8110	70631	65844	30284	108575	38474	59977	30248	7734	66651	70096	79842	44568	45886	53332	64027	78360	61753	57157	92182	61936	74612	70857	64350	52162	48965	26943	123072	52021	75572	46716	118979	55847	85039	91454	67332	45802	35232	39708	99367	47373	51971	36425	84181	116690	62470	41593	96292	102382	37654	37109	69003	62876	62920	46275	75064	89332	122902	103718	51005	111920	33403	44152	68067	52999	40004	95598	77588	48418	83770	8440	93947	82225	77192	111891	31637	70537	17784	80376	32388	115134	79577	34980	90060	61812	86098	100995	57085	119904	78471	70286	14727	58236	80460	76131	96612	117501	112492	50907	5766	124104	24546	20905	83430	120807	42060	47491	51791	25167	92988	81539	81576	72588	80532	28744	42714	51994	56742	76265	58557	85218	72665	110281	43511	50742	102503	105188	103615	62608	99404	83158	41195	73395	62326	60249	62735	103618	74593	46944	30389	78745	24211	97261	95597	80061	26142	98775	143125	65054	62982	37602	80111	5607	31057	46611	115960	96050	33884	37422	35114	64180	103869	30564	82676	74899	65304	123558	60549	48854	105409	77698	131455	98800	101342	38947	43315	127455	76644	41917	71429	35567	54477	78475	32530	21438	69062	105368	103958	95228	33575	37226	10567	38792	50787	
70875	33276	68285	72649	57886	63313	44937	48955	43637	77346	0	9031	112643	63288	81572	29808	68442	84886	53068	49266	40606	17844	59948	90755	87122	35942	70053	71277	92746	49902	75468	56787	84071	80787	103523	59742	70742	8225	68503	30375	39640	88121	50127	87565	28155	92709	20011	12698	26570	18261	38510	34812	70916	30349	42914	92508	70651	50705	46740	34006	91981	60423	69896	51325	37718	22363	32150	37817	40044	8986	98344	79524	55203	96819	25378	69631	68938	8470	14819	21015	41941	75710	38070	54628	104245	40349	112448	70123	50907	22143	48365	43530	16115	78234	57899	40750	109519	64624	41857	7498	100602	76147	87474	77436	10592	63181	43531	4381	46336	18457	57179	86625	23991	52451	51629	46171	8980	91886	69818	42899	33120	97139	45898	44217	30510	97245	55829	83732	56247	45915	49204	47925	52211	62746	84025	21385	50469	37299	73115	32014	68360	45695	49906	52109	4648	63664	8731	91737	79580	61179	58985	67717	89343	87102	55699	59461	16287	36512	74040	18432	71747	68161	64450	75239	33575	56577	79391	61368	22974	96124	99184	80930	14840	74850	86525	83683	47495	102525	100626	66703	43451	47686	21123	43109	63915	75692	71780	32266	46607	7480	42910	32974	55284	26749	40452	23740	94635	63180	27196	17406	64641	59253	42446	14011	59514	32961	78285	47788	79120	65774	83599	19224	28364	29427	23625	49332	50957	93509	62178	81944	
65506	27908	62916	67280	52517	57944	37339	40624	55543	71977	9031	0	73270	57933	76586	19222	60214	79900	48082	43912	41230	35852	54961	85768	82136	39337	65067	45608	87760	44916	70113	51800	79085	75801	98536	54756	65755	14912	63517	25389	34653	83135	44772	82579	19458	87722	11314	4001	21216	9564	33524	29825	65930	31397	26074	87522	65665	32093	23108	25465	86994	55436	64910	46339	32732	40372	27164	32830	35058	16608	90116	74537	50217	91832	43387	64644	63951	8721	6122	12319	36954	47059	29528	46400	99259	35363	70908	65137	45920	13446	43379	38544	20951	45964	52912	35396	104532	56396	33934	4589	71149	71160	82487	72449	8150	58194	56139	12003	41350	31065	36308	81639	42000	33064	43401	40816	10507	86900	64831	37544	27765	61704	58505	35990	25523	92259	47602	78745	51261	40560	61811	42939	47225	57760	79039	33992	45114	32396	68129	21429	63373	40709	44919	37681	11335	58678	17644	86751	71352	56193	53998	62362	59890	53407	50713	54106	10932	31525	69054	9735	66760	63175	59095	70252	28589	51590	51320	56382	38266	91137	94198	75943	18340	66622	81538	78696	42509	97538	95639	61716	38465	29102	15430	38122	58928	70706	66794	44874	41620	15102	34213	24277	47056	18052	35466	24789	89649	54952	39804	20572	59655	54266	43495	5314	54527	25087	73298	24868	74134	60788	78612	10527	46373	44963	36233	44345	45971	88523	57191	76958	
77272	98408	44716	45221	87389	49384	40763	48187	96502	122383	112643	73270	0	19158	82415	57459	43637	58307	116379	29852	79813	78192	89798	50290	29668	77920	118854	46274	54277	113213	5027	86637	54879	98769	122745	66765	42850	125437	77515	97885	90216	54601	37868	50448	94606	34429	66855	72216	52481	66395	89087	92805	106641	71145	86988	46381	76115	50676	90814	49592	30901	67445	77793	119411	101029	85001	99344	95269	103355	129776	12403	41675	83216	38538	86832	88853	88160	114598	79134	64986	88590	42013	49241	60321	20929	89802	10583	89345	79113	61288	85139	92170	72682	39060	77342	50927	128741	38385	45161	72959	8715	95369	48227	113161	70573	93031	94032	125172	114423	135655	74667	32417	84113	59812	53862	41167	115881	111108	67212	43440	48551	16824	101600	59044	97704	116467	58984	102954	111495	39132	99619	89893	75651	71447	101738	138583	35824	48240	41055	62625	98210	87663	75321	58894	121860	64232	75238	41241	29386	80461	75550	9500	20855	22720	93120	27930	62344	99822	38070	67846	48066	67430	15502	39253	94762	122298	35044	122946	88708	37546	40904	100152	70070	34859	52308	46565	96136	44244	119848	98648	85233	54228	62214	106419	93765	94915	44258	149465	109917	128271	50056	55537	43055	67242	89092	75426	46513	50504	89800	72302	93277	87266	75744	66414	89364	49185	96717	89443	30706	100897	102821	62488	83866	90551	140823	117418	92925	112731	96829	84486	
55883	77020	30529	25467	66000	34047	28917	39484	83362	100995	63288	57933	19158	0	57380	56250	35269	47348	94420	14476	72170	73242	67839	41948	15979	70277	93819	30898	44670	91254	10667	64678	43920	73734	97710	34177	31891	75021	52481	75926	68257	43642	22492	39489	54323	27865	51479	56840	37106	51019	67128	70846	84683	63502	65029	39818	51080	41863	68855	46658	27137	45487	52758	97453	79070	77358	77385	73310	81396	72999	20035	30717	61258	31975	79189	63818	63125	66922	63758	49610	66631	26637	37283	57512	17431	67843	16757	64311	57154	45912	63180	70211	67732	23684	55383	35551	103707	26428	40253	57584	15236	70335	38667	91203	55197	71072	86389	68395	92464	85242	40627	20266	76470	44436	46219	25791	68709	86074	42178	28064	33175	7553	93957	51401	75745	91433	55482	77920	89536	23756	91976	67934	53692	49488	76704	88170	20448	44154	30096	47249	76251	65704	53363	43518	71443	42274	65200	35964	21743	58502	53591	8398	14515	15077	71162	15139	46968	77864	27112	52470	37108	36236	9348	24584	72803	100340	20013	100988	76948	30982	34340	75117	65120	42491	38448	35607	74177	37681	94813	73614	63274	45416	57265	84461	71807	69880	33300	99051	87959	71494	34680	40161	35412	51866	67133	65263	39949	46152	82157	67353	68242	65307	74435	51038	67406	33809	71683	53591	19748	78938	77787	47112	76223	82908	90410	95459	70966	87697	74870	59452	
39382	56941	27068	31432	35186	33083	62199	77610	118573	50415	81572	76586	82415	57380	0	101344	139979	5023	62773	48040	129680	98110	36710	19281	46107	128639	46989	30143	15317	61018	68087	33549	8098	25178	50880	29162	29608	83104	16300	56018	48349	11820	37872	10415	53823	51693	66104	77874	53893	68518	47220	50938	47679	126334	46205	24092	12113	76297	50031	63445	50965	29843	9800	68559	59162	102629	57011	53401	61488	87443	76202	18466	29110	31945	105644	20859	20167	72265	72711	67088	41626	34576	65878	126164	63230	46356	71432	17481	35934	72235	48041	45627	98860	37100	21700	54738	56876	68349	59440	80454	71403	23504	18144	54198	83638	39943	118396	82839	72556	93322	37064	45610	104257	52127	123166	37983	73548	39244	17747	39972	51602	56123	120763	115754	55371	44603	127366	31089	52532	42942	124069	41290	27632	19413	28148	96250	41051	60941	32100	64036	31572	39060	29705	40710	79527	25721	88480	28746	69793	19857	24816	62015	64700	63126	56792	58916	86420	57955	32906	66495	19760	22247	63130	34105	52895	71518	38257	63984	100523	55108	32701	28287	102038	146387	14055	11954	49592	30594	47983	26784	40795	73306	99312	64552	29160	23050	23691	107132	68050	85938	40549	49589	74331	57216	44205	108671	26219	134717	102062	104604	25284	30384	130717	79906	36276	47654	23126	48661	37986	42537	30956	85119	108630	107220	98490	64309	44322	40867	38940	3568	
91611	54012	48206	47345	78622	43743	18321	14486	42713	98082	29808	19222	57459	56250	101344	0	27001	105549	73731	42265	31849	23153	80610	77904	57658	29956	90716	43962	79896	70565	68466	77449	76617	101450	124185	46337	50712	31497	89166	51038	60302	78868	43126	74715	41665	79859	25955	23006	22956	22383	59173	55474	91579	23181	63576	79658	91314	12997	46524	11793	79130	47254	90559	71988	58381	26247	52813	58480	60707	28415	48807	66673	75866	83968	29262	90293	89600	28290	25127	24229	62603	45413	13281	23011	69936	61012	69261	90786	71569	22154	43017	64193	17643	44318	78562	23961	130181	28365	19644	18952	53716	96810	74623	98099	13057	83843	46068	31231	66999	26027	42342	61944	24155	38800	18805	39170	37142	112549	57453	35897	24779	60058	69159	16845	51172	117908	25142	104394	76910	38913	51654	68588	72874	83409	104688	26469	43468	15086	54486	7443	89022	66358	70568	43418	27919	52025	20199	78887	32694	81842	79648	60716	42458	34735	76362	32765	14526	57174	54010	29021	56106	52521	47870	49742	54238	77239	49674	82031	26858	83273	86334	101592	15031	36406	73674	70832	68158	89674	121288	87365	64114	10006	7175	63771	84578	96355	55117	55527	67269	25833	38186	30013	19025	38792	61115	15719	81785	36526	31035	17263	85304	79915	34114	23427	80177	25960	98947	40933	59090	86437	104261	19235	35902	33312	31195	69994	71620	114172	82841	102607	
78814	92647	58487	53006	117256	61007	19735	13009	49304	136717	68442	60214	43637	35269	139979	27001	0	86094	112403	35845	38112	49664	119282	77207	51238	36219	129388	54511	79929	109237	38733	116121	79179	140122	162857	57791	61716	70168	127838	89710	98974	78901	46106	74748	59015	72665	54988	63151	40306	63106	97845	94146	130251	29444	102248	78960	129986	14472	63875	29144	71937	64604	129231	110660	97053	43300	91485	97151	99379	74507	32899	65976	114538	76775	45131	128965	128272	74902	65272	53119	101275	50251	21474	23453	51849	99684	55608	129458	110241	49421	60368	102865	44366	47298	117233	26846	168853	18555	28169	59097	34547	135482	73925	136770	53202	122515	52331	69903	105671	80390	59693	55525	42412	56151	12161	49405	75814	151221	68002	53248	42130	41971	59898	17343	89844	156580	21424	143066	115582	44341	57917	107260	111546	122081	143360	83318	44062	32437	59555	32152	127694	105030	109240	60768	66591	62574	46923	71223	13526	120514	118319	37894	23289	21047	115034	26926	54789	95846	56936	69166	66656	63071	28701	52195	92910	115911	48253	120703	47006	65400	79140	140264	41755	9405	73707	70866	106830	77272	159960	126037	102786	19377	33899	102443	123249	135027	66731	94199	105941	73002	55537	47364	11008	56142	99787	33725	81087	13272	48099	37754	123976	118587	40376	63572	118848	43310	137619	58284	55007	125109	142933	59958	42165	48850	85558	108666	110292	152844	121512	141279	
42271	60255	29957	34321	38500	35973	65088	80499	121887	53729	84886	79900	58307	47348	5023	105549	86094	0	66087	50778	132993	101424	40024	15147	32910	131953	50303	32881	11183	64332	54891	36863	3964	28492	54194	31901	32346	86418	19038	59332	51662	7686	40610	7796	57137	38799	69418	81188	56631	71832	50533	54251	50992	129648	49519	19958	14852	79035	53345	66183	38071	32581	12538	71873	62475	105943	60324	56715	64801	90757	63005	17232	32424	27811	108958	23598	22905	75578	76025	70402	44939	37314	68617	129478	50336	49670	58538	20794	39248	75549	51354	48941	102174	39838	24438	57476	60190	71087	62178	83767	58207	26818	14010	57512	86951	43257	121710	86153	75869	96636	39803	32414	107571	55440	126479	40721	76862	42558	20486	42710	54341	42927	124077	119068	58684	47916	130680	34403	55845	45680	127383	44604	30371	22285	31461	99564	43789	63679	34838	66774	34885	42374	32577	43448	82841	28459	91794	25732	72531	22595	38458	48818	67438	65865	60106	61654	89733	61269	35645	69808	22499	24985	55451	36843	56208	74831	40995	67297	103837	42214	28567	31601	105351	149700	12821	12285	52906	26460	51297	30097	44109	76044	102626	67866	32473	26364	22040	110445	71364	89251	43288	52327	77069	60529	47519	111984	22085	138030	105375	107917	28022	33697	134031	83219	39590	50393	26440	51975	40724	45851	34270	88432	111944	110534	101804	67622	47636	44180	42254	4959	
64313	18927	61723	66087	29475	56751	69988	93685	90069	32124	53068	48082	116379	94420	62773	73731	112403	66087	0	83076	103099	71530	26388	84657	81024	102058	24720	65179	71677	4714	103004	29713	65810	43154	37302	53644	64644	56524	50243	22567	29483	69860	72907	67586	33838	86611	38617	51294	53593	41031	30345	25647	20678	99754	33675	86410	52390	95661	33644	81006	85883	54324	51635	7478	16390	76049	24054	28652	13107	60863	111119	73425	32833	90720	79064	40267	41976	45684	39558	39601	32703	69612	85069	99584	98147	29220	106349	40190	35392	44748	42267	27099	72280	72136	39658	66506	33612	109580	64961	53873	106320	44543	81375	15737	57057	23627	91816	56258	9410	66742	51080	80527	77677	42443	96585	73019	46967	33407	63720	58847	58867	91041	94182	89173	27589	32950	100786	37452	10897	77978	97488	33300	38731	44505	40907	69670	76087	64312	67017	76970	28032	33954	43807	46011	52947	57566	61900	85639	124536	41627	41982	96932	99736	98162	49601	93952	59839	17877	67942	39008	65648	62063	103564	69140	23626	5919	73293	9331	73943	90026	93086	29770	75457	119806	70887	77585	25527	96426	35175	31763	37850	92642	72732	10391	28662	35250	65682	80551	7246	59357	61892	48040	100240	37231	34160	82090	88537	108136	75481	78023	37863	35140	104136	53325	32735	54165	48473	36160	73022	23770	31220	45744	82050	80640	71910	5642	28466	29214	30032	63683	
43535	64672	23209	17728	45716	22464	23353	33921	75447	88528	49266	43912	29852	14476	48040	42265	35845	50778	83076	0	64168	59048	48028	41946	15977	62274	84383	19251	44668	76294	26786	44867	43918	64298	88274	22530	26455	60826	43044	60966	53297	43640	10845	39487	40128	37404	37285	42645	22911	36824	52168	55886	69723	55499	50069	43699	41644	36026	44988	32463	36676	25675	43322	82493	64110	62142	62425	58350	66436	58805	27588	30715	41446	41514	71187	54382	53689	52727	49564	35416	51671	14990	32497	46302	28255	52883	27581	54874	37343	31717	41480	55252	53537	12037	35571	21356	94270	20591	26058	43389	28200	60898	38665	76243	41003	51261	78386	54201	77504	71047	26128	20264	59620	29938	36188	14144	54514	76638	32742	13566	18980	18377	98488	40191	60785	81996	44273	68483	74576	9561	83973	52974	33881	34528	67267	73975	8801	29959	24294	33054	56440	50744	33551	29020	57249	27314	51006	35963	22034	43783	33779	19035	16941	15368	56202	11158	32774	62904	21676	38276	31395	27810	15768	16934	57843	85380	12992	86028	62753	40819	43879	65681	50926	37787	38447	35605	59217	42011	85377	64177	48314	42325	43070	69501	51995	60444	31470	84857	72999	57299	20182	25966	29991	37672	52173	51069	45826	46444	79787	53158	58806	45495	66432	36844	47594	19614	62246	39396	19746	63978	68350	32918	68220	74905	76215	80499	56006	78260	59910	50015	
119946	82348	70318	69457	106957	65855	43233	27480	12445	126418	40606	41230	79813	72170	129680	31849	38112	132993	103099	64168	0	24065	108839	100192	79945	7305	118945	66249	102183	98794	75932	105678	132963	129679	152414	68624	72999	38465	117395	79267	88531	101155	65413	97002	63952	102146	52595	45001	45243	49672	87402	83703	119807	10562	91805	101945	119542	29289	95631	34081	101418	69541	118787	100216	86609	19141	81041	86708	88935	35660	65304	88961	104095	106256	15943	118522	117829	60428	47122	58056	90832	67700	34072	16514	92223	89240	91549	119014	99798	54358	65305	92421	29558	66605	106790	46248	158410	43208	41932	40947	71746	125038	96911	126327	33343	112072	18072	37075	95228	27580	64630	84232	21568	61088	30213	61457	65371	140778	79740	58184	47067	82345	25639	22802	79401	146136	18217	132623	105138	61201	23658	96817	101103	111638	132916	23735	65755	37373	76773	37089	117251	94587	98797	65705	54446	112556	32114	101174	50724	110070	107876	75092	60487	58246	104591	55377	50457	85403	76298	51017	78394	74808	65899	72029	82467	105468	71961	110259	20202	105561	108621	129821	26946	41810	95962	93120	96387	111962	149517	115594	92342	25657	26215	92000	112806	124584	77404	34547	95498	33227	60473	52300	33868	61079	89343	16771	104072	25769	21295	24305	113532	108144	2608	45422	108405	48247	127176	63221	81378	114666	132490	55626	16158	17498	28257	98223	99849	142400	111069	130836	
88377	50778	85787	90151	75387	80815	39054	37481	22193	94848	17844	35852	78192	73242	98110	23153	49664	101424	71530	59048	24065	0	77922	108729	105096	19307	88027	89251	110721	67877	73940	74761	102045	98762	121497	77716	88716	15608	86478	48349	57614	106095	60191	105539	58570	110683	48924	39151	36962	45432	56485	52786	88890	20237	60888	110482	88625	36061	64714	28858	109955	78397	87870	69299	55692	5727	50124	55791	58018	12803	69142	97498	73177	114793	8742	87605	86912	24170	41272	49909	59915	93684	32921	33435	122219	58323	130422	88097	68881	34767	66339	61504	8904	96208	75873	41026	127493	51430	36709	21406	69754	94121	105448	95410	18527	81155	17670	14218	64311	8568	75153	104600	7355	70425	41765	56235	24679	109861	87792	52962	41844	115113	19689	34354	48484	115219	34637	101706	74221	55978	24664	65899	70185	80720	101999	5949	60533	32151	91089	27778	86334	63670	67880	70083	23529	81639	12816	109711	55758	79153	76959	77781	58495	55398	73673	53429	26679	54486	92014	47063	89721	86135	63907	93213	51550	74551	97365	79342	6339	114098	117158	98904	9692	92824	104499	101657	65470	120499	118600	84677	61425	33070	15975	61083	81889	93667	89754	22578	64581	10370	55251	43802	42090	50919	58426	17466	112609	42189	10515	11132	82615	77227	26039	41183	77488	43025	96259	65762	97094	83749	101573	31848	11728	12792	13736	67306	68932	111483	80152	99918	
37137	35317	35142	39506	3971	29575	56129	100564	96949	35148	59948	54961	89798	67839	36710	80610	119282	40024	26388	48028	108839	77922	0	53960	54035	108351	28893	30134	45986	25004	76015	4022	40119	24387	37673	25530	37655	62816	24551	31290	28061	44169	37982	41895	33535	59622	45816	57586	39962	48230	26931	25032	11665	106046	25917	55714	26699	101953	29743	54144	58893	25818	25944	32546	30382	82341	36722	28290	27099	67155	84130	42612	7141	63731	85356	14576	16285	51977	52423	46800	17001	34686	58437	105876	71158	21731	79360	17454	12598	51947	21444	21002	78572	37210	13967	52875	42003	63052	51330	60165	79331	19747	50679	18185	63350	3929	98108	62551	29700	73034	30258	53538	83969	25530	102877	37680	53260	26922	38378	39669	45236	64051	100475	95466	35082	31396	107078	26221	16518	42639	103781	11861	15937	18814	27625	75962	41161	50681	40028	49637	9387	13440	20439	25188	59239	23996	68192	58650	69903	15935	14322	69943	64810	63237	36504	59027	66132	33227	40953	46206	40391	30586	63241	42151	28166	35504	46304	27970	80235	63036	66097	12875	81749	126098	45196	43124	18083	69437	34776	7730	20507	98934	79024	26828	4942	11531	38693	86843	25284	65650	33385	34409	106532	36927	19580	88383	57840	114428	81774	84315	12171	9449	110429	59617	7044	40534	22151	28373	46033	11442	17066	64830	88342	86932	78202	28295	9484	27660	6979	37992	
45116	66253	27480	31159	51526	38818	64715	75282	127756	73818	90755	85768	50290	41948	19281	77904	77207	15147	84657	41946	100192	108729	53960	0	27651	97352	70518	34239	5279	81546	49631	50397	12860	43467	74409	35097	24078	93770	34778	66218	58548	9599	34725	9771	62938	17070	76770	88540	57989	79184	57419	61137	74974	90577	55320	6103	31402	80393	59146	67541	18889	35778	29457	87744	69361	113295	67676	63601	71687	98109	57746	11231	45958	13955	116310	40517	39824	82930	83377	77754	56922	38672	69975	90407	31153	58134	39356	41010	47446	66795	53471	60503	109526	33844	38748	58834	80405	62208	63536	91119	52947	47033	3281	81494	94303	56791	129062	93504	82755	103988	42999	21646	114923	57557	77806	42079	84213	62773	25625	44068	55699	37667	131428	84241	66036	68131	85890	54618	79827	47039	134734	58225	43983	35539	46436	106915	37534	65037	20719	68132	55100	55995	43654	46645	90193	32565	99145	10749	63652	39514	43882	43559	58559	56986	61453	52775	67852	68155	24205	77160	20878	26744	50191	28057	63094	90631	29968	91279	111189	23032	14711	51816	112703	79404	7335	10667	64468	12604	71512	50312	53565	77403	109978	74752	52689	46579	19636	117797	78250	96603	44646	53685	71609	66330	57424	119336	8229	88061	112727	115269	44941	47231	101510	90571	53124	51751	41415	57776	26073	59385	54485	67996	119296	117886	109156	85750	61257	64395	55788	19934	
41484	62620	16129	16634	51600	35185	38746	49313	124123	86595	87122	82136	29668	15979	46107	57658	51238	32910	81024	15977	79945	105096	54035	27651	0	78343	80283	22088	31134	77718	24083	51142	30384	60198	84174	31270	18355	89942	38945	62390	54721	30106	23517	25953	59111	15906	72943	84712	38981	52894	53592	57310	71147	71569	51493	25353	37544	52096	55319	48532	15178	31951	39222	83916	65534	109467	63849	59774	67860	94281	32198	17181	47721	20016	112482	50282	49589	79103	79549	51485	53095	27662	48566	62372	16733	54307	20032	50775	43618	47787	49644	56675	105698	20492	41847	37426	90170	36660	42128	59459	27399	56799	25130	77666	57072	57536	125235	89677	78928	100160	39172	4630	111095	53730	52258	26816	80386	72538	28642	29089	35050	11027	127601	56261	62209	77897	60342	64383	76000	25241	130907	54398	40156	35952	63168	103088	21473	46029	16560	49124	62715	52168	39827	42817	86365	28738	95318	16850	38104	44966	40055	18011	33011	31438	57625	27227	48843	64327	13576	73333	23572	22700	24643	14758	59267	86804	14800	87452	107361	19023	22381	61581	66995	53856	24912	22071	60641	25722	81277	60078	49738	58394	59140	70925	58271	56344	19764	113970	74423	92776	32494	42036	46061	62503	53597	67138	26109	62513	108900	69228	54706	51771	82501	52913	53870	35684	58147	53949	6212	65402	64250	48987	115468	114059	105329	81923	57430	74161	61334	45916	
118906	81307	68424	67564	105916	63961	41340	25587	13663	125377	35942	39337	77920	70277	128639	29956	36219	131953	102058	62274	7305	19307	108351	97352	78343	0	117804	64300	100234	97654	73982	104538	131822	128538	151274	66675	71050	33720	116254	78126	87391	99206	63464	95053	62003	100197	50646	43052	43294	47723	86261	82563	118667	8090	90665	99996	118402	27340	94491	32132	99469	67592	117647	99076	85469	14396	79901	85568	87795	30915	69359	87011	102954	104306	11198	117382	116689	59288	45173	56107	89692	65751	32123	19934	90274	88100	89599	117874	98658	52408	63355	91281	25151	64656	105650	44299	157270	41259	39982	38998	69796	123898	94961	125187	31394	110932	16932	32329	94088	22835	62680	82282	16299	59138	28264	59508	64230	139638	77791	56235	45117	80396	24499	20853	78261	144996	21136	131483	103998	59251	22518	95676	99962	110497	131776	18989	63806	35424	74824	35140	116111	93447	97657	63756	53306	111415	30165	99225	48775	108930	106736	73143	58538	56296	103450	53428	48508	84263	74349	49067	76444	72859	63950	70080	81326	104328	70012	109119	15457	103611	106672	128681	24997	45865	94012	91171	95247	110012	148377	114454	91202	23708	24266	90860	111666	123444	75455	29802	94358	28481	58524	50351	31919	59130	88203	14822	102123	28687	16549	22356	112392	107004	9204	43473	107265	46298	126036	61271	79428	113525	131350	53677	10102	12752	23512	97083	98709	141260	109929	129695	
71803	35912	63507	67871	31608	64241	79204	110670	107054	8110	70053	65067	118854	93819	46989	90716	129388	50303	24720	84383	118945	88027	28893	70518	80283	117804	0	71846	62359	23945	109672	32134	56492	26763	13281	60312	71311	73503	41084	39546	46992	60542	79575	58268	50817	93278	55596	68273	64517	58010	45823	42626	20604	116733	45681	72087	43231	112640	49507	78700	92550	60992	42317	27922	33369	93028	41033	45631	30086	77842	117787	58985	35254	97388	96043	34170	33624	62663	56537	56580	39935	76279	82993	116563	104815	44666	113017	29918	37812	61727	46659	33664	89259	78803	42079	77430	14880	87607	75886	70852	112988	28152	67052	11444	74036	26048	108795	73237	28641	83721	55473	87195	94656	50745	113564	79686	63946	17017	54751	66413	69792	97708	111161	106152	44568	11314	117764	21061	14565	84645	114467	35721	41152	48306	24516	86648	82754	75237	73685	74192	22524	36375	45654	50403	69926	55073	78878	69180	111496	40026	44403	103599	106403	104830	56269	100619	76818	34856	74610	55987	56764	59251	110232	75808	40605	23079	79960	16901	90922	96693	99754	22657	92436	136785	61569	59497	31263	76626	11154	27572	40271	109621	89711	27545	31083	31629	72350	97530	24225	76336	68560	58965	117219	54209	42515	99069	74214	125115	92460	95002	35463	37561	121115	70304	35156	65090	32083	48137	79690	26191	17953	62723	99029	97619	88889	27236	30887	10384	32453	47302	
25638	46775	5311	5072	27700	9033	33506	48917	108278	70631	71277	45608	46274	30898	30143	43962	54511	32881	65179	19251	66249	89251	30134	34239	22088	64300	71846	0	36287	57396	43010	26950	33008	45400	69375	4614	7103	69620	24146	42068	34399	35259	9078	31106	38789	36249	33975	64390	25099	39012	33270	36988	50824	57687	31171	36049	22745	47503	34997	34651	35521	7758	24424	63594	45212	89145	43527	39452	47538	73959	46553	23064	23529	40359	92160	35483	34791	58781	59227	37604	32773	5782	37085	57517	47786	33985	39627	35976	19426	33905	29322	36353	85376	8306	17655	25944	75372	39555	30646	45577	44360	42000	31014	57344	43191	33344	104913	69355	58606	79838	15119	24735	90773	24560	53312	9189	60064	57739	13843	11178	22809	30622	107279	51352	41887	63098	59648	49585	55678	14149	110585	34076	15964	15630	48369	82766	12257	32147	10877	35242	38523	31846	15634	23642	66043	8415	74996	35277	40999	24644	15863	35259	35906	34333	37303	30123	34962	44005	10401	40464	12497	8911	34336	7543	38945	66482	10016	67130	87039	39664	42725	46783	53114	56752	30065	27223	40319	46065	66479	45279	29416	44513	45258	50602	34078	41545	11508	93648	54100	72454	11756	20795	45537	42181	33275	53257	38176	71032	88578	55346	39908	27578	68620	39032	29677	18861	43348	33626	15481	45080	49452	35106	95146	93736	85006	61601	37108	59362	41012	31117	
47108	68244	30042	33721	43552	40810	67437	78005	129747	65844	92746	87760	54277	44670	15317	79896	79929	11183	71677	44668	102183	110721	45986	5279	31134	100234	62359	36287	0	69702	52371	42233	7914	39472	66245	37797	26777	91788	28324	68917	61248	5605	37464	5276	65637	22153	74789	86558	60688	77202	60119	63837	56363	93276	58019	10100	24948	83092	61845	70240	23406	38477	21294	77244	72061	111313	65695	66300	74387	96127	60485	14712	37795	17953	114328	32353	31661	80949	81395	75773	50310	41372	72674	93107	35670	55040	43872	32846	44618	69495	56171	54311	107544	36584	32294	61534	72242	64948	66236	89138	55687	38870	6785	62883	92322	48627	127081	91523	85454	102006	45699	29894	112941	60257	80545	44779	82232	54609	22895	46767	58398	40407	129447	124438	64055	59968	88630	46455	61216	49738	132753	49974	38227	29085	42442	104934	40274	67736	23306	70831	46937	47745	39377	49344	88211	35264	97164	15874	66392	31351	35410	46298	61299	59725	64152	55515	70551	70854	26944	75179	20581	25232	52931	30797	65793	80202	32708	72668	109207	27549	18709	43653	110722	82144	6394	9765	58277	16602	63349	42149	49479	80102	107997	77451	44525	38415	22335	115816	80949	94622	47345	56384	74349	69030	52890	117355	12227	90801	110746	113288	36778	39068	104209	88590	44961	54450	37420	60475	28813	51221	46322	70695	117314	115905	107175	72993	53007	56232	47625	15940	
