//--------------------------------------------------------------------------------------------------------------------
//-- données sur la Correze récupérées par le géocodeur (matrice symétrique)
//-- 
//-- C. Duhamel, P. Lacomme C. Prodhon - juillet 2009 : 4400 kg à collecter, flotte de capa 7500
//--------------------------------------------------------------------------------------------------------------------
223 5 999999 0 0 0
10 50 50 1.2
10 100 70 3.5
10 100 80 2.2
10 250 130 4.2
10 250 190 2.4
0   // la ville qui represente le depot
0	83886	71742	55112	55025	82208	42569	66707	46194	80139	53129	71632	77155	26217	72397	75700	31135	61509	45088	49637	99106	92799	91183	73871	63678	78043	23939	82679	58204	17036	15736	42792	40805	51432	40000	35257	80793	68999	87996	16552	66535	75672	39320	83032	50169	51059	16842	47112	24303	76133	74418	75079	68172	44195	46999	48255	35111	42782	27875	43869	15639	78886	34338	39809	57312	34098	86070	61096	74177	71006	59774	68836	91379	73149	50402	46950	52302	84132	35808	43178	51442	81552	54337	67889	52786	66711	51473	11033	63850	69906	80953	81658	66815	84753	39808	6981	61294	67861	51991	56394	90315	81476	29120	46794	18999	77990	85111	71206	45842	85366	71594	94522	44984	35900	42430	31567	71720	61746	61959	78081	68082	69391	53101	43089	22586	57375	47137	30918	77107	38637	45396	70273	77557	80627	76600	33733	62182	49268	84076	57669	15432	70480	58384	68457	43254	62054	41758	57651	85706	71449	61078	87007	30502	66265	57561	90221	81510	89104	46251	48556	14993	46652	23878	80980	48398	88412	84870	37327	68099	34399	35901	65322	34977	40718	45223	62509	49460	31973	82493	60047	80047	17298	48822	52778	48683	56060	78406	29256	27519	45282	46076	23877	27571	87872	66521	49175	23857	72109	64090	76138	77366	76653	53555	12647	39706	64595	36058	7440	42057	66623	37371	73884	54917	62569	25482	64564	65114	94226	62154	33139	50766	29912	48698	70667	
83886	0	98273	92052	105756	119148	38586	101253	114608	117079	90414	82728	127886	71710	83492	112640	123553	98449	108486	119281	119266	36020	113173	124601	114408	114983	56632	117226	122251	90831	86309	83694	60072	76984	73429	89931	131523	119729	116338	63123	103475	24011	65010	110087	30682	117258	103037	84398	72291	103233	125148	112019	94704	40219	39947	98985	49749	78992	90695	101094	97630	12751	60101	91090	91859	67526	120616	72191	108724	121736	138967	100898	115476	107696	78243	81497	86849	108292	90021	77725	44310	102262	65432	118619	116736	43175	88414	93434	100791	33152	131684	118598	117545	135484	126593	73089	100713	118591	86538	67490	108836	25455	119958	34438	109691	112537	10363	18919	34508	113477	106141	13669	54713	136743	47809	76380	122450	34572	98899	128811	118812	106331	113045	106488	80737	35299	89416	49045	127837	95946	41604	107213	114497	115174	87695	49352	133586	94451	134806	26146	65242	121210	84287	105397	76682	96601	97276	120387	21208	122179	95624	97880	81905	116995	117615	11043	16274	9718	88372	59652	68006	95389	85868	92076	135183	111423	28392	74216	79195	121183	92331	116052	121762	90292	72245	12649	91042	70687	93589	16187	130778	83092	31601	116669	113244	106790	26746	117280	56564	94019	83016	115762	54895	31092	135723	122515	79198	40425	101031	87233	111912	113593	24264	87786	41167	49294	48952	80158	105456	103563	76288	124614	105647	12630	96353	115294	115844	115329	99311	96537	117320	55450	111787	121397	
71742	98273	0	18558	27855	38761	80265	33285	76590	36692	8847	62124	43636	37697	58830	32253	67164	8327	56423	61753	38879	106517	22582	40351	18290	34596	84341	49258	47022	76522	47486	19633	46949	33475	27785	32299	35991	27607	21834	52321	24747	89389	40466	15023	70589	54933	55960	13985	41075	13363	40899	21427	7256	65825	72130	22545	57978	33985	46389	39009	58103	107321	41836	22278	24998	34631	52648	43047	40755	19234	54717	6767	24884	39727	36521	27739	20686	12680	43922	23967	76271	7198	73661	34370	45286	86036	11738	54611	16411	98530	17978	38211	25719	51234	70204	56806	12282	34341	24974	50174	18245	95193	63569	68424	74701	48574	98829	84923	91054	18622	30024	108239	49660	80354	64060	31342	26918	83376	22100	13669	23116	25944	38215	45653	44247	77795	27852	83373	43587	38720	113628	20564	29639	42305	61459	49645	49336	29864	19154	82692	49557	36961	38728	15972	28298	34594	33216	43825	99423	37930	27656	53585	34220	40717	41658	103938	95227	102821	26480	67881	75723	13633	51921	56584	78794	19357	98588	35352	46268	64795	29548	31803	65373	32538	38428	92959	29478	39471	49419	98431	46528	47142	110724	43287	49461	24668	92123	60891	54705	18723	18135	59373	47875	101590	51473	64987	40202	105802	10638	47067	43944	33206	106235	71900	62508	83920	96558	68171	53392	23176	25282	21914	19418	85600	51434	31045	39566	24688	12432	44170	41386	43258	33886	37147	
55112	92052	18558	0	43125	30920	73981	16371	79215	28851	15274	45211	54024	31413	41916	24412	69789	10275	59983	70778	31037	100233	24945	55621	32080	26754	78057	32344	57409	69409	39668	22894	30387	17335	21541	32193	49781	41397	28109	46037	15246	83106	26145	28448	64305	68755	58585	18494	34791	27153	56169	23790	22237	59541	65846	37815	51694	18408	44054	46356	50989	101038	35552	25856	6440	28347	35734	27471	23842	33024	65105	20557	27247	22814	20945	13937	8805	20118	39287	16801	69987	20624	46140	41580	61733	58515	10776	46794	12562	92246	31403	30370	39509	61621	72829	50522	28112	49611	13094	31677	20608	88910	66195	62140	77327	27655	92545	78640	84770	25249	15539	101955	43377	82979	57777	26034	40707	77092	7614	27095	36906	18103	48602	54960	37963	71511	15972	77090	54702	41209	107344	18985	26268	34463	44545	43361	59724	39713	32580	76408	43273	47348	16955	17169	21002	12820	42538	54213	93140	45140	10742	36672	29835	51105	52045	97654	88943	96538	29972	41183	69956	28071	39227	39670	81420	23194	92304	24203	29354	67420	26998	39013	67999	35554	22851	86675	13902	31585	32506	92147	56916	40858	104441	53674	64741	39938	85840	63516	48421	34136	10627	61998	41591	95306	61861	74012	32558	99519	12802	30154	27030	25365	99951	57952	56224	58533	90274	62403	56953	15335	19559	35704	33863	79317	49712	41432	49953	27100	29724	47730	56644	36974	49156	47535	
55025	105756	27855	43125	0	66732	88566	61269	28117	64663	28012	86666	17882	40837	87430	60225	50120	37177	21408	32256	55116	114818	47193	21552	19688	62567	92642	80348	17524	59478	47241	33238	58560	55054	52470	26475	36803	25009	44006	56181	59122	97690	57075	39042	78890	25436	38915	29358	51332	32143	27080	50864	24183	74126	80430	7191	66279	58032	29345	11058	41058	115622	52093	27634	51875	46567	80632	69730	68740	27017	23691	24847	47390	67712	66330	41513	41155	40142	26877	37740	84572	37563	81962	23900	18880	94337	32207	48951	42183	106831	36964	59293	22826	25480	53159	55345	17304	17276	46554	66783	46326	103494	46525	76725	57657	76545	107130	93224	99355	41376	56541	116540	59917	63310	72361	38968	27730	91677	48617	34091	24092	53915	6458	13669	43326	86096	49432	91674	18560	13876	121929	51066	54541	70276	104225	65882	17161	10475	40086	90993	51148	9496	60751	45147	42071	56616	9989	15661	107724	27459	55640	81569	29095	12269	12889	112239	103528	111122	24916	76182	68852	22332	34876	84568	39467	44422	106889	53256	76733	47750	28876	16601	48329	13017	61152	101260	51057	49728	77403	106732	20774	45681	119025	12362	23055	6520	100424	43846	73094	13316	37834	42328	58132	109890	22655	35490	39958	114103	36409	84772	71928	58672	114536	54856	70809	92221	89843	61224	21845	52319	43968	29894	10927	93901	34390	11325	11118	50237	18164	19525	14980	53515	7480	11393	
82208	119148	38761	30920	66732	0	101081	29130	91328	12251	39068	56304	72642	58513	53009	8200	105686	30935	94945	90758	16298	127334	25083	74364	49790	14453	105158	20560	76027	96509	66768	49994	67805	46667	48641	59293	53883	50317	28247	73138	20905	110206	61322	29527	91406	83938	94481	42623	61892	42050	74912	18483	42409	86642	92946	63085	78795	50795	84911	77531	78089	128138	62653	52956	38405	55448	31494	46247	34935	41944	83723	40729	21719	21352	46026	42628	37497	28624	66388	43070	74801	38606	69006	54408	80351	78642	34570	73894	23477	119346	34109	15213	50487	80240	108725	77623	48284	68355	41785	52339	20746	116010	102091	89241	113223	18264	119645	105740	111870	25387	29450	129056	70477	118875	84877	53134	49627	104193	27881	36438	45826	13058	67221	84175	65064	98612	44663	104190	73320	77242	134444	17524	16644	14420	55638	70461	78342	68385	31969	103508	70374	65966	36617	23586	49154	40702	71737	72831	120240	57591	33573	42232	56935	69723	70663	124755	116044	123638	57073	64049	97056	51098	66328	48374	117316	23333	119404	56208	41564	103316	54099	56860	103895	62655	55239	113776	46289	58685	43599	119247	75534	67958	131541	72292	83305	60418	112940	99412	75522	55080	37727	97894	68692	122406	80479	93993	59658	90181	28653	41247	30478	13510	127051	85052	83324	69626	117374	89504	91914	17606	46660	38876	51883	106417	89956	60050	68572	18271	49896	82692	75262	64075	72408	66153	
42569	38586	80265	73981	88566	101081	0	64716	94661	97132	70468	57282	107939	51763	58046	92693	69115	78502	88539	99334	99319	46529	93226	104654	94461	81394	20029	81116	102304	42909	58294	63747	36926	53838	53482	69984	111576	99782	96391	32673	83528	27655	41863	90140	13045	97311	60261	64451	44547	83286	105201	92072	74757	19218	10630	79038	21347	53091	70748	81147	59059	49758	36955	71143	71912	47580	84507	46745	68638	101790	119020	80951	95529	71586	52797	61550	66902	88345	70074	57778	25783	82315	39986	98672	96789	39497	68467	51869	80844	36311	111737	98652	97598	115537	106646	39210	80766	98644	66591	42044	88889	35205	63437	11010	53351	76427	41265	24936	7794	93530	72714	50676	31566	81858	26808	56433	102503	32340	78953	108864	98865	86384	93098	86541	60790	20251	57446	11536	107890	75999	30897	87266	94550	79064	62249	27162	113639	74504	114859	18379	39125	101263	58841	85451	56735	58574	77329	100440	39435	102232	75678	72434	61958	97048	97668	39380	35239	31718	68425	34206	31403	75442	65921	66629	94092	91476	38600	47636	53749	101237	72384	96105	101815	70345	46799	24178	51866	42282	68143	29053	110831	63146	27994	96722	93297	86844	32135	72675	25899	74072	63069	67296	31762	41602	115776	102568	59251	42085	81084	61787	75803	93646	27665	46512	14503	50245	30766	38258	85509	83616	56341	104667	85700	25428	68901	95347	95897	95382	79364	76590	97373	33265	91840	101450	
66707	101253	33285	16371	61269	29130	64716	0	89346	29882	29987	29970	68736	40928	26676	25443	79920	24988	70114	80909	33210	79165	38434	73868	46793	17508	71841	18120	72122	81485	51744	33025	32844	16337	29507	42324	64493	56110	41599	55552	19415	92621	30625	42878	55350	78886	68716	33619	44306	41865	74415	31727	36950	50586	56187	56062	45478	23139	56131	56487	63065	110553	36168	35986	10615	35988	21510	17971	8602	47737	79818	35270	35569	8589	17750	20672	16306	28874	49418	23537	46524	35337	40730	56293	78364	52308	25489	58870	22349	65428	47460	32844	54222	76334	82960	60037	42825	67858	16063	24062	34097	98425	76326	53185	87458	13430	102060	88155	64740	38738	8402	111470	37792	93110	47009	36165	55420	57268	10255	41808	51619	26409	63315	65091	47478	62556	19688	70873	77104	51339	87218	30875	31289	16067	29305	42977	74436	49844	45320	62851	52789	62061	8341	26956	27737	12244	52669	68925	102655	59853	5784	21431	39966	65818	66758	107169	98459	106053	40103	35773	79471	39999	51303	24430	91550	36684	101819	29658	13288	77551	37129	53726	78130	45685	26609	75664	18633	39551	17265	101662	71628	50373	84315	68387	74872	58184	95355	73647	52293	44267	23122	72129	51106	104821	76574	84143	44634	63848	22589	14914	12806	26754	83390	70028	49025	43293	84057	71918	67084	25121	29690	50417	52935	88832	61788	56145	64666	32121	45105	57861	72713	46489	67403	62248	
46194	114608	76590	79215	28117	91328	94661	89346	0	89275	75989	111989	23654	46874	112753	84836	20771	85154	9536	5751	79727	140141	71804	36484	44299	87178	68589	104180	15407	50343	43298	58561	83882	81992	55045	34884	61414	49620	68617	55721	89504	123013	82398	63653	104213	8263	28027	61664	53791	56754	37888	75475	72159	99449	105753	52242	91602	83355	25402	27051	31924	140945	77415	52957	78813	71890	107570	95053	95678	51628	16978	72823	72001	94650	91653	68451	73803	64754	30934	64678	109895	62174	107285	44930	9989	119660	80184	39517	90159	132153	61575	83904	47437	31526	8317	47066	65281	41282	73492	92106	70937	128817	27592	102048	34646	99490	132452	118547	124677	65987	93095	141863	85240	15715	97684	44200	52341	117000	84928	58702	48703	78527	24338	15819	49362	111419	76370	75568	30781	26586	90046	75677	79152	94887	129548	91204	19385	33405	64697	116315	55427	27928	87689	69758	69009	83554	29268	19516	133047	48490	82578	108507	40993	25651	22233	137562	128851	136445	50239	101504	59717	57256	30934	111506	8702	69033	132211	78579	102056	14286	54198	41355	13314	30824	86475	126583	77995	75050	104341	132054	25329	41621	93472	16076	5887	33048	125747	18767	98417	41518	69045	22564	83454	135213	23724	8985	36015	139426	84386	110095	98866	83283	139858	45721	96131	117544	80708	52090	10011	76930	50004	54506	58904	119224	28547	34749	24058	74848	66141	18409	13158	78837	20833	32883	
80139	117079	36692	28851	64663	12251	97132	29882	89275	0	36999	57890	70573	56444	54595	6803	103617	28866	92876	88689	7720	125265	18427	72295	47721	12384	103089	25867	73958	94440	64699	47925	65736	46573	46572	57224	47796	48248	21011	71069	18836	108137	59253	27458	89337	81869	92412	40554	59823	39981	72843	13344	40340	84573	90877	61016	76726	48726	82842	75462	76020	126069	60584	50887	35295	53379	37430	47022	36521	39875	81654	38660	14088	22727	46801	40559	35428	26555	64319	41001	75575	36537	69781	52323	78282	80228	32501	71825	21408	117277	32040	4696	48418	78171	106656	75554	46215	66286	39716	53113	18677	113941	100022	87172	111154	22064	117576	103671	109801	23318	27381	126987	68408	116806	82808	51065	45266	102124	25812	34369	40112	10989	65152	82106	62995	96543	42594	102121	71251	75173	132375	14152	9014	15795	57224	68392	76273	66316	29900	101439	68305	63897	37392	21517	47085	40608	69668	70762	118171	52237	33479	48168	54866	67654	68594	122686	113975	121569	55004	64824	94987	49029	64259	52350	115247	21264	117335	54139	42339	101247	52030	54791	101826	60586	53170	111707	44220	56616	45185	117178	73465	65889	129472	70224	81236	58349	110871	97343	73453	53011	35658	95825	66623	120337	78410	91924	57589	91767	26584	42833	31853	8372	124982	82983	81255	71212	115305	87435	89845	15537	44591	32789	49814	104348	87887	57981	66503	10640	47827	80623	73193	62006	70339	64084	
53129	90414	8847	15274	28012	39068	70468	29987	75989	36999	0	58840	43896	29938	55546	32557	67424	11644	56683	62013	39182	98758	33089	40611	22995	34899	76582	45973	47282	76782	36683	11683	39190	26827	20026	22601	47534	35740	28711	44562	23391	81630	32707	20660	62830	55193	56220	6017	33316	18068	41159	31935	10373	58066	64371	22805	50219	27336	46649	39269	58363	99562	34077	14328	20370	26872	49364	36399	37471	23939	54977	11472	35392	36443	29873	19169	14037	19547	30930	16208	68512	12836	65902	34630	45546	78277	5090	43809	20707	90771	23615	38515	33556	51494	70464	49047	12542	34602	18326	42415	28752	87434	63829	60665	74961	41284	91070	77164	83295	26082	26740	100480	41901	80614	56301	23583	38461	75617	18816	19307	27821	26248	38475	45913	36488	70036	21204	75614	43847	38980	105869	27130	34413	42608	58174	41886	49596	30124	24792	74933	41798	37221	32523	22838	20539	28389	33476	44085	91664	38190	24372	50301	23418	40977	41918	96179	87468	95062	21158	60122	64921	13893	34606	53300	79054	26223	90829	27593	38437	65055	19174	32063	65633	27216	31779	85200	22830	31712	46135	90672	46788	39383	102965	43547	49721	24928	84364	61151	46946	18983	11487	59633	40116	93831	51733	65247	29400	98043	17504	43783	40660	33509	98476	72160	54749	76161	88799	57368	53652	23479	17523	26619	19678	77841	51694	31305	39826	35245	12692	44430	41646	35499	34146	37407	
71632	82728	62124	45211	86666	56304	57282	29970	111989	57890	58840	0	108802	49709	8167	53452	104470	54102	89403	100198	61219	51827	66443	105518	75907	45517	64370	39609	103167	79089	67226	55820	30074	36772	42514	70848	112440	100646	69608	58408	49047	42245	29834	70887	47879	98175	83954	56415	45902	70980	106065	59736	66721	43115	48716	79902	38007	39234	71612	82011	78547	92533	35131	58782	39730	42216	30228	30077	21908	76851	119884	64384	63578	34898	32052	49787	45420	57309	70937	48485	32442	64451	21366	99536	97653	23752	54603	74351	50783	42974	75469	60853	98462	116400	107509	67449	68594	99508	45087	25376	62106	57866	100875	45714	87965	39739	84041	47596	57269	66747	36836	93451	30322	117660	34424	55773	103367	33469	38689	70922	99729	54418	93962	87405	56259	43234	44987	63402	108754	76863	79747	58884	59298	42376	7838	35506	114503	75368	73329	48110	53314	102127	30936	55390	45767	35020	78193	101304	62096	103096	34898	16518	62822	97912	98532	68286	57900	60623	62899	25825	75968	62795	66785	10714	116100	64693	61509	39316	23205	102100	59925	96969	102679	71209	30131	61692	39836	37978	12705	67164	111695	59154	76844	97586	94161	87707	54796	98197	44822	67063	53799	96679	42966	59057	116640	103432	60115	35292	51023	15167	31782	54763	74968	76044	41554	14737	76586	68416	86373	53556	49837	80236	75730	54333	77270	96211	96761	60130	67901	77454	98236	41108	92704	102314	
77155	127886	43636	54024	17882	72642	107939	68736	23654	70573	43896	108802	0	62879	109472	66216	40963	46345	21893	23008	61107	136860	53184	12830	25679	68558	114684	86339	8061	81520	69283	47043	80602	71076	57580	48517	42795	31001	49997	78223	65113	119732	79117	45034	100932	16188	48219	45380	73374	38135	14234	56855	40204	96168	102472	22345	88321	80074	51387	29045	63100	137664	74135	49676	67896	68609	97902	91772	76440	33008	11081	33735	53381	83199	74122	57534	57176	46134	48919	53762	106614	43554	104004	24706	14693	116379	48229	70993	58357	128872	42955	65284	28817	9089	28508	77387	28222	17628	62575	88825	52317	125536	68567	98767	54837	82537	129172	115266	121396	47368	65709	138582	81959	35906	94403	61010	33721	113719	57784	40082	30084	59907	11596	23540	65368	108138	65453	113716	7127	31862	143971	57057	60532	76267	126267	87924	5700	34861	46078	113035	73190	7754	76772	51138	58092	72638	27976	6497	129766	27018	63341	89270	51137	4082	9161	134281	125570	133164	46958	98224	90894	38354	56918	92269	30220	50414	128931	75298	98775	32262	50917	21135	33506	38612	83194	123302	67079	71770	85104	128774	2892	67723	141067	13638	19999	16057	122466	36256	95136	35946	53856	42756	80174	131932	7837	26243	62000	136145	45577	82752	79629	64663	136578	76898	92851	114263	111885	83266	27987	58310	66010	35886	20651	115943	56432	16129	7654	56228	34186	36385	15142	75557	16630	9228	
26217	71710	37697	31413	40837	58513	51763	40928	46874	56444	29938	49709	62879	0	50230	52067	47811	37876	40820	51615	58693	79948	52600	59446	49253	54410	39004	56653	57096	40777	17993	23121	21734	28866	13974	24776	66368	54574	55765	17822	42902	62820	19875	49514	44020	49591	33305	23825	7108	42660	59993	51446	34131	39256	45560	33830	31409	19537	23029	35939	29314	80752	15267	25935	31286	8072	60043	29038	48151	56581	58307	40325	54903	47123	27835	20924	26276	47719	22354	17152	49702	41689	47092	53464	49070	59467	27841	21537	40218	71960	52468	58025	52390	70329	50851	19300	36004	53436	25965	29583	48263	68624	44217	41855	41375	51964	72259	58354	64484	52904	45568	81670	23091	61001	37491	8591	57295	56807	38326	48160	53657	45758	47890	38821	6741	51226	28843	44961	62682	30791	61438	46640	53924	54601	55937	23076	68431	29296	53645	56122	14564	56055	35818	44824	17227	36028	32121	55232	72854	57024	35051	60981	14239	51840	52460	77369	68658	76252	23217	41311	38734	30234	18202	63979	59442	50850	72018	14761	36041	45442	22018	50897	46021	25137	22657	66390	30469	12713	56815	71861	65623	9636	84155	51514	45578	41635	65554	33695	23550	28864	22443	40020	16721	75020	70568	54849	10882	79233	40458	44080	51339	53020	79665	33454	35938	57351	49832	31181	37789	42990	14056	59459	40492	59031	28687	50139	50689	54756	35310	28871	46498	13849	46632	56242	
72397	83492	58830	41916	87430	53009	58046	26676	112753	54595	55546	8167	109472	50230	0	50158	105234	50808	90167	100962	57924	58601	63148	106282	72613	42222	65134	36314	103932	79853	67990	56585	30838	31540	43279	71612	90313	81930	66313	59173	45753	49019	30598	67592	48643	98939	84718	57180	46667	67685	106830	56441	62770	43879	49481	80666	38771	35869	72376	82775	79311	93298	35895	59546	36435	42980	28596	24976	18613	73557	120648	61090	60283	31603	26819	46492	42126	54014	71702	49249	37266	61157	27098	100301	98417	30527	51309	75116	47489	49749	72175	57558	99227	117165	108274	68213	69359	100272	38814	26140	58811	64641	101639	46478	88729	36444	84805	54371	58033	63453	33542	94216	31086	118424	35114	56537	81240	40244	35394	67628	77439	51124	94726	88169	57024	46043	38715	64166	109518	77628	80511	55589	56003	39081	12315	36270	115267	76132	70035	56144	54078	102891	25703	52095	46532	29788	78957	102068	68871	103860	31604	14886	63586	98676	99296	89915	64675	88798	63663	26515	76733	63559	67549	13843	116864	61398	68284	40081	17972	102865	60689	97733	103444	71973	30896	68957	33564	38742	9411	77499	112459	59918	77608	98350	94925	88472	61571	98961	45586	67827	48942	97443	43731	65832	117404	104196	60880	42067	47729	9934	28488	51469	76683	76808	42319	21512	77351	69180	87137	50261	50602	76941	76495	64669	78034	96976	97525	56835	68665	78218	99001	41873	93468	103078	
75700	112640	32253	24412	60225	8200	92693	25443	84836	6803	32557	53452	66216	52067	50158	0	99178	24427	88437	84251	7987	120826	15284	67856	43282	7945	98650	21816	69519	90001	60260	43486	61297	42134	42133	52785	47375	43809	21740	66630	14397	103698	54814	23019	84898	77430	87973	36115	55384	35542	68404	10503	35901	80134	86438	56577	72287	44287	78403	71023	71581	121630	56145	46448	30856	48940	33379	42583	32082	35436	77215	34221	13407	18676	42362	36120	30989	22116	59880	36562	71137	32098	65342	47900	73843	75789	28062	67386	16969	112838	27601	7320	43979	73732	102217	71115	41776	61847	35277	48674	14238	109502	95583	82733	106715	18013	113138	99232	105362	18879	22942	122548	63969	112368	78369	46627	43119	97685	21373	29930	39318	6550	60713	77667	58556	92104	38155	97682	66812	70734	127936	11311	8333	11744	52785	63954	71834	61878	25461	97000	63866	59458	32953	17078	42646	36169	65229	66323	113732	51083	29040	44117	50427	63215	64155	118247	109536	117130	50565	60385	90548	44590	59820	47911	110808	16825	112896	49700	37900	96808	47591	50352	97387	56147	48731	107268	39781	52177	40746	112739	69026	61450	125033	65785	76797	53911	106432	92904	69014	48572	31219	91386	62184	115898	73971	87485	53150	87328	22145	38394	27802	5530	120543	78544	76816	66773	110866	82996	85406	11098	40152	32368	45375	99909	83448	53542	62064	9959	43388	76184	68754	57567	65900	59645	
31135	123553	67164	69789	50120	105686	69115	79920	20771	103617	67424	104470	40963	47811	105234	99178	0	76344	26039	24263	94283	131330	86360	69048	58855	101733	53460	95369	32829	29478	30478	49751	75072	73182	68982	39591	75970	64176	83173	45323	80694	114203	73588	78209	95402	25685	16027	52854	54620	71310	69595	90030	63349	90638	96943	43432	82791	74545	26231	41203	21525	132135	68605	44147	70003	63080	98760	86242	86867	66183	34400	64013	86556	85839	82843	59640	64993	79309	31763	55868	101085	76729	98475	63066	27412	110849	71374	29119	81349	123343	76130	98459	61992	48949	14036	36668	56471	63038	64681	83295	85492	120007	6313	93237	17765	90680	123642	109737	115867	80543	84284	133053	76429	4765	88874	45029	66897	108189	76118	73258	63259	93082	41761	27768	50191	102608	67559	60438	48204	36055	74916	90232	93707	109443	120738	82394	36808	44445	79253	107505	42905	65657	78879	84314	60199	74744	39092	36939	124237	66626	73768	99697	41822	43073	39655	128752	120041	127635	41428	92694	38851	48446	31763	102696	18213	83589	123401	69769	93246	13940	45388	60499	13392	35895	77665	117773	69185	66240	95531	123244	42752	42450	78343	33498	23309	51237	116937	12899	89607	47076	60235	7921	74644	126403	41147	22356	36844	130616	75576	101284	90056	97839	83075	30592	87321	108733	65578	36960	20391	91485	50833	69061	50094	110414	19327	59741	41481	89403	57331	29302	30580	70027	33377	65844	
61509	98449	8327	10275	37177	30935	78502	24988	85154	28866	11644	54102	46345	37876	50808	24427	76344	0	63747	64195	31001	106630	22074	47676	24135	26718	84455	40974	49464	83847	46065	20905	47102	31806	27938	38590	41835	33452	21326	52435	16869	89503	40619	20503	70703	57375	63284	15239	41189	19207	48223	20920	14292	65938	72243	29870	58092	30092	53714	46333	65427	107435	41950	23550	16715	34745	44365	42668	32472	25078	57159	12611	24376	31444	32629	21925	19575	12172	45685	22367	76385	12678	73775	33635	53788	86150	10177	53191	12526	98643	23458	30334	31563	53676	77528	56920	20166	41666	21082	50327	17737	95307	70894	68538	82026	36285	98942	85037	91167	18114	21741	108353	49774	87678	64174	32431	32762	83490	13816	19150	28961	18067	40657	52978	44361	77909	23960	83487	46757	46045	113741	18949	26232	34427	53175	49758	51778	37188	24634	82805	49671	39403	30445	15464	28451	26310	40540	46267	99537	37195	19373	45302	36232	43159	44100	104052	95341	102935	34719	67994	76353	22980	45625	48301	86119	18849	98701	35505	37985	72119	33396	31068	72698	40777	34536	93073	25586	37982	41136	98544	48970	47255	110838	45729	56742	31992	92237	68215	54818	26962	17024	66697	47989	101703	53915	67429	38955	105916	7759	38784	35661	25329	106348	64349	62621	67163	96671	68801	60717	15299	25957	27758	25917	85714	58759	33487	42008	27064	21778	51495	48699	43372	41211	39589	
45088	108486	56423	59983	21408	94945	88539	70114	9536	92876	56683	89403	21893	40820	90167	88437	26039	63747	0	14209	88110	125158	80187	34858	52682	95561	67396	89197	15182	49150	37177	43579	68900	67010	48923	28763	69797	58004	77000	54319	74521	108030	67415	72036	89230	12186	28722	46681	47669	65137	36263	83858	57177	84466	90771	37259	76619	68372	19281	16342	30730	125962	62433	37974	63830	56907	92587	80070	80695	60011	20901	57841	80384	79667	76670	53468	58820	73137	24812	49696	94912	70557	92302	56894	8754	104677	65202	38324	75177	117171	69958	92287	55820	29901	13536	45857	50298	34549	58509	77123	79320	113834	28287	87065	35341	84508	117470	103565	109695	74370	78112	126880	70257	20934	82701	38078	60724	102017	69946	67085	57086	86910	18186	7846	43241	96436	61387	74374	29156	20465	88853	84060	87535	103270	114565	76222	23309	24769	73081	101333	49306	21917	72706	78141	52176	68572	19538	13644	118064	60454	67595	93525	34872	20196	16112	122579	113868	121462	35256	86522	58524	42274	24812	96524	16963	77416	117229	63596	87073	13885	39216	35204	14576	24702	71492	111600	63013	60068	89359	117072	23704	35500	92279	11097	7015	26896	110764	17307	83434	35396	54063	23259	68472	120231	27648	17444	29893	124443	69404	95112	83883	91666	124876	44528	81149	102561	79515	50897	5608	85313	43882	62889	43921	104241	24410	28597	18604	83231	51159	12287	8179	63855	14533	28666	
49637	119281	61753	70778	32256	90758	99334	80909	5751	88689	62013	100198	23008	51615	100962	84251	24263	64195	14209	0	81484	135932	73561	38241	46056	88935	72033	99972	17164	53787	47951	54353	79674	77784	59698	39537	63171	51377	70374	65094	85490	118805	78190	65410	100005	10020	31470	57456	58443	58511	39645	77232	67951	95240	101545	48034	87394	79147	30055	28808	35367	136737	73207	48749	74605	67682	103362	90844	91469	53385	13702	54111	73758	90441	87445	64242	69595	66510	35587	60470	105687	63931	103077	46687	11746	115452	75976	42961	85951	127945	63332	85661	49194	33283	11760	56632	61073	43039	69284	87897	72694	124609	31036	97840	38089	95282	128244	114339	120469	67744	88887	137655	81032	19158	93476	48853	54098	112792	80720	60459	50460	80283	26095	20980	54015	107211	72161	79011	32538	31239	93489	77434	80909	96644	125340	86996	17862	38057	66454	112107	60080	29685	83481	71515	62951	79346	32004	21273	128839	50246	78370	104299	45646	27408	23990	133354	124643	132237	46030	97296	63161	53048	35587	107298	10138	70790	128003	74371	97848	18939	49990	43112	16757	35477	82267	122375	73787	70842	100133	127846	27086	46274	96916	17833	7644	34805	121539	22210	94209	46171	64837	26007	79246	131005	19509	3646	40668	135218	80178	105886	94658	85040	135650	49165	91923	113336	84151	55533	14664	78687	54657	56262	40016	115016	35185	36506	25815	76605	61933	23061	14915	74629	22589	34639	
99106	119266	38879	31037	55116	16298	99319	33210	79727	7720	39182	61219	61107	58693	57924	7987	94283	31001	88110	81484	0	127451	14119	62898	39553	14910	105275	27237	64561	103578	66886	50112	67922	49099	48759	59411	40580	38238	17957	73255	21022	110323	61439	24379	91523	72472	83015	42740	62009	35351	63446	11840	42527	86759	93064	51619	78912	50913	73444	66064	85158	128255	62770	53073	37481	55565	41477	49548	39047	29589	72256	40847	10206	26774	49327	42746	37614	25192	70977	43188	78101	33835	72307	45107	68885	82753	34688	74011	23594	119464	23240	3276	38738	68773	97259	77740	48402	56888	41903	55639	15392	116127	90625	89358	101757	26111	119763	105858	111988	20239	29907	129173	70595	107409	84994	53252	38051	104310	27998	29392	32897	13176	55754	72709	65181	98729	44781	104307	61854	65776	134562	15336	6266	19842	59750	70579	66875	56919	19948	103626	70491	54500	39918	20154	49271	43134	60271	61364	120357	45021	36005	52215	57053	58256	59197	124872	116161	123756	57190	67350	97174	51215	78976	54875	105849	18134	119522	56325	44865	91850	54216	45394	92429	60670	55356	113893	46407	58803	47711	119365	64067	68076	131659	60826	71839	48952	113057	87946	75639	48391	37845	86428	68809	122524	69012	82526	59775	94293	28770	45359	35900	9555	127169	98956	83442	73738	117492	89621	80448	17181	46777	25573	49006	106534	78490	48584	57105	9583	50013	71225	63796	64192	60942	54686	
92799	36020	106517	100233	114818	127334	46529	79165	140141	125265	98758	51827	136860	79948	58601	120826	131330	106630	125158	135932	127451	0	121439	132866	122673	94697	62987	85980	130516	85867	94574	91959	68338	85250	81694	98196	139789	127995	124603	71389	111740	25139	73275	118352	37037	125523	111302	92663	80557	111498	133414	120285	102969	46574	46302	107251	58015	87257	98961	109359	105895	42938	68367	99355	100125	75792	79256	74101	71088	130002	147232	109164	123741	84078	80152	89762	95115	116558	98286	85990	47417	110527	55238	126885	125001	37123	96679	101700	109056	23988	139949	126864	125811	143749	134858	81354	108978	126856	94803	69400	117102	12292	128224	40793	117957	88919	51248	22536	40863	121743	86017	43856	62978	145008	54164	84645	130716	38062	107165	137076	127078	114597	121310	114753	89002	41654	97681	55400	136102	104212	63438	115479	122762	91556	52507	57617	141851	102716	143072	32501	73508	129476	86196	113663	84948	104866	105541	128653	18362	130445	103890	63758	90171	125261	125881	26242	20707	29772	96637	61561	74361	103655	94133	57029	143448	119688	10050	82481	81104	129449	100597	124318	130028	98557	74155	37161	99307	78952	61886	42633	139043	91358	57775	124935	121509	115056	15557	125545	64830	102284	91282	124027	63160	7597	143988	130781	87464	20877	109296	68241	78469	121859	50437	96051	47521	45430	67191	81216	113721	111829	84553	132880	113913	29802	104619	123560	124109	123594	107576	104802	125585	63715	120052	129662	
91183	113173	22582	24945	47193	25083	93226	38434	71804	18427	33089	66443	53184	52600	63148	15284	86360	22074	80187	73561	14119	121439	0	54832	30257	20924	100435	38706	56495	95512	62046	45272	63083	45564	43919	62509	32523	30785	4634	68415	17479	105484	56600	9994	86684	64406	74949	37901	57169	22517	55380	5559	25543	81919	88224	43553	74072	46073	65379	57998	77092	123416	57930	48234	32642	50725	50269	55562	45061	21531	64190	23863	4941	35565	48610	37906	32774	13821	62911	38348	92366	19074	89756	37050	60819	102130	29848	69172	12198	114624	14577	18285	30955	60707	89193	72900	31052	48822	37063	61654	4683	111288	82559	84518	93691	34903	114923	101018	107148	5855	30316	124334	65755	99343	80155	48412	30095	99470	24455	16906	24839	12273	47688	64643	60341	93889	39941	99468	53788	57710	129722	9694	12598	28634	65764	65739	58809	48853	8728	98786	65652	46434	45932	8027	44431	42237	52205	53298	115518	36964	35299	57891	52213	50191	51131	120033	111322	118916	45428	83975	104886	34231	70910	60890	97783	3949	114682	51485	50879	83784	49376	37328	84363	52604	50516	109054	41567	53963	53725	114525	56001	63236	126819	52760	63773	40886	108218	79880	70799	37671	33005	78362	63970	117684	60946	74460	54936	121897	14016	51373	44692	12659	122329	90890	78602	79752	112652	84781	72382	10676	41937	17516	32351	101695	70424	40518	49039	7788	33030	63159	55730	59353	52876	46621	
73871	124601	40351	55621	21552	74364	104654	73868	36484	72295	40611	105518	12830	59446	106282	67856	69048	47676	34858	38241	62898	132866	54832	0	27930	70809	111337	88590	20853	78173	65936	43696	77255	67729	54233	45170	22699	19677	52248	74876	67364	116385	75770	47284	97585	28980	57610	42033	70027	40385	5141	59105	36857	92821	99126	26214	84974	76727	48040	40660	59753	134317	70788	46329	64549	65262	93306	88425	81414	35258	23873	37521	55632	85450	70775	54187	53829	48384	45573	50415	103267	45804	100657	12690	27485	113032	44882	67647	60608	125526	45206	67534	16084	12683	41300	74040	29979	7427	59228	85478	54567	122189	65220	95420	76352	84787	125825	111920	118050	49618	69215	135235	78612	48698	91056	57663	35972	110372	61291	42333	32334	62157	15395	26593	62021	104791	62106	110369	5341	40371	140624	59308	62783	78518	122920	84577	18492	31515	48328	109688	69843	11387	73425	53389	54745	69291	34866	19289	126419	16333	68315	94244	47790	12183	16669	130934	122223	129817	43611	94877	87547	35007	53572	97243	43012	52664	125584	71951	95428	66445	47571	12538	67024	35265	79847	119955	63732	68423	90078	125427	15684	64376	137720	20188	32791	17400	119119	62541	91789	32599	50509	61023	76827	128586	20629	39035	58653	132798	49084	87726	84603	66914	133231	73551	89504	110916	108538	79920	40779	60561	62663	38136	23602	112596	53085	11776	14578	58478	30839	45821	27934	72210	20430	8921	
63678	114408	18290	32080	19688	49790	94461	46793	44299	47721	22995	75907	25679	49253	72613	43282	58855	24135	52682	46056	39553	122673	30257	27930	0	45653	101771	63434	29120	68607	56370	28042	67689	47732	34236	35605	17070	11426	27092	65310	42208	106820	46916	22128	88020	37031	48045	22036	60461	8910	28475	33950	12978	83255	89560	16649	75408	45719	38474	31094	50188	124752	61222	23434	38568	55697	66218	56079	54325	11451	36816	11620	33340	60294	50778	34190	38647	23229	36007	30418	93702	20649	91092	11994	33444	103466	27207	58081	29236	115960	21996	45243	9243	33332	62289	64475	8134	21918	39231	56624	29412	112624	55654	85854	66786	59631	116259	102354	108484	24462	43594	125670	69046	72439	81491	48098	12328	100806	35670	17177	8526	37002	20313	37738	52455	95226	42109	100804	26413	30806	131058	34152	40491	53362	75028	75011	31434	21949	23173	100122	60277	19059	52298	28233	34748	48164	25301	25923	116854	15494	41226	67155	29348	22816	23756	121369	112658	120252	21608	85311	77981	19353	44006	70154	70879	27508	116018	41802	59838	56880	24676	9427	57458	25699	49698	110390	43735	58857	62989	115861	28626	54811	128155	25385	36398	13511	109554	52976	82224	13851	38877	51458	67261	119020	33571	47085	49087	123233	23462	60637	57514	41758	123665	63985	79938	101350	98972	70354	45478	35405	31732	15844	7824	103031	43519	13143	21664	36187	15185	36255	28355	62644	25971	19246	
78043	114983	34596	26754	62567	14453	81394	17508	87178	12384	34899	45517	68558	54410	42222	7945	101733	26718	95561	88935	14910	94697	20924	70809	45653	0	88508	22406	71871	92352	62612	45838	49511	34189	44485	55137	49726	46161	24091	68981	9332	106049	46187	25370	72017	79782	90325	38466	57735	37893	70755	14219	38253	67253	72854	58929	62145	38450	80754	73374	73933	123981	52198	48800	25926	51291	30305	34638	24137	37787	79566	36573	18061	15602	34417	35983	31617	24468	62231	38848	63191	34450	57397	50252	76195	67843	30414	69737	19320	115190	29953	15336	46331	76083	104569	73466	44128	64198	31374	40729	16589	111853	97934	69852	109066	14939	115489	101584	81407	21230	14997	124899	54460	114719	63676	48978	45471	73935	15727	32282	41670	8902	63064	80018	60907	79223	34999	87540	69164	73086	103885	13367	13781	8670	44840	66305	74185	64229	27812	99352	66217	61810	25008	19430	43049	28224	67581	68674	116084	53434	21095	36967	52779	65566	66507	120598	111887	119482	52916	52440	92900	46941	62171	39965	113159	19176	115248	46529	29955	99160	49942	52704	99738	58498	42893	109619	33944	54529	32801	115091	71377	63802	100982	68136	79149	56262	108783	95256	71365	50923	33571	93738	64535	118250	76322	89836	55501	79383	24496	30449	24728	9247	122895	80896	65692	58828	100724	85347	87758	13450	42503	34719	47727	102260	85799	55894	64415	14613	45739	78535	71106	59918	68251	61996	
23939	56632	84341	78057	92642	105158	20029	71841	68589	103089	76582	64370	114684	39004	65134	98650	53460	84455	67396	72033	105275	62987	100435	111337	101771	88508	0	87761	80528	24817	37199	69806	42639	59551	59541	76043	117635	105841	102450	21182	89586	44034	47576	96198	35388	73384	39166	70509	33485	89345	111260	98131	80815	30624	25644	85097	27405	58804	50069	66194	37964	56335	42667	77202	77971	53638	91152	53390	75283	107848	82099	87010	101587	78231	59442	67609	72961	94404	51725	63836	43736	88374	46631	104731	75110	59006	74525	30774	86902	52691	117795	104710	103657	121595	62132	25621	86824	104703	72650	48689	94948	51585	45345	33223	35259	83072	57645	41315	23291	99589	79358	61581	37279	63767	34724	62491	108562	54040	85011	114923	104924	92443	99156	65414	34037	42594	63158	8367	113948	60962	23822	93325	100609	85709	68894	32874	84506	80563	120918	34759	27634	107322	65485	91509	62794	64287	83388	79975	52453	108291	81736	79078	51965	103107	103727	53970	47169	46308	74483	40851	13311	81501	45341	73274	70723	97535	54979	53349	60394	56723	57364	102164	57302	76403	53444	39958	57578	47994	74788	37495	116889	36002	26271	75103	71008	92902	48515	51580	23532	80131	69128	46202	29396	57981	88845	71499	45321	58464	87142	68432	82448	99705	31004	28420	24899	56890	12217	20166	64382	89675	62399	110726	91759	40018	47806	101406	101955	101441	85422	55463	73090	35452	71022	107508	
82679	117226	49258	32344	80348	20560	81116	18120	104180	25867	45973	39609	86339	56653	36314	21816	95369	40974	89197	99972	27237	85980	38706	88590	63434	22406	87761	0	93302	97447	67707	48987	49294	34840	45470	58286	71157	67592	45522	71515	29571	108583	46839	46801	71799	101213	84679	49582	60269	59324	92187	35758	52913	67035	72637	72024	61927	39102	72093	72450	79028	126515	52850	51949	26578	51951	10934	34420	18701	59218	100998	51232	38994	9525	34199	36635	32268	45899	65381	39499	62974	51299	57179	71683	97626	61941	41451	74832	40751	86973	51384	32488	67762	97514	98923	76000	58787	85629	32025	40512	38021	114387	92288	69634	103420	6181	118023	104118	81189	42662	23685	127433	54242	109073	63458	52128	66902	71658	25537	53713	63101	30333	84495	81053	63441	79005	35650	87322	90595	67302	103667	34798	33919	14277	38938	59426	95616	65807	49244	79300	68751	83241	24790	40861	43700	28875	68632	90105	118617	74866	21747	21672	55928	86998	87938	123132	114421	122015	56066	52222	95434	55962	67266	27814	107513	40607	95732	47180	29737	93513	53092	74135	94092	61648	43059	112153	34595	55514	26898	117625	92808	66336	100764	89567	90834	77693	111317	89610	68742	60230	39085	88092	67069	93279	97753	100106	60596	79290	45928	24547	10372	30785	125429	85991	65475	52926	100507	87881	83046	34881	45653	56150	69158	104794	77751	77325	85846	35545	61068	73824	92537	62452	89683	83428	
