//--------------------------------------------------------------------------------------------------------------------
//-- données sur le TERRITOIRE_DE_BELFORT récupérés par le géocodeur (matrice symétrique)
//-- 
//-- C. Duhamel, P. Lacomme C. Prodhon - JUILLET 2009 : 5000 kg à collecter, flotte de capa 7100
//--------------------------------------------------------------------------------------------------------------------
101 4 999999 0 0 0
2 50 100 0.6
5 200 120 1.2
8 500 150 1.8
2 1000 180 2.5
0   // la ville qui represente le depot
0	20322	18322	7191	9206	21433	27315	6154	5470	21147	8250	4566	12421	17473	15390	2041	20805	7753	10645	14817	9561	7640	7236	20373	20352	18135	8281	25722	25861	9184	24773	13865	2624	17930	10143	4075	13865	14201	7762	21291	16080	20056	17917	20504	21279	19389	11561	17697	15519	9301	20783	13347	18299	13559	17290	18534	22251	14489	16676	27033	17831	18812	30123	23030	25571	15874	3940	13126	25055	13508	11550	4412	11212	10812	7423	12443	23344	20300	11655	29277	11752	20459	28281	21769	13514	23279	26219	21753	19612	14735	4190	19388	15772	4972	7953	12515	20447	14525	24677	13511	5534	22845	
20322	0	8760	21118	15869	23788	24632	26646	19396	38166	18021	22511	11935	6756	19196	19653	7701	26124	16670	14734	23488	18687	25181	19337	19107	15603	14390	30606	27956	19710	43144	10007	17464	36301	11071	23285	7529	15305	20061	11730	20535	26558	36288	4540	26886	5774	14515	9225	8013	19338	19479	31719	14424	17130	22107	22137	3103	6627	5487	15510	2965	37184	25194	26173	6423	8317	22126	33425	40051	12422	29921	22666	13899	12944	14612	12333	4196	13272	13421	29569	17639	4960	23543	6438	10422	18350	9997	40124	6433	18968	23675	22530	24740	23701	21880	18198	2934	17178	19748	11295	16676	41216	
18322	8760	0	19797	17675	15456	16300	25325	18076	36845	14155	21190	8440	4903	23429	18332	2123	24803	20904	18968	22167	20368	23860	11005	24042	21825	10894	42773	32190	13419	41823	14240	16143	34980	8031	21964	4489	6973	16195	3398	14094	30791	34967	6656	31120	9638	14174	13458	11280	28621	11147	30398	6092	21363	26340	13805	8403	7089	4743	9140	8081	35863	16862	30406	7952	6464	16187	32104	38730	16656	28600	21345	18132	9904	11740	16567	9496	4940	11246	33803	21873	10709	17173	5028	4146	10018	8407	38803	2871	10636	22354	26764	32823	22380	20559	9866	10479	21411	11416	8256	13180	39896	
7191	21118	19797	0	14067	19118	25000	1961	2128	24536	6636	6893	13214	18267	21590	4993	21598	11142	17062	20950	4752	14110	10199	14961	26486	24268	11244	29112	29250	8210	28162	19272	5482	21319	10936	4222	14659	13100	4790	22085	11157	23445	21306	21298	24668	20182	14524	18490	16312	14960	18468	16736	17198	19692	20680	16219	23044	15282	17469	27827	18625	22202	24243	31766	26364	16667	10001	16515	28444	21688	14939	7683	16073	9711	8217	16844	24137	19199	12449	32666	17635	21253	27180	22562	14307	22178	27013	25142	20406	12420	8693	25521	19162	8719	1824	10200	21240	20658	23576	14305	9943	26234	
9206	15869	17675	14067	0	24888	30769	13989	12325	16100	13748	13453	12745	15519	7059	10908	19033	6506	2313	6485	16417	3565	14928	23827	12021	9803	7460	18469	16482	15437	20714	5863	8787	14617	10516	11910	14239	17656	15788	21665	19534	14421	12870	20858	15412	10096	4406	7820	8823	4842	24238	8803	21753	5227	9970	21988	17803	12249	17029	27407	12840	15500	33577	14699	21122	14779	6388	9323	20996	5506	7747	8640	3210	14266	8653	4441	18895	23754	12009	18095	3421	11262	31735	19997	13887	26733	24448	17695	17841	18190	8961	11056	11228	12348	14808	15970	13164	6193	28132	13885	4660	19533	
21433	23788	15456	19118	24888	0	6604	22029	21036	40111	13436	24456	20491	20014	30934	21598	17179	28069	26188	31277	21123	26235	27126	6170	36351	34134	19343	46039	46177	12778	45089	26549	17895	38246	17183	25230	19601	10099	19470	12595	10848	40372	38233	21768	41595	24750	22623	25767	23589	31887	4760	33664	10472	29102	37607	6322	23515	22201	19855	15150	23193	39129	10599	38574	20253	21575	22534	35370	41996	26109	31866	24611	24795	14723	16316	24943	21382	11419	20440	49593	27296	25821	10759	19986	14336	8285	19664	42069	17927	7390	22785	34931	36089	25646	24112	9225	25591	30068	7668	16350	20623	43161	
27315	24632	16300	25000	30769	6604	0	26583	23125	44665	17991	29010	24342	20805	39332	26152	17970	32624	30743	34870	26742	30789	31680	8986	39945	37727	23898	50593	50732	17333	49644	30143	22450	42801	23934	29785	20392	14654	25090	13385	15403	44927	42788	22559	46150	25541	27178	29361	27182	36442	5551	38218	11263	33657	42161	12150	24305	22991	20645	15941	23983	43683	11390	46309	21044	22366	27089	39925	46551	32558	36421	29165	29350	19278	20870	32470	22173	12210	27148	49705	31851	26611	11549	20776	18891	9075	20455	46624	18718	11945	27339	42666	40643	30201	25608	13779	26382	37314	8459	20904	25178	47716	
6154	26646	25325	1961	13989	22029	26583	0	3865	25564	8372	5303	14951	20003	22618	3403	23335	12170	15428	19600	6215	12423	9025	16697	25135	22918	12980	30140	30278	9947	29190	21009	8037	22347	12672	2632	16395	14837	6526	23821	15160	24473	22334	23034	25697	21919	16260	20227	18048	15988	20204	17765	18934	18342	21708	17955	24781	17019	19205	29563	20361	23230	25980	32794	28100	18404	8723	17543	24851	18291	15967	6493	15995	11447	9953	17226	25873	20935	14185	33694	18663	22989	28916	24299	16043	23914	28749	26170	22142	14156	5521	24171	20190	6761	3288	11936	22977	19308	25313	16041	10317	27262	
5470	19396	18076	2128	12325	21036	23125	3865	0	24918	4903	9263	11481	16534	18521	5938	19865	12876	13776	17947	4330	12111	11933	13228	27341	25124	9511	30846	30984	6013	29896	17539	3749	23053	9203	6137	12926	11367	2592	20352	8960	25179	23040	19565	26403	18450	12791	16758	14579	16694	16735	18471	15465	16689	22414	14486	21311	13549	15736	26094	16892	23936	22510	26161	24631	14934	8411	20177	26803	19955	16673	9418	14340	7978	6484	15111	22404	17466	10716	34400	14883	19520	25447	20830	12574	20445	25280	26876	18673	10687	7338	22519	20896	10453	3805	8467	19507	17655	21843	12572	8211	27969	
21147	38166	36845	24536	16100	40111	44665	25564	24918	0	27664	21029	29792	34844	13293	22001	38176	14393	14142	16432	27474	13418	16056	37743	20731	18510	23555	15707	15846	29354	7455	21222	21801	7915	27513	21803	31236	31572	25674	38662	33451	12459	3883	37875	13682	24868	19765	22592	32889	12040	38154	8216	35669	14700	11344	35905	39622	31860	34046	44404	35202	6743	47494	18362	42941	33245	19214	7234	3450	19282	9857	17990	18569	28183	24794	19800	40714	37670	29026	19262	14714	37830	45651	39140	30884	40650	43590	5149	36983	32106	19317	17808	9383	19924	27063	29886	37817	14900	42048	30882	20807	8531	
8250	18021	14155	6636	13748	13436	17991	8372	4903	27664	0	13198	9234	15000	19676	8270	14378	16811	14931	20019	8547	14977	15868	9135	25094	22876	8086	34781	34919	2826	33831	15292	6082	26988	7296	10174	9414	7349	3842	14623	7739	29115	26975	15290	30338	14563	11365	14510	12331	20630	12642	22406	11447	17844	26349	10393	17036	11302	14202	21060	15358	27871	18417	27316	20356	11422	11277	24112	30739	14851	20608	13353	13537	3960	5058	13686	18129	13448	9182	38335	16038	17986	18319	15342	9062	16427	19792	30812	13185	6594	11527	23674	24831	14388	6938	4374	17973	18810	15228	5587	9366	31904	
4566	22511	21190	6893	13453	24456	29010	5303	9263	21029	13198	0	15634	20687	18428	4245	24018	7980	13900	17788	11078	10947	6535	23586	23323	21106	13664	25949	26087	15197	24999	21692	6425	18156	13356	3224	17079	17415	10692	24505	19293	20283	18143	23718	21506	22602	16944	20910	18732	11798	23997	13574	21512	16530	17517	21748	25464	17702	19889	30247	21045	19039	33337	28604	28784	19087	7111	13352	22361	19040	11777	4521	16098	14025	10637	17329	26557	23513	14869	29503	14472	23673	31494	24983	16727	26493	29433	21980	22826	17949	3778	22359	15999	4271	8150	15729	23660	17496	27891	16725	8433	23072	
12421	11935	8440	13214	12745	20491	24342	14951	11481	29792	9234	15634	0	5399	16071	11890	8914	18362	11501	11610	15726	12753	17418	19139	16685	14467	3279	27481	24832	11188	35382	6882	9702	28539	3982	15523	4106	11665	11538	11532	15284	23433	28526	9826	23762	6154	6559	6101	3922	14030	19281	23956	14225	14005	18982	17738	11572	2893	7147	17274	7235	29421	24996	23049	14892	4659	8572	25662	32289	9298	22159	14903	8731	7157	4182	9209	12665	13074	5475	26445	14515	10834	25307	9878	5759	18152	14328	32362	7721	13940	10271	19406	21616	15939	14117	11720	10961	14054	19550	5509	5565	33454	
17473	6756	4903	18267	15519	20014	20805	20003	16534	34844	15000	20687	5399	0	18845	17712	4236	24183	16319	14383	21547	17327	23240	15178	19458	17240	7854	30255	27605	14724	41203	9656	15523	34360	6911	21344	3370	11145	15075	7570	16375	26207	34347	4469	26535	5693	11133	8874	6695	18987	15319	29778	10264	16779	21756	17977	6215	3270	798	13313	4136	35243	21035	25822	9535	2282	13146	31484	38110	12071	27980	20725	13548	8785	8756	11982	7308	9113	10126	29218	17288	6764	21345	5200	6263	14191	9650	38183	3043	14809	21734	22179	32203	21760	19939	14038	6751	16827	15589	7136	10140	39275	
15390	19196	23429	21590	7059	30934	39332	22618	18521	13293	19676	18428	16071	18845	0	21357	22359	11582	4759	4582	22616	8640	21859	30027	8392	6174	14317	12034	11373	21637	15869	9534	14987	7276	19229	21159	19095	23856	21988	25600	25734	7986	11146	23271	9210	13422	11804	11146	12149	7312	33349	7197	27953	2851	3535	28188	21129	15575	19389	31342	16166	9908	39064	11070	24449	18105	11464	12695	16151	7836	11120	17346	9534	22404	14852	10181	22222	27142	20722	14789	4754	15879	39375	23324	20749	32220	27774	12849	21167	24389	15158	7428	6169	19280	21008	22169	17781	2564	33618	20756	10860	13941	
2041	19653	18332	4993	10908	21598	26152	3403	5938	22001	8270	4245	11890	17712	21357	0	21190	8751	12371	16543	9178	9366	7770	20758	22079	19861	10836	26721	26859	9570	25771	18864	3881	18928	10528	1574	14251	14587	8147	21676	16465	21054	18915	20890	22278	19774	14116	18082	15904	11028	21169	14346	18684	15285	18289	18919	22636	14874	17061	27419	18217	19811	30509	24757	25956	16259	5666	14124	23596	15235	12548	4946	12938	11197	7808	14169	23729	20685	12041	30275	13479	20845	28666	22154	13899	23665	26604	22751	19998	15121	3974	21114	16771	5505	6250	12901	20832	16251	25063	13897	8342	23844	
20805	7701	2123	21598	19033	17179	17970	23335	19865	38176	14378	24018	8914	4236	22359	21190	0	27460	19832	17896	24824	20840	26516	12644	22971	20753	11367	33768	31118	16595	44480	13169	18800	37637	8782	24621	5240	8612	16945	5037	15733	29720	37624	4431	30048	8970	14646	12387	10208	22500	12786	33054	7731	20292	25269	15444	7735	6783	4075	10779	7413	38519	18501	29335	6804	5795	23462	34761	41387	15584	31257	24001	17061	10655	12491	15496	8827	6579	11996	32732	20801	10041	18812	3880	5537	11657	8330	41460	1723	12275	25011	25692	35479	25037	23215	11505	9811	20340	13055	9007	13653	42552	
7753	26124	24803	11142	6506	28069	32624	12170	12876	14393	16811	7980	18362	24183	11582	8751	27460	0	6818	10990	17614	3813	9267	27115	16526	14308	10319	17085	16424	18725	22007	11617	8565	15164	16885	8567	20608	20944	15046	28033	22822	13037	15151	27246	14260	15850	10161	13574	14578	4869	27526	6329	25041	9732	10272	25276	28993	21231	23418	33775	24573	16047	36865	19204	32313	22616	6425	5830	22289	11260	4254	4754	8964	17554	14165	10195	30086	27042	18398	19840	7926	17017	35023	28511	20256	30021	32961	18987	26354	21478	6081	15561	8754	6688	13827	19257	27189	10698	31420	20253	7571	20080	
10645	16670	20904	17062	2313	26188	30743	15428	13776	14142	14931	13900	11501	16319	4759	12371	19832	6818	0	4172	17858	3881	15244	25268	9707	7490	8901	16156	14169	16879	18750	7009	10228	11397	11957	13349	16570	19097	17229	23075	20975	12108	10905	20746	13099	10896	5972	8620	9624	2838	25679	6839	23194	2914	7657	23430	18603	13050	16864	28817	13641	14121	35019	12385	21923	15579	6705	7945	19032	5310	6369	10078	4776	15707	10094	6007	19696	24617	13450	15782	1377	13354	33176	20798	15328	28175	25248	15730	18642	19631	10400	8743	9264	12665	16249	17411	15255	3880	29573	15326	6101	18154	
14817	14734	18968	20950	6485	31277	34870	19600	17947	16432	20019	17788	11610	14383	4582	16543	17896	10990	4172	0	21489	7512	19100	28746	7410	5192	9856	15979	13949	21973	21046	5073	13859	11221	14768	16980	14634	22451	22324	21139	26070	11931	13201	18810	12879	8960	7342	6684	7688	6299	28888	8256	23832	2737	7480	28524	16667	11114	14928	26881	11705	13853	34603	12165	19987	13643	10336	11406	21327	3374	9830	13709	6626	17943	14967	5720	17760	22681	16261	15562	4167	11418	34914	18862	16287	27759	23312	18026	16706	24725	14031	8523	10113	16521	19880	22505	13319	3659	29157	16294	9732	17886	
9561	23488	22167	4752	16417	21123	26742	6215	4330	27474	8547	11078	15726	21547	22616	9178	24824	17614	17858	21489	0	16203	16025	17970	31433	29216	13603	34938	35076	7256	33988	21631	7841	27145	13295	8476	17018	15459	6854	24443	9336	29271	27132	23657	30494	22541	16883	20849	18671	20786	21477	22562	19556	20781	26506	19228	25403	17641	19828	30186	20984	28028	27252	30253	28723	19026	12503	24269	30895	24047	20765	13509	18432	12070	10575	19203	26496	21557	14808	38492	18975	23612	27154	24921	16666	24537	29371	30968	22765	14773	11430	26610	24988	14545	3743	12559	23599	21747	25935	16664	12302	32060	
7640	18687	20368	14110	3565	26235	30789	12423	12111	13418	14977	10947	12753	17327	8640	9366	20840	3813	3881	7512	16203	0	12239	26519	13589	11371	10153	16872	18050	15118	18026	8680	8559	11929	13209	10344	16932	20348	14389	24357	22227	12824	10182	27131	16980	12913	7224	10637	11641	2750	26930	6115	24445	6795	11538	24681	20620	15066	23302	30099	15657	12812	36270	16267	23940	17596	3700	6635	18308	8324	5059	7073	6027	16959	11345	7258	21713	26446	18282	19663	4989	14080	34427	22815	16580	29426	27265	15006	20658	20882	7395	12624	8540	9660	14580	18662	15981	7761	30824	16577	7352	16845	
7236	25181	23860	10199	14928	27126	31680	9025	11933	16056	15868	6535	17418	23240	21859	7770	26516	9267	15244	19100	16025	12239	0	26273	24721	22504	12578	27347	27486	17884	26398	24380	9112	19554	16043	7231	19766	20102	13379	27192	21981	21681	19542	26405	22904	25290	15858	23598	21419	13196	26684	14972	24199	17928	18915	24435	28152	20390	22576	32934	23732	20437	36024	30002	31471	21775	8237	11192	19121	17805	13175	5919	15509	16713	13324	16740	29244	26200	17556	30901	15870	26360	34181	27670	19414	29180	32120	23378	25513	20636	6465	23757	17397	3864	12986	18416	26347	18894	30578	19412	9831	24470	
20373	19337	11005	14961	23827	6170	8986	16697	13228	37743	9135	23586	19139	15178	30027	20758	12644	27115	25268	28746	17970	26519	26273	0	32186	29968	15177	41873	42011	8613	40923	22384	13729	34080	13017	21064	15097	5934	10931	8090	6682	36206	34067	17264	37430	20246	18457	21602	19423	27721	3773	29498	5967	24936	33441	3616	19010	17696	15350	14708	18688	34963	9548	34408	15749	17071	18369	31204	37831	21943	27700	20445	20629	10557	12150	20777	16878	6914	16274	45427	23130	21316	9450	15481	10170	3965	15160	37903	13423	3224	18619	30766	31923	21480	16888	5059	21087	25902	5364	12184	16457	38996	
20352	19107	24042	26486	12021	36351	39945	25135	27341	20731	25094	23323	16685	19458	8392	22079	22971	16526	9707	7410	31433	13589	24721	32186	0	2350	14930	12781	8118	27048	22237	10147	19936	13643	19842	23056	19709	27525	27398	26213	31144	9206	17514	22907	7048	14035	12417	13144	12762	12261	33962	12491	28907	8173	11303	33598	21071	16188	20003	31955	17977	16276	39677	6335	24391	18718	16412	17368	22518	8449	15792	19786	11700	23017	20042	10794	22164	27755	21335	9731	9702	14300	39988	23937	21362	32833	27965	19217	21780	29800	20107	3094	13936	22483	29977	27580	16202	6251	34232	21369	15808	20309	
18135	15603	21825	24268	9803	34134	37727	22918	25124	18510	22876	21106	14467	17240	6174	19861	20753	14308	7490	5192	29216	11371	22504	29968	2350	0	12713	14172	9509	24830	21419	7930	17718	12826	17625	20839	17491	25307	25181	23995	28927	10597	16696	19349	8439	11817	10199	9541	10545	10043	31744	10273	26689	5955	9085	31381	17513	13971	17785	29738	14562	15458	37460	7725	20833	16500	14195	15150	21701	6231	13575	17568	9482	20800	17824	8576	18606	25538	19117	11122	7485	10743	37770	21719	19144	30616	26169	18399	19562	27582	17889	4485	11718	20266	27760	25362	12645	4034	32014	19151	13591	19491	
8281	14390	10894	11244	7460	19343	23898	12980	9511	23555	8086	13664	3279	7854	14317	10836	11367	10319	8901	9856	13603	10153	12578	15177	14930	12713	0	25727	23078	10068	27348	7022	7372	20505	4082	10888	7805	12287	10419	15230	14165	21679	20492	14423	22008	8645	3280	8592	6413	11697	22979	15923	16384	12083	17228	16619	16170	5384	10595	20972	11750	21388	28694	21294	19490	7150	6239	15701	27630	6765	14125	7617	5452	8018	3283	5600	17263	16773	5575	24691	10276	13325	29005	13733	7453	21850	18183	24328	11576	12820	7939	17652	18348	9914	14217	10600	14366	12299	23249	7450	3233	25421	
25722	30606	42773	29112	18469	46039	50593	30140	30846	15707	34781	25949	27481	30255	12034	26721	33768	17085	16156	15979	34938	16872	27347	41873	12781	14172	25727	0	4668	37010	17218	21165	26850	8625	35170	26852	30726	39229	33331	37231	41107	6299	12495	45531	7523	25053	23435	22776	23780	15758	45811	11196	43326	14665	9220	43561	32760	27206	41703	42973	27797	11258	55150	7184	36079	29736	19748	17150	17500	19467	17283	23039	21349	35839	32450	21812	33852	38773	36683	4336	16568	27510	53308	34954	38541	48306	39404	14198	32798	39763	24366	9863	10310	24973	32112	37542	29411	14195	49705	38538	22674	15290	
25861	27956	32190	29250	16482	46177	50732	30278	30984	15846	34919	26087	24832	27605	11373	26859	31118	16424	14169	13949	35076	18050	27486	42011	8118	9509	23078	4668	0	31048	17352	18295	24397	8759	27990	26986	27856	33266	31398	34361	35144	5417	12629	32032	8410	22183	20564	19906	20910	16723	42110	10314	37054	12635	8338	37599	29619	24336	28150	40103	24927	11391	47825	2516	33209	26865	20874	17284	17634	16597	14237	23173	18945	31165	24263	18942	30982	35903	29483	5155	14164	22255	48136	32084	29509	40981	36534	14332	29928	33800	24500	5195	9285	25107	32246	31580	24157	11325	42379	29516	20270	15424	
9184	19710	13419	8210	15437	12778	17333	9947	6013	29354	2826	15197	11188	14724	21637	9570	16595	18725	16879	21973	7256	15118	17884	8613	27048	24830	10068	37010	31048	0	35886	17346	7444	29043	9350	12210	11469	8700	2507	13436	7608	31169	29030	17344	32392	16618	13420	16564	14386	22684	11856	24461	10259	19899	28404	9606	19091	13356	16257	19872	17413	29926	17631	29371	22411	13477	13331	26167	32793	16906	22663	15408	15592	5310	7113	15740	20184	12260	11237	40390	18093	20041	17532	17397	9885	11824	18849	32866	15240	5808	11033	25728	26886	16443	8975	3588	20028	20865	14442	6937	11420	33958	
24773	43144	41823	28162	20714	45089	49644	29190	29896	7455	33831	24999	35382	41203	15869	25771	44480	22007	18750	21046	33988	18026	26398	40923	22237	21419	27348	17218	17352	35886	0	25790	25902	9467	34221	25904	37944	38280	32383	45370	40159	14012	8731	44583	15235	29436	24333	27160	28164	16608	44862	12784	42378	19268	12896	42613	46330	38568	40754	51112	41910	5872	54202	19914	49649	39953	23314	13386	4358	23850	16335	22091	23137	34891	31502	24368	47422	44379	35734	20814	19282	44538	52360	45848	37592	47358	50298	3556	43691	38814	23418	19360	11293	24024	31164	36594	44526	17871	48756	37590	24908	4502	
13865	10007	14240	19272	5863	26549	30143	21009	17539	21222	15292	21692	6882	9656	9534	18864	13169	11617	7009	5073	21631	8680	24380	22384	10147	7930	7022	21165	18295	17346	25790	0	15760	16186	10040	21581	9906	17723	17596	16411	21342	16896	17985	14082	17225	4233	4509	1957	2960	9958	24160	12987	19105	7468	12445	23796	11940	6386	10200	22153	6977	18818	29875	16511	15260	8916	11504	14439	25061	4052	12863	13299	3892	13215	10240	2327	13033	17953	11533	19908	7978	5399	30186	14135	11560	23031	18585	21759	11978	19998	13620	12869	15078	21997	20175	17778	7301	7517	24429	11567	9319	22851	
2624	17464	16143	5482	8787	17895	22450	8037	3749	21801	6082	6425	9702	15523	14987	3881	18800	8565	10228	13859	7841	8559	9112	13729	19936	17718	7372	26850	24397	7444	25902	15760	0	18850	8409	5942	12132	9590	6029	19558	10685	20977	18838	18771	22200	17655	10383	15963	13785	10222	15588	14268	13687	13139	17882	13338	20517	12755	14942	25300	16098	19733	25512	22611	23837	14140	4861	14047	25239	13086	12471	5963	10790	6201	4634	12021	21610	15688	9922	26007	11333	18726	23669	20035	11780	18668	24486	22674	17879	9540	5111	18968	16693	6839	6219	7320	18713	14105	20066	11778	4660	23766	
17930	36301	34980	21319	14617	38246	42801	22347	23053	7915	26988	18156	28539	34360	7276	18928	37637	15164	11397	11221	27145	11929	19554	34080	13643	12826	20505	8625	8759	29043	9467	16186	18850	0	27353	19035	31075	31411	25514	38501	33290	5352	4678	37714	6576	20070	18412	17794	18797	9070	37993	5246	35509	9682	4237	35744	39461	22223	33886	44243	35041	3440	47333	11255	42781	24753	16445	9333	9683	14484	9466	15222	17216	28022	24633	16829	40554	37510	28865	12155	11585	22527	45491	38979	30724	40489	43429	6381	36822	31945	16549	10701	2157	17156	24295	29725	24429	9212	41887	30721	18039	7473	
10143	11071	8031	10936	10516	17183	23934	12672	9203	27513	7296	13356	3982	6911	19229	10528	8782	16885	11957	14768	13295	13209	16043	13017	19842	17625	4082	35170	27990	9350	34221	10040	8409	27353	0	13933	3723	8444	9140	11148	11327	29075	26936	9598	26670	9062	7277	9009	6831	20590	18897	22366	12541	16914	21891	15649	11345	5801	8234	16891	9390	27832	24613	25957	14665	5731	12774	24073	30699	12206	20569	13313	9449	3936	3709	9597	12438	12691	3214	29354	13327	12018	24923	9651	3371	17769	14101	30772	7494	12480	14323	22314	24792	14349	12528	7763	12006	16962	19167	3369	6283	31864	
4075	23285	21964	4222	11910	25230	29785	2632	6137	21803	10174	3224	15523	21344	21159	1574	24621	8567	13349	16980	8476	10344	7231	21064	23056	20839	10888	26852	26986	12210	25904	21581	5942	19035	13933	0	16328	16664	8717	23753	15085	20522	18383	22966	21745	21851	14265	20159	17981	12037	23246	13813	20761	16263	17757	20996	24713	16951	19138	29495	20293	19279	32585	28843	28033	18336	6644	13592	22772	16212	12016	4414	13916	13274	9885	15147	25806	22762	14118	29743	14712	22921	30743	24231	15976	25741	28681	22219	22074	17198	3442	22092	16239	4682	5479	14977	22909	17229	27140	15973	8238	23311	
13865	7529	4489	14659	14239	19601	20392	16395	12926	31236	9414	17079	4106	3370	19095	14251	5240	20608	16570	14634	17018	16932	19766	15097	19709	17491	7805	30726	27856	11469	37944	9906	12132	31075	3723	16328	0	9923	11705	7426	13006	26458	30478	5876	26786	7020	9840	9125	6946	24132	15175	25908	10119	17029	22007	17127	7622	3628	3962	13168	7300	31373	20890	26073	10942	3297	16316	27615	34241	12322	24111	16855	13799	5415	7251	12233	8715	8968	6756	29469	17539	9928	21201	5928	2894	14046	10378	34314	3771	13959	17865	22430	28333	17891	16069	13188	9699	17078	15444	3767	8847	35406	
14201	15305	6973	13100	17656	10099	14654	14837	11367	31572	7349	17415	11665	11145	23856	14587	8612	20944	19097	22451	15459	20348	20102	5934	27525	25307	12287	39229	33266	8700	38280	17723	9590	31411	8444	16664	9923	0	10792	7264	7484	33206	31067	13211	34429	15626	15457	18602	16423	24721	10197	26498	4088	21936	30441	7195	14958	12234	11298	13701	18257	31963	15912	31408	13267	11903	15368	28204	34830	18943	24700	17445	17629	4614	9150	17777	16051	6089	12081	42427	20130	20885	14070	11527	4227	9068	12678	34903	9370	4026	15619	27765	28923	18480	13888	3256	17035	22902	10466	6240	13457	35995	
7762	20061	16195	4790	15788	19470	25090	6526	2592	25674	3842	10692	11538	15075	21988	8147	16945	15046	17229	22324	6854	14389	13379	10931	27398	25181	10419	33331	31398	2507	32383	17596	6029	25514	9140	8717	11705	10792	0	18012	7396	28115	25975	22500	29338	16909	13711	16855	14677	19630	14174	21406	14835	20190	25349	11925	24247	13647	18671	24448	19827	26871	19949	29662	27566	13768	11346	23112	29739	17196	19608	12353	15883	7348	7403	16031	25339	16836	13651	37335	18384	22455	19851	17688	11408	19816	22138	29811	15531	8126	10273	26019	23831	13388	5555	5906	22442	21156	21214	8975	11711	30904	
21291	11730	3398	22085	21665	12595	13385	23821	20352	38662	14623	24505	11532	7570	25600	21676	5037	28033	23075	21139	24443	24357	27192	8090	26213	23995	15230	37231	34361	13436	45370	16411	19558	38501	11148	23753	7426	7264	18012	0	14686	33791	37967	9656	34120	12639	17174	16459	14280	31622	8232	33398	3177	24363	29340	11620	11403	10089	7743	7101	11081	38863	13947	33406	8141	9464	19187	35104	41731	19656	31600	24345	21133	11888	14740	19567	9271	2025	14246	36803	24873	13709	15134	7874	7146	7103	7552	41804	5816	11228	25354	29764	35823	25380	21162	10157	13480	24412	8501	11256	16180	42896	
16080	20535	14094	11157	19534	10848	15403	15160	8960	33451	7739	19293	15284	16375	25734	16465	15733	22822	20975	26070	9336	22227	21981	6682	31144	28927	14165	41107	35144	7608	40159	21342	10685	33290	11327	15085	13006	7484	7396	14686	0	34647	32508	18935	35870	20096	16898	20042	17864	26162	10162	27938	11349	23377	31881	7913	20682	16834	19734	20231	20890	33403	15938	32849	20528	15068	16809	29644	36271	20383	26141	18885	19070	7779	10590	19218	21775	13350	14714	43868	21571	23518	15839	18789	11861	10534	19939	36344	16632	3458	17059	29206	30363	19921	12324	6024	23506	24343	12749	9406	14898	37436	
20056	26558	30791	23445	14421	40372	44927	24473	25179	12459	29115	20283	23433	26207	7986	21054	29720	13037	12108	11931	29271	12824	21681	36206	9206	10597	21679	6299	5417	31169	14012	16896	20977	5352	29075	20522	26458	33206	28115	33791	34647	0	9242	33120	2158	23270	21652	20994	21998	11490	43197	6928	40073	10397	4951	40308	30707	25424	29238	41191	26015	8005	48913	8784	34297	27953	15479	13897	14247	17684	10850	19786	20033	32586	25351	20029	32070	36991	33430	8833	15252	23343	49223	33172	30597	42069	37622	10945	31015	36510	21113	6283	5899	21720	28859	34290	25245	12413	43467	30604	21358	12037	
17917	36288	34967	21306	12870	38233	42788	22334	23040	3883	26975	18143	28526	34347	11146	18915	37624	15151	10905	13201	27132	10182	19542	34067	17514	16696	20492	12495	12629	29030	8731	17985	18838	4678	26936	18383	30478	31067	25975	37967	32508	9242	0	37252	10452	21638	16535	19362	20365	8810	37532	4986	35047	11470	8114	35282	38999	31237	33424	43781	34579	4090	46871	15132	42319	32622	15983	5308	9060	16052	9004	14760	15339	27560	24171	16570	40092	37048	28404	16032	11484	37207	45029	38517	30262	40027	42967	5758	36360	31483	16087	14577	6153	16694	23833	29263	37195	11670	41426	30259	17577	8217	
20504	4540	6656	21298	20858	21768	22559	23034	19565	37875	15290	23718	9826	4469	23271	20890	4431	27246	20746	18810	23657	27131	26405	17264	22907	19349	14423	45531	32032	17344	44583	14082	18771	37714	9598	22966	5876	13211	22500	9656	18935	33120	37252	0	29837	8724	15509	12175	11072	31032	18202	32808	13147	20080	25057	18900	4628	7646	3829	12878	7024	38274	23918	29123	5568	6659	23216	34515	41141	15373	31011	23755	16849	11286	15702	15284	3341	11996	12627	32520	20590	8730	20911	2915	8764	17074	7365	41214	2910	15731	24765	25481	35233	24791	22969	14961	6705	20128	18472	9637	14516	42306	
21279	26886	31120	24668	15412	41595	46150	25697	26403	13682	30338	21506	23762	26535	9210	22278	30048	14260	13099	12879	30494	16980	22904	37430	7048	8439	22008	7523	8410	32392	15235	17225	22200	6576	26670	21745	26786	34429	29338	34120	35870	2158	10452	29837	0	21112	19494	18836	19840	15653	41039	8151	35984	11564	6174	36528	28549	23266	27080	39033	23857	9228	46755	6626	32139	25795	19804	15121	15470	15526	12073	21009	17875	30095	23193	17871	29912	34833	28413	10023	13094	21185	47065	31014	28439	39911	35464	12168	28857	32730	22336	4125	7122	22943	30082	30510	23087	10255	41309	28446	19200	13261	
19389	5774	9638	20182	10096	24750	25541	21919	18450	24868	14563	22602	6154	5693	13422	19774	8970	15850	10896	8960	22541	12913	25290	20246	14035	11817	8645	25053	22183	16618	29436	4233	17655	20070	9062	21851	7020	15626	16909	12639	20096	23270	21638	8724	21112	0	8742	3451	2239	13564	21166	16875	16111	11356	16333	23075	7707	3599	5968	19160	2744	37156	26881	20399	11027	5922	13909	18672	40024	6648	17096	22638	8125	11147	9519	6560	8800	14960	10812	23796	11865	4324	27192	11061	8626	20037	15511	40096	8904	19277	15608	16756	18966	23673	21852	17057	4807	11404	21436	9499	10902	41189	
11561	14515	14174	14524	4406	22623	27178	16260	12791	19765	11365	16944	6559	11133	11804	14116	14646	10161	5972	7342	16883	7224	15858	18457	12417	10199	3280	23435	20564	13420	24333	4509	10383	18412	7277	14265	9840	15457	13711	17174	16898	21652	16535	15509	19494	8742	0	6466	7469	8501	26259	12462	19663	8886	14715	19899	19449	8663	13874	24252	11486	19159	31974	18781	22769	10430	10047	12982	24655	4252	11407	10897	2172	11298	6563	3087	20542	20052	8854	22177	7080	9908	32285	17012	10732	25130	21462	21354	14856	16100	11218	15138	14887	13194	17496	13880	11810	9786	26528	10730	6512	23192	
17697	9225	13458	18490	7820	25767	29361	20227	16758	22592	14510	20910	6101	8874	11146	18082	12387	13574	8620	6684	20849	10637	23598	21602	13144	9541	8592	22776	19906	16564	27160	1957	15963	17794	9009	20159	9125	18602	16855	16459	20042	20994	19362	12175	18836	3451	6466	0	2178	11288	23378	14599	18323	9080	14057	23015	11836	5604	9419	21371	6195	20430	29093	18123	15155	8134	13482	16417	26672	4372	14842	20179	5870	12433	9458	4305	12928	17171	10751	21519	9589	5065	29404	13353	10778	22249	17803	23370	11196	19216	15547	14480	16690	21215	19393	16996	6967	9128	23648	10785	10841	24462	
15519	8013	11280	16312	8823	23589	27182	18048	14579	32889	12331	18732	3922	6695	12149	15904	10208	14578	9624	7688	18671	11641	21419	19423	12762	10545	6413	23780	20910	14386	28164	2960	13785	18797	6831	17981	6946	16423	14677	14280	17864	21998	20365	11072	19840	2239	7469	2178	0	12291	21200	15602	16144	10083	15060	20836	9939	3426	7681	19193	4976	32519	26915	19126	13259	5956	11669	17399	35387	5376	15823	18001	6852	10255	7279	5287	11032	14993	8573	22523	10593	6912	27226	11174	8599	20071	15624	35459	9018	17037	13369	15484	17693	19036	17215	14817	7039	10132	21469	8606	8663	36552	
9301	19338	28621	14960	4842	31887	36442	15988	16694	12040	20630	11798	14030	18987	7312	11028	22500	4869	2838	6299	20786	2750	13196	27721	12261	10043	11697	15758	16723	22684	16608	9958	10222	9070	20590	12037	24132	24721	19630	31622	26162	11490	8810	31032	15653	13564	8501	11288	12291	0	28207	4737	25723	5467	8680	25958	21271	15717	27688	31484	16308	12019	37547	14939	24591	18247	5362	5842	16930	7978	4267	9024	7304	18236	12622	8535	22364	27284	22668	18336	3410	16021	35705	23466	17857	30703	27916	13628	21309	22159	9056	11297	7162	10958	18097	19939	17923	6433	32101	17854	8629	16052	
20783	19479	11147	18468	24238	4760	5551	20204	16735	38154	12642	23997	19281	15319	33349	21169	12786	27526	25679	28888	21477	26930	26684	3773	33962	31744	22979	45811	42110	11856	44862	24160	15588	37993	18897	23246	15175	10197	14174	8232	10162	43197	37532	18202	41039	21166	26259	23378	21200	28207	0	33005	6527	28444	36948	10094	19570	18256	15910	11206	19248	38470	6912	41573	16308	17631	21876	34711	41338	27823	31208	23952	24136	14064	15657	24285	17437	7474	19781	48934	26637	21876	6814	16041	13678	4340	15719	41411	13982	6731	22126	37931	35430	24987	20395	8566	21646	32579	3723	15691	19965	42503	
13347	31719	30398	16736	8803	33664	38218	17765	18471	8216	22406	13574	23956	29778	7197	14346	33054	6329	6839	8256	22562	6115	14972	29498	12491	10273	15923	11196	10314	24461	12784	12987	14268	5246	22366	13813	25908	26498	21406	33398	27938	6928	4986	32808	8151	16875	12462	14599	15602	4737	33005	0	30659	6484	4167	30894	34611	18988	29035	39393	30191	8325	42483	12835	37931	21517	8775	5721	13294	11249	4146	10372	11314	23172	19783	12545	35704	32660	24015	13734	7460	19292	40641	34129	25874	35639	38579	9993	31972	27095	11699	12280	3526	12306	19445	24875	21193	6685	37037	25871	12639	12452	
18299	14424	6092	17198	21753	10472	11263	18934	15465	35669	11447	21512	14225	10264	27953	18684	7731	25041	23194	23832	19556	24445	24199	5967	28907	26689	16384	43326	37054	10259	42378	19105	13687	35509	12541	20761	10119	4088	14835	3177	11349	40073	35047	13147	35984	16111	19663	18323	16144	25723	6527	30659	0	26033	34538	9498	14097	12783	10437	9795	13775	36060	11824	35505	10835	12158	19466	32301	38928	23040	28797	21542	21726	8711	13247	21874	11964	2001	16178	46524	24227	16403	9982	10568	8324	4980	10246	39000	8509	7751	19716	31863	33020	22577	17985	6980	16173	27105	6379	10338	17554	40093	
13559	17130	21363	19692	5227	29102	33657	18342	16689	14700	17844	16530	14005	16779	2851	15285	20292	9732	2914	2737	20781	6795	17928	24936	8173	5955	12083	14665	12635	19899	19268	7468	13139	9682	16914	16263	17029	21936	20190	24363	23377	10397	11470	20080	11564	11356	8886	9080	10083	5467	28444	6484	26033	0	5748	26343	19063	13509	17323	29276	14100	12121	36998	10951	22383	16039	9619	10574	19596	5770	8999	12992	7689	18621	13007	8115	20156	25076	18656	14348	2909	13813	37309	21258	18682	30154	25708	16294	19101	22545	13313	7309	8382	15690	19163	20324	15715	2445	31552	18690	9015	16154	
17290	22107	26340	20680	9970	37607	42161	21708	22414	11344	26349	17517	18982	21756	3535	18289	25269	10272	7657	7480	26506	11538	18915	33441	11303	9085	17228	9220	8338	28404	12896	12445	17882	4237	21891	17757	22007	30441	25349	29340	31881	4951	8114	25057	6174	16333	14715	14057	15060	8680	36948	4167	34538	5748	0	31283	24040	18486	22301	34253	19077	6873	41975	10854	27360	21016	12714	9660	13115	10747	8084	14311	12630	25315	17948	13092	25133	30053	23633	11754	7849	18790	42286	26235	23660	35131	30685	9814	24078	27485	15637	10299	3133	16244	23384	25265	20692	5475	36530	23667	13955	10906	
18534	22137	13805	16219	21988	6322	12150	17955	14486	35905	10393	21748	17738	17977	28188	18919	15444	25276	23430	28524	19228	24681	24435	3616	33598	31381	16619	43561	37599	9606	42613	23796	13338	35744	15649	20996	17127	7195	11925	11620	7913	40308	35282	18900	36528	23075	19899	23015	20836	25958	10094	30894	9498	26343	31283	0	21795	19444	18135	17192	23716	36229	12899	35674	19279	19112	19635	32470	39097	23209	28967	21711	21896	11823	13416	22044	20408	10445	17540	46693	24396	26344	12800	19011	11437	7496	18690	39170	16208	4491	19885	32032	33189	22747	18154	6325	23872	27169	9710	13450	17724	40262	
22251	3103	8403	23044	17803	23515	24305	24781	21311	39622	17036	25464	11572	6215	21129	22636	7735	28993	18603	16667	25403	20620	28152	19010	21071	17513	16170	32760	29619	19091	46330	11940	20517	39461	11345	24713	7622	14958	24247	11403	20682	30707	38999	4628	28549	7707	19449	11836	9939	21271	19570	34611	14097	19063	24040	21795	0	9393	5575	13344	5188	40020	24383	28107	4257	8405	24963	36261	42888	14357	32758	25502	15833	13032	17448	14268	1633	12461	14373	31504	19574	6895	21376	6526	10511	17539	7831	42961	6521	19056	26512	24465	36980	26538	24716	18286	4869	19113	18938	11384	16263	44053	
14489	6627	7089	15282	12249	22201	22991	17019	13549	31860	11302	17702	2893	3270	15575	14874	6783	21231	13050	11114	17641	15066	20390	17696	16188	13971	5384	27206	24336	13356	38568	6386	12755	22223	5801	16951	3628	12234	13647	10089	16834	25424	31237	7646	23266	3599	8663	5604	3426	15717	18256	18988	12783	13509	18486	19444	9393	0	4255	15767	4343	31489	23489	22552	12762	2530	10640	27730	34357	8802	24227	16971	10278	7755	6250	8713	10535	11567	7543	25949	14019	7335	23800	7749	5233	16645	12199	34430	5592	16298	12339	18910	21119	18007	16185	13788	6958	13557	18043	6106	7633	35522	
16676	5487	4743	17469	17029	19855	20645	19205	15736	34046	14202	19889	7147	798	19389	17061	4075	23418	16864	14928	19828	23302	22576	15350	20003	17785	10595	41703	28150	16257	40754	10200	14942	33886	8234	19138	3962	11298	18671	7743	19734	29238	33424	3829	27080	5968	13874	9419	7681	27688	15910	29035	10437	17323	22301	18135	5575	4255	0	15057	3338	34445	21622	25295	8895	3133	19387	30686	37313	11544	27182	19927	13021	9372	11873	11455	6668	9700	10682	28691	16761	5966	23089	5093	6851	14778	9544	37385	2937	15396	20936	21652	31405	20962	19141	14626	5953	16300	16176	7724	12933	38478	
27033	15510	9140	27827	27407	15150	15941	29563	26094	44404	21060	30247	17274	13313	31342	27419	10779	33775	28817	26881	30186	30099	32934	14708	31955	29738	20972	42973	40103	19872	51112	22153	25300	44243	16891	29495	13168	13701	24448	7101	20231	41191	43781	12878	39033	19160	24252	21371	19193	31484	11206	39393	9795	29276	34253	17192	13344	15767	15057	0	16786	44568	16503	39112	10568	15169	24892	40809	47436	25361	37306	30050	26838	18527	20445	25272	11697	8664	19951	42508	30578	19302	8033	10301	12851	11279	7690	47509	12322	17867	31059	35469	41528	31085	29264	16796	17276	30117	8621	16961	21886	48601	
17831	2965	8081	18625	12840	23193	23983	20361	16892	35202	15358	21045	7235	4136	16166	18217	7413	24573	13641	11705	20984	15657	23732	18688	17977	14562	11750	27797	24927	17413	41910	6977	16098	35041	9390	20293	7300	18257	19827	11081	20890	26015	34579	7024	23857	2744	11486	6195	4976	16308	19248	30191	13775	14100	19077	23716	5188	4343	3338	16786	0	34693	27678	23145	8508	6459	19636	30934	37561	9394	27431	20175	10871	13374	12121	9305	6281	15756	10931	26541	14611	3816	25628	8922	12906	20834	12082	37634	8917	19972	21185	19502	21712	21211	19389	17752	3804	14150	22232	12807	13181	38726	
18812	37184	35863	22202	15500	39129	43683	23230	23936	6743	27871	19039	29421	35243	9908	19811	38519	16047	14121	13853	28028	12812	20437	34963	16276	15458	21388	11258	11391	29926	5872	18818	19733	3440	27832	19279	31373	31963	26871	38863	33403	8005	4090	38274	9228	37156	19159	20430	32519	12019	38470	8325	36060	12121	6873	36229	40020	31489	34445	44568	34693	0	48242	13954	43689	33992	17354	8873	6154	17183	10374	16130	18124	28930	25541	19355	41462	38418	29774	14854	14856	38578	46399	39887	31632	41397	44337	2852	37731	32854	17457	13400	5333	18064	25203	30634	38565	11911	42796	31630	18948	5048	
30123	25194	16862	24243	33577	10599	11390	25980	22510	47494	18417	33337	24996	21035	39064	30509	18501	36865	35019	34603	27252	36270	36024	9548	39677	37460	28694	55150	47825	17631	54202	29875	25512	47333	24613	32585	20890	15912	19949	13947	15938	48913	46871	23918	46755	26881	31974	29093	26915	37547	6912	42483	11824	36998	41975	12899	24383	23489	21622	16503	27678	48242	0	46871	21606	22928	27651	40486	47113	33120	36983	29727	29912	19839	21432	33031	22735	12771	27710	50267	32412	27173	12111	21338	19453	9637	21017	47186	19280	12507	27901	43228	41205	30763	26170	14341	26944	37876	9021	21466	25740	48278	
23030	26173	30406	31766	14699	38574	46309	32794	26161	18362	27316	28604	23049	25822	11070	24757	29335	19204	12385	12165	30253	16267	30002	34408	6335	7725	21294	7184	2516	29371	19914	16511	22611	11255	25957	28843	26073	31408	29662	33406	32849	8784	15132	29123	6626	20399	18781	18123	19126	14939	41573	12835	35505	10951	10854	35674	28107	22552	25295	39112	23145	13954	46871	0	31426	25082	19091	19800	20150	14813	16753	22464	17161	29381	22479	17158	29199	34119	27699	4129	12380	20472	46352	30301	27726	39197	34751	16848	28144	32016	22785	3412	11801	27623	28635	29796	22373	9541	40596	27733	18486	17940	
25571	6423	7952	26364	21122	20253	21044	28100	24631	42941	20356	28784	14892	9535	24449	25956	6804	32313	21923	19987	28723	23940	31471	15749	24391	20833	19490	36079	33209	22411	49649	15260	23837	42781	14665	28033	10942	13267	27566	8141	20528	34297	42319	5568	32139	11027	22769	15155	13259	24591	16308	37931	10835	22383	27360	19279	4257	12762	8895	10568	8508	43689	21606	31426	0	9683	28282	39581	46208	17677	36077	28822	19153	14310	20768	17588	2610	9686	15652	34824	22894	10215	18601	3261	11789	14763	5055	46281	5283	18889	29831	27785	40300	29857	28036	17817	8189	22432	16162	12662	17541	47373	
15874	8317	6464	16667	14779	21575	22366	18404	14934	33245	11422	19087	4659	2282	18105	16259	5795	22616	15579	13643	19026	17596	21775	17071	18718	16500	7150	29736	26865	13477	39953	8916	14140	24753	5731	18336	3297	11903	13768	9464	15068	27953	32622	6659	25795	5922	10430	8134	5956	18247	17631	21517	12158	16039	21016	19112	8405	2530	3133	15169	6459	33992	22928	25082	9683	0	12406	29497	36124	11331	25994	18738	12808	7423	8017	11243	9548	10674	8765	28479	16548	9659	22906	6761	4902	15752	11211	36197	4605	15967	14106	21439	23649	19773	17952	15197	9086	16087	17150	5775	9400	37289	
