//--------------------------------------------------------------------------------------------------------------------
//-- données sur la Cote_d_or récupérées par le géocodeur (matrice symétrique)
//-- 
//-- C. Duhamel, P. Lacomme C. Prodhon - juillet 2009 : 2500 kg à collecter, flotte de capa 5500
//--------------------------------------------------------------------------------------------------------------------
125 3 999999 0 0 0
10 50 50 1.2
10 250 130 4.2
10 250 190 2.4
0   // la ville qui represente le depot
0	32339	56414	19737	15980	60428	3452	39625	42282	51399	18390	4668	25265	29199	24428	28913	55213	50282	37647	23775	9124	26272	81359	19497	15504	13303	38403	39890	28752	13990	43522	65296	23637	15501	5215	6518	47543	93976	53390	20219	19298	25339	19095	36121	3408	16822	25618	24709	30246	3592	20878	34483	24578	91386	56321	68194	46705	86787	46522	48155	79739	32331	37296	28602	16939	51460	22554	23799	21082	21785	11640	6793	60354	30998	53534	74801	28715	15118	26818	73565	8094	36850	19803	18362	8917	55923	36597	45133	54219	78559	12897	24402	96094	22796	58440	5289	11261	48677	10767	76718	48894	83967	56718	24029	71813	75787	24822	9475	55364	32397	82658	13961	67767	31901	7322	29101	26747	22054	43274	27562	10410	13327	63005	55498	36898	48472	
32339	0	82623	23881	32025	76346	34182	24964	27621	42204	37887	34046	28376	44401	23306	54859	46018	57928	5870	10088	35022	25456	139061	21431	18699	42681	15978	28925	9333	26486	28709	56101	22822	27985	29646	22596	13550	125281	11957	12673	15427	24524	35013	66753	33479	46200	11686	20513	17188	36897	51215	5156	17044	122690	27297	70234	31304	111217	31861	20046	95657	18398	12357	3738	19834	14975	14779	41947	56502	20969	41018	38176	51159	34637	44340	134620	20427	17577	9062	64370	37472	24041	13050	17547	31452	46728	34726	61051	24943	109864	21448	20949	127399	9504	35954	31187	28194	12192	33827	133184	12409	108398	47523	39947	62619	91705	12122	39812	46169	57157	113963	19919	21509	47819	25649	5277	6165	51171	12757	10185	29258	30169	84134	35107	22237	64390	
56414	82623	0	73974	72866	57896	58548	99076	101733	80809	76381	60041	79502	73036	78665	30640	89319	62008	92458	78586	63310	69363	47794	66278	73243	66420	97854	87099	79786	58276	88171	99402	66584	69737	52380	59567	121364	29224	117043	79671	70332	67664	50782	79959	58122	62866	85070	70936	78279	55593	56829	111020	84029	36372	105742	65662	86121	42560	93059	107606	55307	91782	96747	83413	71451	118033	82005	47752	63781	63053	62706	56536	94460	85213	87640	20803	73549	74570	77852	82230	62072	76962	74614	67554	59120	90029	90813	38711	112710	28651	66587	78639	41080	81287	87136	63028	63960	117694	69446	22720	119410	48526	90824	47096	105919	45261	75856	59917	84773	68515	16034	73412	108251	35605	56743	88552	81557	62672	102725	87014	67295	54710	4229	85737	96350	18145	
19737	23881	73974	0	5645	74337	21272	26250	38956	57206	11508	15193	8232	21562	6353	46994	61020	78867	27462	18142	15384	29872	119031	23097	9352	15193	18947	45697	32352	30901	49329	71103	27237	6001	23296	15623	44218	140283	50065	12374	22898	28939	33004	31263	17601	19177	13291	28309	47047	23987	41546	26686	7227	137692	62128	85236	52512	104868	20769	44829	93647	15268	16558	20995	20539	48134	8909	39938	36471	25385	17950	25266	66161	13964	59341	92882	32315	18718	30418	79372	24562	42657	23403	21962	26998	61730	18522	59042	68900	124866	10367	5579	142400	14293	64247	12589	10753	45351	11744	148186	45568	125290	62525	37938	77620	89695	20428	26902	61171	37127	128965	12676	64441	45809	19300	20065	18081	31141	27246	15475	8317	28130	81086	61305	33573	62380	
15980	32025	72866	5645	0	72887	15668	37355	40012	58262	5863	13857	7990	15040	9787	45544	62075	79923	36887	28431	10142	30927	88194	24153	13863	9376	36132	46752	33407	31957	50385	72159	28293	8100	21846	14173	45273	106435	51120	20607	23954	29995	31554	24741	16152	13532	17803	29365	48102	19789	23475	34709	11739	103844	63184	86291	53568	103418	24203	45884	92198	20228	35025	28827	21594	49190	13421	38488	17792	26440	12305	26322	67216	13082	60397	91432	33371	19774	31473	80427	12937	43713	24459	23018	25548	62785	21956	57592	69956	91018	11422	10090	108553	23184	65302	11254	9737	46407	7931	93349	46624	94453	63580	36488	78676	88245	29478	16120	62226	28149	95117	16114	65496	44360	17850	29489	26972	17805	41003	19987	6982	26681	79636	62360	34628	60930	
60428	76346	57896	74337	72887	0	64927	115700	118357	34725	78364	64790	112068	89322	111231	42328	37997	16984	91724	70772	68404	61549	106484	58464	70791	73426	114477	45361	81311	50462	46433	38310	58770	69373	55158	58127	96820	66900	92499	71857	62518	59850	42967	96244	57757	76944	77256	63121	76472	59320	80669	86476	76215	40923	57430	9861	44383	98313	122597	103143	21835	83968	113371	75598	63637	93489	74191	40933	81205	55239	71763	69781	42015	117800	39671	76239	65735	66755	83932	26429	68217	48471	66800	59740	51306	32288	123400	17923	59585	51483	66376	111205	49489	73473	44234	64569	63595	93150	70048	74803	94866	107216	42512	39282	37063	28082	68042	69266	32777	133185	55582	65598	83707	30555	55235	80738	73743	82177	98956	79200	66930	46895	67132	41292	112973	39347	
3452	34182	58548	21272	15668	64927	0	40278	42935	52052	20587	1991	25918	26522	25082	31045	55866	54998	38300	24429	7516	26925	84764	20150	16157	10626	39056	40543	29405	18374	44175	65949	24291	16154	8543	8292	48197	98692	54044	20873	19951	25993	23811	33444	6126	14145	26271	25362	30899	6920	18316	35137	25231	96102	56974	80082	47358	88919	47175	48808	84455	32984	37949	29255	17592	52113	23207	30745	18405	22438	8963	5550	61007	31651	54188	76933	29368	15771	27471	74218	5417	37503	20456	19016	12245	56576	37250	49849	54872	83275	13550	25055	100810	23449	59093	4626	11914	49330	10104	78850	49547	86100	57371	28745	72467	80503	25475	6913	56017	29720	87374	14614	68420	36617	10107	29754	27400	19377	43927	28216	9746	18938	65137	56151	37552	51832	
39625	24964	99076	26250	37355	115700	40278	0	8819	65434	34543	40902	22892	34349	20321	70081	69248	87095	19745	33908	41879	44217	145126	37443	27127	49538	7853	53925	29739	45247	57557	79331	41583	34050	43752	35423	18323	148511	24170	27482	37244	43285	50235	44050	40336	53056	14556	42655	55275	43754	67641	26662	17813	145920	50496	93464	60740	125324	7527	14847	132562	9106	11386	22655	34885	22240	29817	57169	62566	39730	47875	45033	74389	24342	67570	157850	46661	28080	29468	87600	44329	50885	37749	36308	41437	69958	10392	101310	47215	133094	29876	17687	150629	30059	72475	38044	35051	19457	39892	156414	19673	151385	70753	55169	85849	131964	36194	46669	69399	63222	137193	32720	42755	63041	39756	17407	24469	57236	14053	17136	35323	45362	99356	69533	2854	79612	
42282	27621	101733	38956	40012	118357	42935	8819	0	68050	46568	43518	29411	42803	26840	72697	71864	89711	22361	36524	44495	46834	147742	40059	29743	52154	15109	56541	32356	47863	60173	81947	44199	36666	46368	38039	18489	151127	25298	30099	39860	45901	52852	52505	42952	55673	17173	45271	57891	46370	70257	29278	22926	148536	52654	96080	63356	127940	14046	12686	135179	15896	14002	25271	37501	21515	32433	59786	65183	42346	50491	47649	77005	32797	70186	160466	49277	30696	32085	90216	46945	53502	40365	38924	44053	72574	19449	103927	49373	135710	32492	24477	153245	32675	75091	40660	37667	20584	42508	159030	20801	154001	73369	57786	88465	134580	38811	49285	72015	65838	139809	35337	44913	65657	42372	20023	27085	59852	16669	19752	37939	47978	101972	72149	7677	82228	
51399	42204	80809	57206	58262	34725	52052	65434	68050	0	63270	51282	61422	88136	60585	66489	5787	20034	41078	42067	52258	33373	128900	39619	48572	59917	63831	11022	30665	44248	12093	13617	40585	53368	54132	45802	46174	89316	41853	49638	36762	42287	67128	92135	50716	63436	55037	30769	25825	54133	68452	35830	53996	86726	21073	27749	10044	120730	71950	52497	55807	68377	62725	46894	37071	42843	51972	65094	81884	38732	58255	55413	8674	67154	6274	98655	28178	44537	33286	21885	54709	21436	39127	35310	49640	4243	72754	42116	23228	73899	45105	60559	91434	44768	7877	48423	45430	42504	59210	97219	44220	129632	8315	38987	20134	72769	42286	57048	8150	82539	77998	43380	33061	54716	50135	45061	45039	76554	48310	56981	54640	71056	89548	4935	62327	63508	
18390	37887	76381	11508	5863	78364	20587	34543	46568	63270	0	15882	10631	10277	15650	48922	67938	85785	42750	34294	11230	36790	83431	30015	19726	10463	41995	52615	39270	37819	56247	78021	34156	13963	27709	20036	51136	112298	56983	26470	29816	35858	37417	19979	22014	10590	23666	35227	53965	21815	18712	40571	17601	109707	69046	92154	59430	102594	30066	51747	98060	26091	40888	34690	27457	55053	19283	44351	17029	32303	13392	23427	73079	11114	66260	91764	39233	25636	37336	86290	14024	49575	30321	28881	31411	68648	24150	63454	75818	96881	17285	15953	114415	29047	71165	13492	15600	52270	8101	93681	52486	89690	69443	42351	84539	94108	35340	17208	68089	23386	100979	21977	71359	50222	23713	35352	32835	13042	46866	25850	12844	32543	79969	68223	40491	66793	
4668	34046	60041	15193	13857	64790	1991	40902	43518	51282	15882	0	19672	26385	18836	32539	55729	54862	38164	24292	6650	26788	86258	20014	16020	10489	38919	40406	29269	18237	44039	65813	24154	12075	9749	8156	48060	98556	53907	20736	19815	25856	23675	33308	6976	14008	26135	25226	30762	8126	19810	35000	25094	95965	56838	79945	47222	90413	33251	48671	84318	32847	37812	29118	17455	51977	23070	30609	18269	22301	8827	7044	60870	25405	54051	78427	29232	15635	27334	74081	5281	37367	20320	18879	13451	56439	31005	49713	54736	83139	13413	18809	100674	23313	58957	2815	9788	49194	8293	80344	49411	87593	57235	28609	72330	80366	25339	8407	55880	29584	87238	14477	68283	36481	9971	29618	27263	19240	43790	28079	7935	18802	66631	56014	37415	53051	
25265	28376	79502	8232	7990	112068	25918	22892	29411	61422	10631	19672	0	16887	4138	52020	66046	83894	31226	32402	17775	34898	124057	28124	17040	17585	20638	50723	37378	35928	54356	76130	32264	12071	28322	20649	34474	145309	40321	24578	27925	33966	38030	26588	22628	26659	16660	33336	52073	29014	30907	30450	12812	142719	67155	90262	57539	109894	17328	35386	98674	14579	20161	24758	25565	38390	14885	44964	29224	30411	20341	30293	71187	7123	64368	97908	37342	23745	35444	84398	21363	47684	28430	26989	32024	66756	15081	64068	73927	129892	15393	8598	147427	20269	69273	17457	15779	35607	14135	153212	35824	130316	67551	42964	82647	94722	33449	31928	66197	42153	133991	20085	69467	50836	24326	23828	24056	25238	28279	19239	13185	33157	86113	66331	25033	67406	
29199	44401	73036	21562	15040	89322	26522	34349	42803	88136	10277	26385	16887	0	21854	54858	77115	94963	47397	48848	20407	51344	82045	44570	32626	20812	35971	61792	53824	42793	65425	87199	48710	23140	34305	32711	52723	123111	57883	35647	44370	50412	48231	11458	31531	13077	32830	49781	55318	32681	17326	46620	30502	120521	78224	101331	68608	103469	28862	46920	108874	30277	36332	40929	42011	55953	32184	55164	15643	46857	19806	29363	82256	10920	75437	91794	53788	40190	51890	95467	22948	58753	44876	43435	38007	77825	23955	74268	84996	107695	26462	26315	125229	38224	80342	22670	24777	53170	17278	93712	53387	88304	78620	53165	93716	104922	49894	24105	77266	22000	111793	39033	80536	61036	34526	39999	42012	11657	44449	35410	22022	43357	79999	77400	36567	77607	
24428	23306	78665	6353	9787	111231	25082	20321	26840	60585	15650	18836	4138	21854	0	51154	65181	83028	26186	20020	19545	34032	123192	27258	14280	19354	17763	49857	26803	35062	53490	75264	31398	11205	27457	19783	31598	144443	34289	14253	27059	33100	37164	31458	21762	23337	12016	32470	51207	28148	45706	25410	8715	141853	66289	89396	56673	109028	14836	32894	97808	11703	17286	19719	24699	35515	10788	44098	40632	29545	22110	29427	70321	11992	63502	97042	36476	22879	26532	83532	28723	46818	27564	26123	31158	65890	12589	63202	73061	129026	14528	4501	146561	16172	68408	16750	14913	32732	15904	152346	32949	129450	66686	42098	81781	93856	22307	31063	65331	41287	133125	19220	68601	49970	23460	18789	19959	35302	25403	14199	12478	32291	85247	65465	22541	66541	
28913	54859	30640	46994	45544	42328	31045	70081	72697	66489	48922	32539	52020	54858	51154	0	71547	36576	62830	48958	35808	33549	69648	36649	48977	38918	68226	69328	50158	28648	70400	81631	36956	42235	24878	32064	77367	73672	99271	50042	40704	38035	21153	61736	30620	42437	55441	41307	48651	28090	44138	59666	54401	56660	87970	47890	68350	75075	76345	77978	59435	62154	67119	53784	41823	100262	52377	8665	46963	33425	35204	29034	76688	57711	69869	51596	43920	44941	48224	64458	34570	40075	44986	37926	21623	72257	63332	24829	94939	44541	39084	51137	61368	51658	69364	35526	36457	99922	41943	53513	78717	72256	73052	13110	88148	55483	46228	32414	67002	58012	48149	43784	90479	10279	33421	58924	51929	47669	73097	57386	39792	25081	35256	67965	66722	25837	
55213	46018	89319	61020	62075	37997	55866	69248	71864	5787	67938	55729	66046	77115	65181	71547	0	24343	45302	46292	56483	37597	136562	43843	52797	64142	68056	16650	34890	48473	17722	11867	44809	57592	58356	50027	50399	96979	46077	53863	40986	46511	74791	96360	54940	67661	59262	34993	30050	58358	72676	40054	58221	94388	24819	28304	15672	128392	76175	56722	57708	72602	66949	51118	41295	47068	56197	72756	86108	42956	62479	59637	7869	71379	3179	106318	32403	48761	37511	21733	58933	25661	43351	39534	53864	5943	76978	49778	26973	81562	49330	64783	99096	48993	11623	52648	49655	46729	63434	104882	48445	137295	6649	71105	19329	63955	46510	61273	13778	86764	85660	47604	37286	62378	54360	49286	49263	80778	52534	61206	58865	52156	97211	8680	66552	71171	
50282	57928	62008	78867	79923	16984	54998	87095	89711	20034	85785	54862	83894	94963	83028	36576	24343	0	60568	61557	71748	38268	111248	59108	68062	79407	83321	30512	50155	40493	31583	31761	48801	72858	45189	48159	65664	71665	61343	69128	56251	42039	32999	111625	47789	82926	74527	44221	40793	49351	87941	55320	73486	57149	40563	12916	29533	103078	91440	71987	38061	87867	82214	66384	56561	62333	71462	30978	101374	45271	77744	74902	22988	86644	25996	81004	38293	64027	52776	20323	74198	32738	58617	54799	41337	18951	92244	22688	42718	56248	64595	80049	65715	64258	27367	67913	64920	61994	78699	79568	63710	111981	27805	26234	30513	44309	61775	76538	17927	102029	60347	62869	52551	31372	45266	64551	64528	96044	67800	76471	74130	36927	71897	24425	81817	44112	
37647	5870	92458	27462	36887	91724	38300	19745	22361	41078	42750	38164	31226	47397	26186	62830	45302	60568	0	15397	40331	30765	154378	26740	23092	47990	16373	28543	16428	31795	28326	55718	28131	28207	34954	27904	8037	124898	7762	17066	20736	29833	40322	82070	38788	51508	14613	25822	23227	42206	76893	10465	19971	122307	26914	69851	30921	116526	26575	14360	108950	19795	14142	9047	25143	9289	19172	47256	71819	26278	46327	43485	50776	37564	43957	134237	28857	21971	14371	63987	42781	25503	18359	22856	36761	46345	29440	77698	24560	109481	25841	23876	127016	14812	35571	36496	33503	6506	49144	132801	6723	113707	47140	45256	62236	108351	17431	45121	45786	72474	113580	25228	20746	53128	30958	7436	11474	66488	7471	13112	44575	35477	125130	34724	16951	69698	
23775	10088	78586	18142	28431	70772	24429	33908	36524	42067	34294	24292	32402	48848	20020	48958	46292	61557	15397	0	26457	16892	108825	12867	13166	34116	19416	31494	9591	17921	35126	56900	14258	23869	21081	14031	23075	101330	21482	7140	6862	15960	26449	61220	24915	37635	12311	14282	15356	28332	42651	12231	11270	98739	30838	71033	38309	102652	28962	29571	87092	19023	15799	6350	11270	24500	9246	33383	41896	12405	32454	29612	51958	39366	45138	110669	19335	12512	7656	65168	28907	28454	4485	8983	22888	47527	31698	52487	28484	85913	15818	17628	103447	3971	50044	22622	19629	21717	28100	109233	21934	99833	48322	31383	63417	83140	4701	31247	46967	51624	90012	11354	32518	39255	17085	12459	4494	45639	22282	9037	24307	21604	75569	47102	31181	55825	
9124	35022	63310	15384	10142	68404	7516	41879	44495	52258	11230	6650	17775	20407	19545	35808	56483	71748	40331	26457	0	28395	87410	21620	17627	4329	40526	42013	30875	21944	45645	67419	25760	14066	14206	11152	49666	102263	55513	22342	21421	27462	27382	29447	11979	12241	27741	26832	32369	12582	18890	36606	26701	99672	58444	81552	48828	93664	33977	50278	88025	30002	39419	30725	19062	53583	24677	34316	16501	23908	7715	10295	62477	18822	55657	81678	30838	17241	28941	75688	4303	38973	21926	20485	17908	58046	31730	53420	56342	86846	15020	18955	104380	24919	60563	4260	11779	50800	3641	83595	51017	93669	58841	32316	73936	84073	26945	7487	57487	27816	90945	16084	69890	40188	13678	31224	28870	17473	45397	29685	9927	22509	69882	57621	39021	56758	
26272	25456	69363	29872	30927	61549	26925	44217	46834	33373	36790	26788	34898	51344	34032	33549	37597	38268	30765	16892	28395	0	96836	9462	23493	34838	42742	18448	16999	11817	22081	48865	4995	24591	20692	15448	51883	95225	32494	24559	11667	3243	20008	66244	16988	38357	29957	4489	11833	21648	43372	21750	28917	92635	38120	49714	25264	102264	50861	52494	80988	36670	41635	21424	11991	40794	26893	25127	42617	6301	33175	30333	43922	40088	37103	104565	6442	19457	15065	57133	29629	14321	14032	8889	19910	39491	45687	46382	36018	79809	20026	33492	97343	19673	30153	23344	20351	38011	28822	103129	38217	99444	40287	22457	55382	77036	13973	31969	34188	56648	83907	18300	40052	33150	16696	27641	19944	50662	47613	31902	25028	15500	69465	30027	41238	49721	
81359	139061	47794	119031	88194	106484	84764	145126	147742	128900	83431	86258	124057	82045	123192	69648	136562	111248	154378	108825	87410	96836	0	88576	99462	83427	142670	134571	112710	86081	135642	146873	94264	116344	77306	84492	151811	56226	157658	104178	103256	95966	88850	89554	83048	74945	109577	96729	104072	80519	68779	118442	108536	71762	153213	114718	133592	20955	107605	152422	90696	116289	141563	112560	92470	155728	106512	75823	70725	91607	79612	79217	141931	89662	135111	33922	99342	99076	110776	131286	83916	120808	103762	102321	81008	137500	102698	90892	160182	64040	96855	123535	76470	106755	134607	89247	88885	152945	86453	40215	153162	5790	138295	80268	153390	80651	108780	81426	132244	69683	53805	97919	155722	77976	81669	113059	110705	71074	147541	111521	117616	85418	46850	133208	141166	63302	
19497	21431	66278	23097	24153	58464	20150	37443	40059	39619	30015	20014	28124	44570	27258	36649	43843	59108	26740	12867	21620	9462	88576	0	17044	28389	36293	23368	19162	9224	27000	54185	5635	18142	12738	7494	45434	93194	32637	18110	8187	6714	18313	59795	9034	31908	23509	9409	16752	13694	36923	23386	22468	90603	45210	67412	30183	94309	44412	46045	78956	30221	35186	17504	5542	49351	20444	25247	36168	3707	26726	23884	49242	33639	42423	102533	12022	13009	17228	62453	23180	19240	8705	6028	9417	44811	39239	44351	43107	77777	13577	27043	95312	15378	47328	16895	13902	46568	22373	101097	46784	91490	45606	23247	60702	75004	15233	25520	44252	50199	81876	11851	65657	31119	8742	26992	15649	44214	41164	25453	18579	12906	67433	44386	34789	47689	
15504	18699	73243	9352	13863	70791	16157	27127	29743	48572	19726	16020	17040	32626	14280	48977	52797	68062	23092	13166	17627	23493	99462	17044	0	29454	25463	35670	21837	23082	39302	61077	19418	7705	18572	10322	34604	105033	40451	6831	15079	21120	30152	53998	12877	32973	12230	20490	26026	23670	48821	20932	7070	102442	62568	75209	42486	100144	33582	35215	90795	16522	15718	15051	12719	38521	5699	37086	43747	17565	27791	24949	56134	22897	49315	88158	24496	6674	19903	69345	24245	32631	11380	14143	22274	51703	28011	56190	59287	89616	4163	9916	107150	9408	54220	17960	6674	35738	17060	112936	35954	97324	52498	35086	67594	86843	15543	26585	51144	44402	93714	4602	54827	42957	14576	15713	13195	38416	30334	14174	12491	25278	79272	51278	23959	59528	
13303	42681	66420	15193	9376	73426	10626	49538	52154	59917	10463	10489	17585	20812	19354	38918	64142	79407	47990	34116	4329	34838	83427	28389	29454	0	47578	49065	37927	26896	52697	74471	32813	14686	18408	16814	56719	107215	62566	29395	28474	34515	32334	27734	15634	8434	34794	33885	39421	16785	15070	43659	33753	104624	65496	88604	55880	96834	33884	57330	92977	29910	46471	37777	26114	60636	31729	39268	12695	30960	3909	13466	69529	18026	62710	84849	37891	24294	35993	82740	7052	46026	28979	27538	22110	65098	31638	58372	63394	91798	22072	18863	109332	31972	67615	7318	13568	57853	3549	86766	58069	89849	65893	37268	80989	89025	33998	9278	64539	24010	95896	23136	76942	45139	18630	38276	35922	13667	52449	36738	10813	27460	73053	64673	46074	61710	
38403	15978	97854	18947	36132	114477	39056	7853	15109	63831	41995	38919	20638	35971	17763	68226	68056	83321	16373	19416	40526	42742	142670	36293	25463	47578	0	52689	22274	44011	56322	78096	40348	32815	42517	34187	18035	147275	23882	13642	36008	42050	49000	45672	39100	51821	7091	41419	30129	42518	66405	19956	13108	144685	49261	92228	59505	124088	14154	18646	131327	8270	4680	15189	33649	21952	15396	55934	61331	38495	46639	43797	73153	25965	66334	156614	45425	26844	22003	86364	43093	49650	22625	35073	40201	68722	17019	100075	45979	131858	28640	15905	149393	15561	71240	36808	33815	19169	38656	155178	19385	150149	69518	53934	84613	130728	21697	45433	68163	61986	135957	31485	41520	61806	38520	10701	17003	56001	12518	9670	34087	44126	98120	68297	4999	78376	
39890	28925	87099	45697	46752	45361	40543	53925	56541	11022	52615	40406	50723	61792	49857	69328	16650	30512	28543	31494	42013	18448	134571	23368	35670	49065	52689	0	18079	27323	3948	25121	20994	42070	42834	34505	34660	95558	27612	38341	25464	19416	32339	80838	39418	52139	43740	15779	12351	42836	57154	23243	42699	92967	22881	39254	6815	126971	60653	40983	79609	57080	51427	28002	25773	49085	40675	37459	70586	21806	46957	44115	20179	55857	18692	104897	13189	33239	20651	33390	43411	6447	27829	24012	35416	15748	61456	48357	25036	80141	33808	49261	97676	33470	11705	37126	34133	33129	47912	103461	33335	135874	18482	34789	31638	79011	23183	45751	13965	71242	84240	32082	39303	60957	38838	32475	33741	65256	34952	45684	43343	31006	95790	11579	51030	69750	
28752	9333	79786	32352	33407	81311	29405	29739	32356	30665	39270	29269	37378	53824	26803	50158	34890	50155	16428	9591	30875	16999	112710	19162	21837	37927	22274	18079	0	22083	21794	45337	18419	28031	32493	24163	22543	114517	15495	14319	9442	17754	30610	69684	29076	41797	15263	14005	8565	32494	46812	9295	20621	111926	21247	59470	28750	145930	31913	28866	98568	21975	18751	7315	15431	23795	16425	37544	46057	16566	36615	33773	40395	43528	33576	123856	11804	19079	2621	53606	33069	15739	12032	13144	30176	35964	36191	67316	18893	99100	23466	24526	116634	11150	29904	26784	23791	21012	32262	122420	21218	111245	36759	35545	51855	97970	6296	35409	35405	60088	103199	17922	22928	43416	28496	13532	9741	54103	22835	13762	28468	25766	114749	32553	27835	59987	
13990	26486	58276	30901	31957	50462	18374	45247	47863	44248	37819	18237	35928	42793	35062	28648	48473	40493	31795	17921	21944	11817	86081	9224	23082	26896	44011	27323	22083	0	31000	59625	9057	25729	9007	10436	53021	84157	37754	25697	12805	10137	9276	67382	11443	30541	31096	13409	20752	13169	34518	27010	30056	81567	50650	58375	34183	91527	52000	53633	69920	37808	42774	22938	13130	56938	28031	16210	34802	5526	25360	23630	54683	41226	47863	93496	16022	20596	20325	74943	21813	23240	15171	10027	7697	50251	46826	35314	41153	68740	21165	34631	86275	20812	52769	24482	21490	54155	29961	92060	54372	88708	51047	14210	66142	65968	18329	23115	49692	57786	72839	19439	73245	22082	8921	30773	21082	35773	48751	25878	26167	4431	58397	49826	42376	38653	
43522	28709	88171	49329	50385	46433	44175	57557	60173	12093	56247	44039	54356	65425	53490	70400	17722	31583	28326	35126	45645	22081	135642	27000	39302	52697	56322	3948	21794	31000	0	26176	24445	47837	48602	40272	34499	96613	24907	44108	31231	22867	34080	86605	45185	57906	49507	19230	15802	48603	62921	23082	48466	94022	19292	40309	5352	128026	66420	40822	80664	62847	57194	27841	31541	50140	46442	39199	76354	25257	52724	49882	21234	61624	19747	105952	16639	39007	25293	34444	49178	9897	33596	29779	38867	16802	67224	49412	21446	81196	39575	55028	98730	39238	11031	42893	39900	30709	53679	104516	30404	136928	19537	36529	32693	80066	26634	51518	15019	77009	85294	37849	23155	62012	44605	32314	30268	71023	34791	34288	49110	34457	96844	10904	56797	70804	
65296	56101	99402	71103	72159	38310	65949	79331	81947	13617	78021	65813	76130	87199	75264	81631	11867	31761	55718	56900	67419	48865	146873	54185	61077	74471	78096	25121	45337	59625	26176	0	55043	67826	68590	60261	60632	102966	56311	64097	51220	56745	80778	106594	65174	77894	69495	45227	40284	68592	82910	50288	68455	78328	35052	29837	23693	134379	86409	66955	59240	82836	77183	61352	51529	57302	66431	78743	96342	53190	72713	69871	5550	81613	14267	112305	42637	58995	47744	14126	69167	35895	53585	49768	64098	12898	87212	55765	37207	87549	59564	75017	86894	59226	21856	62882	59889	56962	73668	110869	58678	143282	17959	56366	7976	65488	56744	71507	21799	96998	91648	57838	47519	68365	64594	59520	59497	91012	62768	71440	69099	62389	103198	18914	76786	77158	
23637	22822	66584	27237	28293	58770	24291	41583	44199	40585	34156	24154	32264	48710	31398	36956	44809	48801	28131	14258	25760	4995	94264	5635	19418	32813	40348	20994	18419	9057	24445	55043	0	22043	18045	12900	49335	92446	34067	22011	9119	3296	17565	63696	14440	35809	27410	7067	14411	19100	40824	23323	26369	89856	40698	66664	27842	99716	48313	49946	78209	34122	39087	19251	9443	53252	24345	24499	40069	3521	30627	27785	50996	37540	44176	101786	8671	16910	16638	64207	27081	16899	11484	6341	17131	46565	43139	43603	37466	77029	17478	30944	94564	17125	32731	20796	17803	50469	26274	100349	50685	96897	47360	22500	62455	74257	14643	29421	46006	54100	81128	15752	69558	30371	14148	27087	17396	48114	45065	29354	22480	12721	66686	46140	38690	46942	
15501	27985	69737	6001	8100	69373	16154	34050	36666	53368	13963	12075	12071	23140	11205	42235	57592	72858	28207	23869	14066	24591	116344	18142	7705	14686	32815	42070	28031	25729	47837	67826	22043	0	18320	10646	41490	102908	47337	16825	17922	23963	28027	43995	12625	34342	13989	23333	28869	19011	38819	27620	8626	100318	59401	82509	49785	99891	25686	42102	88671	18500	17477	21738	15562	45407	10711	34961	33744	20408	23132	20290	63434	17839	56614	87905	27339	10417	25441	76644	19586	39930	18427	16986	22021	59002	23439	54065	66173	87491	4137	8811	105026	16095	61520	9790	6018	42624	9894	89822	42841	122562	59798	32961	74893	84719	23446	21926	58443	34399	91590	8345	61714	40833	14323	20762	19883	28414	37220	16173	5325	23154	76110	58578	30845	57404	
5215	29646	52380	23296	21846	55158	8543	43752	46368	54132	27709	9749	28322	34305	27457	24878	58356	45189	34954	21081	14206	20692	77306	12738	18572	18408	42517	42834	32493	9007	48602	68590	18045	18320	0	8373	50621	88993	56468	23297	18994	19143	14112	40992	6928	21692	28675	20609	27953	4399	25749	34193	27634	86402	56017	63211	46401	82758	41887	51233	74755	35409	40374	28312	16350	54538	25632	21046	25953	14533	16511	14861	60050	34041	53231	70772	23222	18196	28036	79779	12965	30441	19513	18059	3933	55619	39640	40150	53915	73576	15393	27445	91111	25853	58136	13740	12766	51755	19219	72689	51972	79939	56414	19046	71510	70803	26040	14346	50077	37268	77675	17039	70845	26918	5549	32179	26456	26924	46351	30619	16101	8344	58977	55194	39976	43488	
6518	22596	59567	15623	14173	58127	8292	35423	38039	45802	20036	8156	20649	32711	19783	32064	50027	48159	27904	14031	11152	15448	84492	7494	10322	16814	34187	34505	24163	10436	40272	60261	12900	10646	8373	0	42048	91728	36305	14724	11855	12707	16847	39949	3815	20649	20123	13469	20813	9147	25665	27053	19082	89138	48877	65946	39261	89763	34559	42659	77491	26835	31800	21172	9210	45965	17058	23781	24910	8634	15468	12626	52910	26712	46091	77777	16082	9623	20896	66121	11922	23301	12373	10919	7796	48479	32312	42885	46775	76311	7998	20117	93846	17301	50996	7336	5443	43182	12814	99631	43399	86944	49274	21781	64370	73539	18900	14262	47920	43272	80410	8465	62271	29653	4195	23606	19316	25882	37778	22067	8778	11974	65968	48054	31403	46224	
47543	13550	121364	44218	45273	96820	48197	18323	18489	46174	51136	48060	34474	52723	31598	77367	50399	65664	8037	23075	49666	51883	151811	45434	34604	56719	18035	34660	22543	53021	34499	60632	49335	41490	50621	42048	0	129466	8995	25979	28416	51176	58126	80709	48227	60948	19428	36570	29363	51645	75532	18145	25181	126876	26263	74420	37058	133215	25906	8509	113518	21910	16257	16727	42776	7065	27734	65060	70458	47621	55766	52924	55345	42721	48525	138805	34994	35971	22051	68555	52220	31640	26039	44199	49328	50913	28771	82266	22981	114049	37767	28880	131584	22559	40687	45935	42942	4282	47783	137369	4498	159276	51709	63061	66804	112920	25111	54560	50354	71113	118148	40612	18522	70932	47647	15602	19154	65127	5284	17853	43214	53253	129698	50489	15590	103658	
93976	125281	29224	140283	106435	66900	98692	148511	151127	89316	112298	98556	145309	123111	144443	73672	96979	71665	124898	101330	102263	95225	56226	93194	105033	107215	147275	95558	114517	84157	96613	102966	92446	102908	88993	91728	129466	0	124947	105227	119856	93220	76338	175229	91128	110315	110626	96492	108920	92690	88414	118924	109585	18911	113646	75152	94026	49423	155045	135591	41594	117338	145819	108969	97007	125938	107561	74303	114575	88609	105133	103151	102364	150249	95545	26112	99105	100126	116380	91719	101587	104530	100170	93111	84676	97933	155848	51325	120615	24474	99747	143653	13334	106843	95040	97940	96965	125598	103418	22617	127314	57088	98728	72652	113824	31549	125380	102636	92677	165633	14645	98968	116155	63925	88605	128156	107113	159648	131404	112570	100300	80266	25452	93641	145422	36757	
53390	11957	117043	50065	51120	92499	54044	24170	25298	41853	56983	53907	40321	57883	34289	99271	46077	61343	7762	21482	55513	32494	157658	32637	40451	62566	23882	27612	15495	37754	24907	56311	34067	47337	56468	36305	8995	124947	0	24270	24948	33260	46117	86487	54005	66726	25206	29512	22305	57423	81310	15916	30959	122450	18759	69993	26262	156453	30992	15249	109092	27688	22035	15335	30938	8618	26375	53051	76236	32073	61544	58702	50918	47807	44099	134379	27936	41749	18127	64129	57998	24581	24647	28651	43049	46487	33857	77840	16405	109623	43545	34658	127158	21100	27416	51713	48720	5918	53561	132943	5613	165356	34170	51051	62378	108493	21802	60338	45928	76891	113722	46390	14095	90439	53425	15729	17762	70905	11062	21405	48992	41272	125272	30065	21368	99232	
20219	12673	79671	12374	20607	71857	20873	27482	30099	49638	26470	20736	24578	35647	14253	50042	53863	69128	17066	7140	22342	24559	104178	18110	6831	29395	13642	38341	14319	25697	44108	64097	22011	16825	23297	14724	25979	105227	24270	0	17285	23326	30277	54884	20377	33098	6555	22696	20116	23795	49707	14850	5514	102567	35418	77416	44692	105365	23205	36101	90920	13267	10043	8969	14926	29470	3490	37211	44632	19771	27916	25074	58341	29903	51521	93379	26702	5708	12417	71551	24370	34837	10389	16349	21478	53910	25942	56314	33064	89741	9579	11872	107275	3326	56427	18085	15092	26687	21958	113061	26903	102546	54705	35211	69800	86968	9461	26710	53350	45288	93839	6786	55713	43082	19797	9631	7114	39302	20269	6210	17389	25403	79397	53485	24845	59653	
19298	15427	70332	22898	23954	62518	19951	37244	39860	36762	29816	19815	27925	44370	27059	40704	40986	56251	20736	6862	21421	11667	103256	8187	15079	28474	36008	25464	9442	12805	31231	51220	9119	17922	18994	11855	28416	119856	24948	17285	0	10679	21169	60242	19634	32355	17872	10144	13004	23052	37370	14204	16831	93459	30701	65753	33029	104622	44859	46492	81812	24584	35633	11658	5990	29808	14807	28103	36616	7125	27173	24331	46678	34086	39858	105389	14055	9807	7519	59888	23627	23174	3891	3702	20734	42246	39686	47206	28347	80633	14024	27491	98167	9532	44764	17342	14349	27025	22820	103953	27242	101803	43042	26103	58137	77860	5524	25967	41687	50646	84731	8650	32382	33974	19054	19493	9802	44661	27590	14598	19027	16324	70289	41822	35236	50545	
25339	24524	67664	28939	29995	59850	25993	43285	45901	42287	35858	25856	33966	50412	33100	38035	46511	42039	29833	15960	27462	3243	95966	6714	21120	34515	42050	19416	17754	10137	22867	56745	3296	23963	19143	12707	51176	93220	33260	23326	10679	0	18516	64646	15391	36759	28360	5558	12902	20051	41775	22588	27319	90806	39189	67615	26332	100666	49263	50897	79159	35072	40037	20201	10394	54202	25295	25450	41020	4472	31578	28736	51946	38490	45127	102736	6962	17860	15904	65157	28031	15390	12434	7291	18081	47515	44090	44554	37087	77980	18428	31895	95515	18076	31222	21746	18753	51419	27224	101300	51636	97847	48310	23450	63406	75207	14812	30371	33482	55050	82079	16703	41121	31322	15098	28037	18346	49065	46015	30304	23431	13671	67636	31096	39640	47892	
19095	35013	50782	33004	31554	42967	23811	50235	52852	67128	37417	23675	38030	48231	37164	21153	74791	32999	40322	26449	27382	20008	88850	18313	30152	32334	49000	32339	30610	9276	34080	80778	17565	28027	14112	16847	58126	76338	46117	30277	21169	18516	0	55238	16752	35939	36250	22116	27960	18314	39664	40474	35209	74139	51320	50947	34158	108142	57153	58786	62492	42962	47927	34593	22631	62092	33185	8782	40199	14233	30757	28776	79745	43843	72925	86068	24933	25750	29032	67515	27211	26589	25794	18735	10300	75314	49442	27886	49218	61312	25371	37269	78847	32467	72421	23564	22589	59309	29042	84632	59526	92022	76109	6782	91204	58540	27037	28260	34045	51514	65411	24592	93536	14654	14229	39733	32738	41171	53905	38194	25924	5890	50969	71022	47530	31225	
36121	66753	79959	31263	24741	96244	33444	44050	52505	92135	19979	33308	26588	11458	31458	61736	96360	111625	82070	61220	29447	66244	89554	59795	53998	27734	45672	80838	69684	67382	86605	106594	63696	43995	40992	39949	80709	175229	86487	54884	60242	64646	55238	0	38543	20089	60910	65974	83006	39693	28920	69613	40292	173651	98087	121195	88471	111123	38653	80788	115886	40067	69929	63731	58204	84094	57845	62176	22654	63050	26817	36374	102120	20710	95301	98806	69981	56109	68083	115331	29960	78617	61069	59628	45018	97689	33745	129042	104860	160825	48032	36105	178360	58088	100206	31809	48418	81311	27064	100723	81527	95957	98484	60176	113580	159695	64223	31116	97130	19118	164924	52724	100400	68048	41538	64393	61876	20087	75907	62854	31812	50369	87010	97264	69532	84618	
3408	33479	58122	17601	16152	57757	6126	40336	42952	50716	22014	6976	22628	31531	21762	30620	54940	47789	38788	24915	11979	16988	83048	9034	12877	15634	39100	39418	29076	11443	45185	65174	14440	12625	6928	3815	48227	91128	54005	20377	19634	15391	16752	38543	0	18994	25783	17308	30410	6353	23350	34648	24742	88992	56486	65801	46870	88565	36250	48320	77345	32495	37460	28767	17104	51625	22718	23635	23255	12473	13813	9264	60519	28403	53699	76579	19921	15283	26982	73729	10266	37015	19968	18527	10696	56087	34003	42739	54384	76166	13062	21808	93700	22961	58605	6387	7129	48842	11865	99486	49059	85746	56883	21636	71978	73393	24987	11947	55528	34570	80264	14126	67931	29507	2997	29266	26911	24226	43438	27727	10464	11828	64784	55663	37063	46078	
16822	46200	62866	19177	13532	76944	14145	53056	55673	63436	10590	14008	26659	13077	23337	42437	67661	82926	51508	37635	12241	38357	74945	31908	32973	8434	51821	52139	41797	30541	57906	77894	35809	34342	21692	20649	60948	110315	66726	33098	32355	36759	35939	20089	18994	0	38325	37415	42952	20315	7307	47190	37284	108155	69027	92135	59411	92248	38634	60861	96508	45037	50002	41308	29645	64167	35260	42798	4506	34491	7440	16997	73060	20691	66241	81419	41422	27824	39524	86271	10582	49557	32510	31069	25641	68629	33727	61902	66925	95329	25603	23535	112863	35503	71146	16679	23967	61384	11472	83336	61600	85704	69424	40799	84520	92556	37529	11177	68070	16276	99427	26667	80473	48670	22160	41807	39453	5932	55980	40269	21799	30991	69623	68204	49605	65241	
25618	11686	85070	13291	17803	77256	26271	14556	17173	55037	23666	26135	16660	32830	12016	55441	59262	74527	14613	12311	27741	29957	109577	23509	12230	34794	7091	43740	15263	31096	49507	69495	27410	13989	28675	20123	19428	110626	25206	6555	17872	28360	36250	60910	25783	38325	0	28092	23038	29191	55103	13790	5754	107963	34357	82812	50088	110761	16651	20102	96316	6712	3488	8099	20322	23550	8306	42607	50029	25168	33312	30470	63737	22951	56918	98775	32099	11104	14912	76948	29766	40233	15534	21746	26874	59306	20929	61711	32003	95137	14975	9572	112672	8471	61823	23481	20488	20767	27354	118457	20984	107942	60101	40607	75197	92364	14606	32106	58747	50684	99236	12182	43776	48479	25193	7169	9912	44699	14350	2579	22785	30800	84793	58881	11833	65049	
24709	20513	70936	28309	29365	63121	25362	42655	45271	30769	35227	25226	33336	49781	32470	41307	34993	44221	25822	14282	26832	4489	96729	9409	20490	33885	41419	15779	14005	13409	19230	45227	7067	23333	20609	13469	36570	96492	29512	22696	10144	5558	22116	65974	17308	37415	28092	0	8338	28008	42326	18754	27871	94316	34626	59503	21769	102310	49815	51448	82669	35624	40589	18429	10945	37799	25847	28960	41571	7982	32129	29287	40428	39042	33608	106246	3608	18411	12070	53639	28583	10826	12703	6347	21591	35997	44641	48064	32523	81490	18980	32446	99024	15832	26659	22298	19305	35016	27776	104810	35222	99491	36792	26960	51887	78717	10978	30923	28918	55602	85588	17254	36558	34831	16743	24646	16102	49616	32742	20898	23982	17181	71146	26532	40192	51402	
30246	17188	78279	47047	48102	76472	30899	55275	57891	25825	53965	30762	52073	55318	51207	48651	30050	40793	23227	15356	32369	11833	104072	16752	26026	39421	30129	12351	8565	20752	15802	40284	14411	28869	27953	20813	29363	108920	22305	20116	13004	12902	27960	83006	30410	42952	23038	8338	0	33580	47898	16100	23948	107087	28053	54630	19113	141090	39695	35672	93729	29756	26532	15096	16517	30601	21924	32274	47143	15211	37701	34859	35555	57029	28736	119016	6593	23983	9263	48766	34155	8171	15261	11919	28821	31124	62628	62477	25699	94260	24552	32307	111795	16648	24003	27870	24877	27818	33348	117580	28023	106721	31919	29604	47015	93130	11795	36495	30565	72413	98359	22826	29733	42061	23972	21313	17523	66428	29641	21543	29554	24411	109909	30699	52202	58632	
3592	36897	55593	23987	19789	59320	6920	43754	46370	54133	21815	8126	29014	32681	28148	28090	58358	49351	42206	28332	12582	21648	80519	13694	23670	16785	42518	42836	32494	13169	48603	68592	19100	19011	4399	9147	51645	92690	57423	23795	23052	20051	18314	39693	6353	20315	29191	28008	33580	0	24120	37725	27819	90564	59563	67373	49947	85965	49763	51396	78917	35572	40537	31843	20180	54702	25795	22978	24324	18695	14882	10034	63595	34239	56776	73979	24173	18360	30059	76806	11336	40092	23045	21604	8095	59164	39839	44312	57461	77738	16138	27644	95272	26038	61681	8531	14502	51919	14009	75896	52136	83146	59959	23208	75055	74965	28064	12717	58605	35639	81836	17202	71008	31079	6500	32343	29988	25296	46515	30804	13651	12505	62184	58739	40140	47650	
20878	51215	56829	41546	23475	80669	18316	67641	70257	68452	18712	19810	30907	17326	45706	44138	72676	87941	76893	42651	18890	43372	68779	36923	48821	15070	66405	57154	46812	34518	62921	82910	40824	38819	25749	25665	75532	88414	81310	49707	37370	41775	39664	28920	23350	7307	55103	42326	47898	24120	0	52477	42572	113443	74315	97423	64699	90200	42805	72089	101796	44219	61230	46596	34933	75394	40548	48086	3289	39779	11489	18877	78348	24862	71528	75215	46709	33112	44812	91559	15793	54844	37797	36356	29913	73917	37898	67190	72213	100616	30891	43201	118151	40790	76434	23283	29255	72611	18330	77132	72828	75035	74712	46086	89807	97844	42816	13303	73358	13029	74990	31955	91701	53958	27448	47095	44741	6884	67208	45556	37283	36279	63420	73492	60833	57479	
34483	5156	111020	26686	34709	86476	35137	26662	29278	35830	40571	35000	30450	46620	25410	59666	40054	55320	10465	12231	36606	21750	118442	23386	20932	43659	19956	23243	9295	27010	23082	50288	23323	27620	34193	27053	18145	118924	15916	14850	14204	22588	40474	69613	34648	47190	13790	18754	16100	37725	52477	0	19153	116160	21655	63703	29158	150164	30446	24672	102802	20507	16366	5847	21943	19601	16888	44056	58611	23078	43127	40285	44629	36746	37809	128089	21737	19686	7301	57839	39581	19973	15159	19656	33561	40197	34724	71550	19301	103333	23557	23058	120868	11613	30312	33296	30303	16818	35936	126653	17035	110507	37066	42056	56088	102204	11043	41921	39638	59266	107432	22028	23336	49928	27758	9286	8274	53280	17383	12294	31367	32278	118982	32961	23950	66499	
