//--------------------------------------------------------------------------------------------------------------------
//-- données sur l'ESSONNE récupérés par le géocodeur (matrice symétrique)
//-- 
//-- C. Duhamel, P. Lacomme C. Prodhon - JUILLET 2009 : 9000 kg à collecter, flotte de capa 10000
//--------------------------------------------------------------------------------------------------------------------
195 4 999999 0 0 0
10 100 100 1
10 200 120 1.2
10 500 150 1.8
2 1000 180 2.5
0   // la ville qui represente le depot
0	18700	40010	33179	4970	53776	29545	39133	21801	29441	41852	31819	28168	57849	10304	17727	7693	5274	20149	22465	26363	46791	59011	24659	68604	21807	29164	18787	37129	31620	29997	18561	42094	10042	65437	37206	21882	50080	23505	19462	15441	26794	35813	48249	12438	31957	21929	31704	34966	50737	19460	44020	33560	29945	47347	21958	42109	62471	24616	36651	32456	54284	39814	31478	66742	44235	8399	15286	59006	20149	54637	44637	2718	34187	38647	46674	53848	18100	52244	49236	50510	31223	29564	11484	51214	29003	24764	44248	50956	28362	23948	8431	32846	40928	29567	44213	45481	37082	28970	55098	46511	36932	37856	47440	37456	51098	45182	40289	18051	41482	6074	33942	48756	25071	37786	12531	23271	8770	25379	29344	31598	16443	66729	37260	60018	13183	47300	61993	40705	41424	34295	31344	40572	8049	48868	21163	51690	54699	50616	25921	21650	12327	19664	61893	26430	49943	29558	7490	7639	53338	53750	30303	5006	36664	27064	34456	57958	19231	49139	35201	40659	59728	26341	28819	28986	43862	59469	43454	55410	29094	37106	56545	25596	59276	26577	13514	66788	44753	56872	25058	51723	38497	33908	32672	57755	46223	48979	23074	44606	46934	18766	55642	41374	48400	50218	68062	
18700	0	44980	40944	13203	61540	16864	49685	29379	37206	49617	42371	38720	69409	24817	35361	23453	18701	30700	27227	34128	54556	54935	37389	76368	23515	39715	29338	44894	39385	37761	26326	49858	26862	73202	44970	43460	61640	34057	16031	10435	34558	46365	56013	30071	19275	29693	39469	45518	58502	9667	63185	24019	49702	55112	38653	49873	70236	35168	47202	29447	62049	52276	39243	74506	51999	12463	21425	66771	27914	62401	52401	16145	44738	46412	48329	65409	35734	54871	60797	58275	38987	40116	11103	58978	39554	32529	52013	58721	38914	25449	21858	40611	48692	37332	67967	53245	44943	23251	52476	58071	44697	45621	49810	45220	58862	52947	48054	37808	49246	19502	41707	56520	32836	48337	7617	14470	26404	45136	45883	42150	6368	74493	45025	67783	23734	55064	69757	51257	49188	42060	48580	51123	23992	60428	31715	59455	62464	50006	17643	43693	31086	5396	69658	21259	57707	27634	24058	14342	64899	65310	38067	13723	41635	14003	42221	65723	22472	60699	42965	48424	67492	34106	39648	36751	51627	67233	51219	63175	36859	47658	64310	33361	67040	34341	34175	74552	48483	68432	35610	68337	49718	48236	43223	65520	69454	60538	30838	52370	54698	29317	67202	49139	56165	57983	75826	
40010	44980	0	15826	42419	45531	20211	58917	27243	16791	25941	32035	32892	40349	44020	49646	37738	34661	32350	17610	14682	44008	11742	24608	65821	20096	46486	36109	21238	10223	11903	24284	8793	44634	62654	12320	50231	16718	29577	28189	31690	21112	65504	37824	44357	20739	21946	19661	62834	40267	28961	52638	16268	70920	44564	45424	7432	61666	41938	71959	11509	51501	51143	15749	63959	28324	45721	30181	56223	23075	51853	41854	37329	33095	9814	4014	17863	48689	13215	13892	47727	18572	34288	37861	41131	28274	26093	12347	48173	33086	16854	36144	18245	25017	23306	57419	42698	5125	13608	10821	18783	23897	35874	8154	17930	48314	29271	24378	44579	15844	40685	21291	36844	16880	60464	40832	26623	40689	75618	74706	36322	35688	63946	21349	42346	30505	44517	59209	61567	22515	16280	79401	54057	33505	31368	38485	41607	44229	8351	20022	50463	37856	32810	59110	17169	47160	12541	41206	35537	35838	21931	11071	39670	4480	23849	18565	55175	23991	17030	6531	37876	56945	15126	26071	12675	41079	56685	24690	44678	9762	65397	53762	14520	56492	20316	40946	64005	4168	39372	42381	39276	46040	27436	69219	54972	58907	31478	19163	22215	44150	30300	22874	25463	45617	42556	64500	
33179	40944	15826	0	35520	22718	50386	30642	17069	7535	10794	17089	18692	26791	37120	42746	30839	27762	22176	18610	8486	15733	27953	10407	37546	29740	39586	29209	5242	7571	8491	22659	11008	37734	34379	6120	43331	19022	15376	31743	34971	11606	37229	17191	37457	49587	15722	6130	20923	19679	38990	24363	39718	42645	16289	38524	11023	31413	26290	43684	34312	23226	15650	2885	35684	13177	38097	23196	27948	14621	23578	13579	30429	17268	7561	15588	22790	41789	21186	18178	19452	4371	20088	30876	20156	14073	16586	13163	19898	18886	31881	29244	2419	9870	8551	29144	14423	13587	23645	24040	15453	8071	4506	16355	6397	20040	14124	9231	37679	10424	33786	7091	17698	10386	32190	38132	35552	33789	47343	46431	22122	35115	35671	6202	28960	23605	16242	30934	33292	10366	3209	51126	25782	25980	17810	25304	20632	23641	19530	33853	43564	30957	38336	30835	34363	18885	19286	34306	31644	22280	22691	12186	32907	16887	53236	2568	26900	27163	18081	10719	9601	28670	11656	11870	9016	12804	28410	12396	24352	16166	37122	25487	11207	28218	10809	34046	35730	13667	25814	35481	20665	17765	11609	23997	26697	30632	17921	14859	13548	15875	20126	24584	10316	17342	19160	37004	
4970	13203	42419	35520	0	56257	28134	41615	24283	31923	44334	34301	30650	60330	13104	20527	10493	7755	22630	24947	28845	49273	61493	27141	71085	24289	31645	21268	39611	34101	32478	21043	44575	16948	67919	39687	24682	52561	25987	22008	16461	29275	38295	50730	15238	30546	24410	34186	37447	53219	19472	46502	35289	32745	49829	24758	44590	64953	27098	39132	34937	56766	42295	33960	69223	46716	3429	16036	61488	22630	57118	47118	5199	36668	41129	49155	56330	20900	54726	51717	52992	33704	32046	13169	53695	31484	27246	46730	53438	30844	26429	10912	35328	43409	32049	46694	47962	39563	31452	57580	48992	39414	40338	49922	39937	53579	47663	42770	20851	43963	8555	36424	51237	27553	40267	8482	25740	11570	28178	32144	34079	12395	69210	39741	62500	15664	49781	64474	43186	43905	36777	34144	43053	10530	51349	23645	54172	57181	53097	28402	24450	14808	15615	64374	28912	52424	32039	10290	8941	55819	56231	32784	5489	39146	25273	36937	60440	21712	51620	37682	43141	62209	28823	31301	31468	46344	61950	45936	57892	31576	39587	59027	28077	61757	29058	16314	69269	47234	59353	27540	54205	40978	36390	35153	60237	48704	51460	25555	47087	49415	21247	58123	43856	50881	52700	70543	
53776	61540	45531	22718	56257	0	59715	26451	37473	27940	13943	33886	37670	21003	57525	56269	51243	48166	42580	43060	28891	16152	32411	27219	19910	50144	42744	49614	16761	28772	32008	43063	29209	60134	15903	26554	51378	20462	42615	52147	55375	32011	33038	10968	57039	58915	36127	22941	30368	7286	67677	15003	49047	38454	14529	50449	31457	9057	46264	39493	43641	7652	22646	25154	16468	7725	58501	43600	23757	35026	14008	10149	50834	30431	27995	34132	23083	53534	25644	22636	7433	22184	39963	51281	14915	30431	36991	25912	3261	40498	51853	49649	24688	16689	34204	24953	13440	34788	48607	28498	19882	20642	19064	29231	22370	19179	8519	12501	50189	21574	54190	20090	10399	30790	27998	58537	65339	54194	43152	42240	38076	55520	11614	16930	4172	44010	8414	26743	29101	18120	23643	46935	21591	46384	19271	45709	15391	4451	32113	62849	53731	51361	58740	18972	64110	8933	48806	54711	52048	26802	28816	35247	53311	42906	62565	19781	22709	47568	22539	31920	15290	24478	32060	28404	29421	9943	24219	13184	4150	50415	32931	11748	35657	20031	31214	55897	21081	34100	17882	44338	15757	19958	24267	36753	8346	26441	14415	39309	18995	8367	40531	29106	10236	6265	9885	11891	
29545	16864	20211	50386	28134	59715	0	72237	25558	33384	52518	38453	34802	53669	33332	38958	27050	23973	26783	12069	30306	57329	39195	31293	79141	7254	35798	25421	52648	23539	23382	16491	38095	33946	75975	27227	39543	45900	30139	13694	11706	30737	42447	51144	33669	2790	20952	35647	41600	53588	8976	65958	7364	45784	57884	34736	26801	74987	31250	43285	12793	64822	64463	28543	77279	54901	25938	19492	69544	22081	65174	55174	26641	40821	29395	23696	49669	38000	39131	45057	61048	35166	36198	16689	54451	35637	28707	48829	61494	34996	8496	25456	36789	48503	33510	70740	56018	20310	6597	36736	42331	40875	49195	34070	50174	61635	55893	52309	33891	46764	29997	37885	50164	29014	44420	20848	6639	30001	41218	41966	38232	15704	77266	47926	55667	19817	57837	72530	74888	46064	38238	44663	67378	22817	44688	27797	54928	57549	34266	3737	39775	27168	12826	72430	4604	60480	10979	30518	19928	49159	49570	20190	23938	17001	3865	50862	68496	13303	44959	24142	51197	70265	22662	35453	24818	54400	70006	48239	57999	15177	43740	67082	19356	69813	30520	30258	77325	23850	52692	31692	52597	59361	63669	39306	68293	72227	44798	18169	45764	57471	25400	51462	52040	58937	55877	77821	
39133	49685	58917	30642	41615	26451	72237	0	23963	35143	26733	8661	12445	35607	37564	28835	32567	33719	19124	50263	36094	17614	49131	22360	28610	38460	16791	23871	25106	35975	39211	50266	38645	32529	25443	33757	23943	38542	17391	59350	62578	39213	7084	30030	29435	70764	43330	22896	4978	27189	66598	9152	60895	11608	15990	18413	38659	32535	20311	9600	55489	21873	12767	32356	26748	23581	44779	50803	19012	42229	14643	19472	36387	8068	35198	43225	41163	25346	42363	39355	17879	29604	14010	58484	32995	13946	21611	35909	22874	14544	40601	30769	31890	31300	41407	6427	20860	41991	60456	45218	36630	19496	26267	45950	30055	10900	26609	26350	21980	31855	34207	27510	30537	37993	9145	65740	77188	31121	15717	12153	12123	62723	26735	27633	27380	25910	19799	14518	3148	31796	30846	19500	8963	32563	38987	22551	33471	31151	48832	74698	26296	27754	65943	21899	75959	17311	60654	34750	59251	43457	43869	42449	38728	54754	74414	26984	17964	35884	39258	39123	22493	12984	39263	15183	36624	21888	13292	29391	22772	46429	6977	19878	42860	19282	38417	27688	26794	41303	35962	18385	38299	17482	18509	10799	25344	7587	32495	46512	37075	24224	23056	45761	26093	20899	29478	28068	
21801	29379	27243	17069	24283	37473	25558	23963	0	14346	26757	16678	13027	42754	25501	25834	19219	16142	5107	14561	11268	31696	43916	8009	53509	18121	18279	8911	22034	16525	13045	11039	26999	26115	50342	22111	23064	34985	8364	20124	23352	6522	20672	33154	25838	28270	6362	12999	19825	35642	27371	28879	25181	24946	32252	17217	27014	47376	9221	21510	22531	39189	21457	16383	51647	29140	26477	11576	43911	4582	39541	29542	18810	19046	23552	31579	38753	21521	37149	34141	35415	16128	14423	19257	36118	13861	6442	29153	35861	13221	20261	17625	17751	25833	9436	29071	30386	20130	19597	40003	31416	16438	22761	32345	22360	26724	30087	25194	17412	26387	22166	18847	33661	9976	22644	26513	23932	18685	24739	24447	16457	23496	51634	22165	44923	8762	32205	46897	25564	26328	19200	28184	25431	14360	33773	8227	36595	39604	35520	22234	23296	13175	26716	46798	22744	34848	15237	22687	20024	38243	38654	14736	21288	22696	27725	19361	42863	15544	34043	20106	25564	44633	11246	12169	13891	28767	44373	28359	40315	13527	21965	41450	10029	44180	11482	13779	51693	29657	41777	14173	36628	18899	18767	18333	42660	31082	33884	9331	29510	31838	3058	40547	26279	33305	35123	52967	
29441	37206	16791	7535	31923	27940	33384	35143	14346	0	16678	15575	16432	32675	33455	39081	27173	24096	18510	17910	4417	21617	33837	8148	43430	26074	25569	25544	8711	7581	7534	18993	16920	34068	40263	12032	39665	24906	13117	28077	31305	7940	21312	23075	33792	36224	12057	3440	18630	25563	35325	30247	25701	48529	22173	24507	16934	37297	22624	24915	40196	29110	16086	5517	41568	19061	34431	19530	33832	10956	29462	19463	26764	14975	13473	21500	28674	38123	27070	24062	25336	2746	17828	27211	26039	11814	8542	19074	25782	16626	28215	25578	4446	15754	5861	35028	20307	14029	22946	29924	21337	8507	12682	22266	12281	25923	20008	15115	34014	16308	30120	5465	23582	6720	19229	34467	31886	30124	41341	52315	19862	31449	41555	12086	34844	19940	22126	36818	39176	16249	9121	44786	31666	22314	23694	21638	26516	29525	25441	30188	39898	27291	34670	36719	30697	24769	18586	30640	27978	28164	28575	10773	29241	17329	35679	6124	32784	23498	23964	11161	15485	34554	7990	9610	4947	18688	34294	18280	30236	14752	25370	31371	10507	34101	7144	30380	41614	19578	31698	31815	26549	13528	12045	21738	32581	36516	23805	14159	19431	21759	16461	30468	16200	23226	25044	42888	
41852	49617	25941	10794	44334	13943	52518	26733	26757	16678	0	28506	38110	14751	45134	50761	38853	35776	30190	30670	16500	16686	23472	21651	38499	37754	47888	37223	12005	16381	19617	30673	19051	45748	35332	14163	56522	17686	33447	39757	42985	19620	38182	9175	45471	51586	23736	18420	35512	11663	47004	25316	41718	43598	17242	46538	19066	30640	34304	44637	36311	24179	23821	12763	36637	2992	46111	31210	28901	22635	24531	14532	38443	28685	15605	23631	20307	49803	16705	13696	9394	15616	45107	38890	12139	25317	24600	12955	8327	45642	39895	37258	12297	4191	21814	30097	15376	22397	41278	19559	17107	19360	8082	19404	9697	20992	3133	4592	45693	8901	41800	18335	9681	18400	33142	46146	43566	41803	48296	47384	43220	43129	36624	4258	6406	31619	6359	31887	34245	5622	11252	52079	26735	33994	16495	33318	12616	15625	23173	41867	51578	38971	46350	31788	56781	19838	31346	42320	39658	18984	20997	22856	40921	35577	55236	9750	27853	35177	13599	19530	10554	29623	19670	23114	17030	5962	29363	3936	5895	26836	38075	26440	23267	29170	18823	42060	36683	21710	15107	43495	12649	18718	23026	41897	14772	31585	11640	26918	7710	4639	28140	21288	2506	7630	11144	33474	
31819	42371	32035	17089	34301	33886	38453	8661	16678	15575	28506	0	4390	43734	35023	26050	28741	25664	11068	31063	20940	14620	46654	9574	36737	30405	16581	15236	15401	23410	23364	24734	30018	28374	33570	25130	23279	46669	9335	31415	35659	17366	7139	38157	25932	40554	22269	13893	4457	35316	39678	13511	42158	17215	16248	14910	30032	40662	10213	13767	53013	24164	9305	19936	34875	31708	36724	23884	27139	20490	16934	17996	28331	3678	26571	34598	41491	21843	39887	36879	26006	13088	8791	31564	41122	4943	12608	33433	31001	7589	32546	22134	16403	28824	12950	13704	15834	29859	37568	42741	34154	9301	23791	43474	25379	11356	34736	23874	18477	29378	31688	10875	38664	19005	7277	38820	35224	24628	21324	17760	8714	35803	34862	25156	35507	17854	27926	19609	10369	29320	22219	25107	10063	24508	36511	14320	41598	39278	46356	34518	23511	19119	39024	30026	35028	25438	31145	32208	32332	40981	41392	26603	30672	52278	39017	16454	16348	27828	36782	26991	20016	17344	20275	7661	20777	19878	17651	31351	30899	29435	12584	28005	25937	27409	15367	19722	34921	32676	44089	13692	46426	10085	4781	10590	27635	15714	40622	25239	45202	32351	15000	43285	29271	29026	37605	36195	
28168	38720	32892	18692	30650	37670	34802	12445	13027	16432	38110	4390	0	50305	32145	23172	25864	22787	8191	28186	24298	18175	63829	11427	43308	27527	11889	12359	18955	24045	26075	21857	31928	25497	40142	27040	20402	53240	6458	28538	32782	18273	8237	44728	23055	37677	19392	13834	8310	41887	36801	17364	39280	12511	20101	12033	31943	47233	7336	9075	38176	28017	13158	21846	41446	38280	33846	21006	33711	17613	20787	21551	25454	7531	28482	36509	55861	18966	57062	54054	32577	16654	5913	28687	47693	6129	14950	34083	37572	4711	29668	19257	18354	30762	12891	17557	19389	30493	34691	59916	51328	12856	23113	37275	27290	15209	41307	41049	15600	31316	28811	13870	45235	23006	11130	35943	32346	21751	18269	14705	4022	32926	41433	27095	42079	14977	34497	23462	13129	31258	24130	22052	13916	21630	53685	11443	48170	45849	40450	31641	20634	16242	36146	36597	32151	32010	28268	29331	29454	58156	58567	27767	27795	35726	36140	20032	20201	24951	53956	27626	37191	21197	24276	10657	21411	23433	21504	44089	37471	26558	9530	34576	23060	33980	15308	16845	41492	34587	50661	10815	52998	13640	8336	5898	31488	22286	47194	22361	51774	38922	12123	60460	40791	35597	44177	42766	
57849	69409	40349	26791	60330	21003	53669	35607	42754	32675	14751	43734	50305	0	63504	65686	57223	54145	48560	49606	34870	25568	20352	40021	42771	62097	52160	55593	29905	34751	37987	49042	24332	64118	39604	32533	60794	14826	51816	68125	61355	37990	42454	8559	63841	54646	42106	36789	39784	11655	63408	29588	44778	47870	23945	59865	26299	30674	52674	48909	39372	26130	32062	31133	40909	17230	64480	49579	33173	41005	28803	21597	56813	39848	22838	29254	13225	62950	20767	17759	19535	33985	49380	57260	4389	39847	42970	21035	18499	49914	47584	55628	30667	20708	40183	34369	33276	41945	44338	23621	13446	40478	26452	24354	27431	28595	13960	22660	59605	18969	60169	39926	7929	36769	37415	64516	61070	60173	52568	51656	47493	61499	33230	25183	13734	49989	17919	36159	38518	18269	29622	56351	31007	52363	11394	51688	7451	15617	27236	58580	63147	57340	67257	36060	59841	23056	44537	60690	58027	6804	10048	31825	59291	38637	58296	28120	32125	53547	17661	28814	28454	33895	38039	41484	35400	19448	33635	12933	16066	46146	42347	34038	41637	33442	37193	60430	40954	28254	6663	53755	6270	29375	33683	46169	26558	35857	12017	45288	17969	17872	46510	10339	19767	19545	13944	33508	
10304	24817	44020	37120	13104	57525	33332	37564	25501	33455	45134	35023	32145	63504	0	12228	8192	13408	24243	25777	29675	50102	62323	28753	71915	25118	22192	15974	40441	34931	33308	21873	45405	3844	68749	40517	15005	53391	27599	25662	23575	30105	32485	51560	6938	35268	25240	35016	39060	54049	29594	47165	36871	25992	50658	18559	45420	65783	20010	28399	35767	57596	43908	34790	70053	47546	13514	18597	62318	23460	57948	47948	10852	38281	41959	49985	57160	12338	55555	52547	53822	34534	25231	26278	54525	33097	28076	47560	54268	24782	27259	8068	36158	44239	32879	47357	48792	40393	32282	58410	49822	40244	41167	50752	40767	54409	48493	43600	15964	44793	11301	37254	52067	28382	41880	18604	29471	6682	21426	25945	28270	22516	70040	40571	63330	17277	50611	65304	34199	44735	37606	25582	45966	16183	52179	18143	55001	58011	53927	29232	16151	10551	25737	65204	29741	53254	32869	5220	15774	56649	57061	33614	13140	39976	33264	37767	61270	22542	52450	38512	43971	63039	29652	32913	32298	47174	62780	46766	58722	32405	30600	59856	28907	62587	29888	11427	70099	48064	60183	20452	55034	42591	38002	25576	61067	44986	52290	26385	47917	50245	22860	58953	44686	51711	53529	71373	
17727	35361	49646	42746	20527	56269	38958	28835	25834	39081	50761	26050	23172	65686	12228	0	11932	24114	22535	31439	35337	47206	67985	28232	58202	30781	15273	17413	46103	40594	38970	27535	51067	8407	55036	46180	5805	59053	22428	31325	36035	35768	25566	59623	5485	40930	30902	33222	26907	56782	40054	39359	42534	18186	45583	11640	51082	62127	17485	20140	41429	51465	42359	40452	56340	53174	26406	24260	48605	29123	44235	49065	19239	29790	47621	55648	62822	6770	61218	58210	47471	40196	21168	31940	62587	24605	33738	53222	52466	21501	32922	13730	41820	49901	38541	39551	50452	46056	37944	64072	55484	33316	46830	56414	46429	40492	56202	49263	8583	50456	16964	42916	60129	34045	29727	31496	35133	9587	13620	19026	21351	36179	56327	46234	56973	22939	49391	51591	27280	50397	43269	17776	38160	22958	57841	19581	63064	60743	59589	34894	5548	14291	39400	51492	35404	46904	38531	12771	24297	62312	62723	39277	21663	45638	38926	43430	47557	28204	58112	44175	49633	49326	35315	29134	37960	51481	49067	52428	52365	38068	23681	49470	34570	48874	35550	14331	56386	53726	65845	14053	67892	34100	29511	18657	54936	37180	57953	32047	53579	53816	22517	64616	50348	50492	59071	57660	
7693	23453	37738	30839	10493	51243	27050	32567	19219	27173	38853	28741	25864	57223	8192	11932	0	12182	17973	19507	23405	43833	56053	22484	65646	18849	18288	9705	34171	28662	27039	15603	39136	6895	62479	34248	16063	47122	21330	19393	24103	23836	28706	45291	6618	28999	18971	28746	32791	47780	28123	45298	30602	24125	44389	16139	39151	59513	13740	24779	29498	51326	37639	28520	63784	41277	15783	12328	56048	17191	51679	41679	7308	32011	35689	43716	50891	12281	49286	46278	47552	28265	18962	20009	48256	26827	21806	41290	47998	18512	20990	1798	29888	37970	26609	38371	42523	34124	26013	52140	43553	33975	34898	44482	34498	48140	42224	37331	12232	38524	5032	30984	45798	22113	35610	17257	23202	2951	19559	23524	24490	24247	63771	34302	57060	11007	44342	59035	30419	38466	31337	25525	38397	11026	45910	11873	48732	51741	47658	22963	15831	5694	27468	58935	23472	46985	26600	4306	12365	50380	50792	27345	9731	33706	26995	31498	55000	16273	46181	32243	37702	56770	23383	26644	26028	40904	56511	40497	52452	26136	26820	53587	22638	56318	23619	7695	63830	41795	53914	14183	48765	36321	31733	21796	54797	43119	46021	20116	41648	43976	16591	52684	38416	45442	47260	65104	
5274	18701	34661	27762	7755	48166	23973	33719	16142	24096	35776	25664	22787	54145	13408	24114	12182	0	14875	17192	21090	41518	53738	19386	63330	16533	23890	13513	31856	26346	24723	13288	36820	19139	60164	31932	28307	44806	18232	16286	21788	21520	30540	42975	18862	26683	16655	26431	29692	45464	25807	38747	28286	33877	42073	22828	36835	57198	19342	31377	27182	49011	34540	26205	61468	38961	11060	10012	53733	14875	49363	39363	2668	28913	33374	41400	48575	24524	46971	43962	45237	25949	24291	17693	45940	23729	19491	38975	45683	23089	18674	10649	27573	35654	24294	38939	40207	31808	23697	49825	41237	31659	32582	42167	32182	45824	39908	35015	21983	36208	6024	28669	43482	19798	32512	12534	20095	15194	29310	30058	26324	21932	61455	31986	54745	7909	42026	56719	35431	36150	29022	32755	35298	2775	43594	15890	46417	49426	45342	20647	28074	12361	25152	56619	21157	44669	24284	10580	6806	48064	48476	25029	5008	31391	23888	29182	52685	13957	43865	29927	35386	54454	21067	23546	23713	38589	54195	38181	50137	23820	31832	51271	20322	54002	21303	19939	61514	39479	51598	19785	46450	33223	28635	27398	52482	40949	43705	17800	39332	41660	13492	50368	36101	43126	44944	62788	
20149	30700	32350	22176	22630	42580	26783	19124	5107	18510	30190	11068	8191	48560	24243	22535	17973	14875	0	20175	16398	22963	49046	6012	47177	19516	12004	7115	19787	21655	18175	13845	32129	24748	44010	27241	19921	40115	3436	20527	24770	10373	15744	38284	24471	29666	11492	11002	14897	40772	28790	23951	31269	20018	37382	10942	32144	51101	4031	16582	30165	34604	19745	21513	45315	34270	25835	12995	37579	9713	27374	34672	17443	14118	28682	36709	43883	18378	42279	39271	36446	13822	9495	20676	41249	8934	9535	34283	40991	8293	21657	13048	15521	30963	9991	24144	24177	25260	26680	45133	36546	14440	20280	37475	27491	21796	35217	30324	14269	31517	20800	14062	38791	15106	17717	27932	24335	15542	21596	18172	11529	24915	45302	27295	45947	6966	37335	30049	20636	31459	24330	25041	20503	13619	38903	3410	41725	44734	40650	23630	20153	10032	28135	40466	24139	35878	20368	21320	21443	43373	43785	19866	19784	27826	28128	17199	26787	16940	39174	25236	30694	27784	16376	10172	19021	33897	28091	33489	41339	18658	17037	38444	15160	37849	12408	10636	45361	34787	46907	10482	41758	18428	13839	13405	38075	26154	39014	14461	34641	36968	4196	45677	31409	38435	40253	46635	
22465	27227	17610	18610	24947	43060	12069	50263	14561	17910	30670	31063	28186	49606	25777	31439	19507	17192	20175	0	15898	36325	28812	21165	58138	4886	29029	18652	22998	13917	11720	7306	22937	27177	54972	17605	32774	33789	23370	10732	16279	14229	35679	37783	26900	15035	9290	21022	34831	40272	16517	44955	14251	39015	36881	27967	18876	52006	24481	36516	13146	43818	32290	16881	56276	33769	28264	12724	48541	10419	44171	34171	19872	34052	20199	21084	34933	31232	30286	30962	40045	19704	29430	20404	40748	28868	17716	26697	40491	28227	4639	18687	20625	30462	18885	49737	35015	14597	9661	27891	38899	24711	27390	25224	26990	40632	34716	29823	27122	26493	23228	22423	38290	12753	37651	27660	12842	23232	34449	35197	31463	24643	56263	26794	49553	13048	36834	51527	40570	30958	21566	37894	46375	16048	41256	21028	41224	44234	25421	8999	33006	20399	20399	51427	8302	39477	5630	23749	18080	45726	46138	12401	22213	13088	15365	20325	47493	6534	41527	16240	30194	49262	11000	24835	13156	33396	49003	32989	44945	8455	36971	46079	7694	48810	15895	23489	56322	20862	49260	24924	49165	29732	28250	32537	47290	51224	41366	6507	34140	36468	18631	48030	30909	37934	39752	57596	
26363	34128	14682	8486	28845	28891	30306	36094	11268	4417	16500	20940	24298	34870	29675	35337	23405	21090	16398	15898	0	21219	33439	11686	43031	26324	36171	25794	11557	5449	5403	19243	16521	34319	39865	11633	39916	24507	16655	28327	31555	8190	42714	22676	34042	55072	10551	6739	21534	25165	35575	29848	23570	48130	21774	35109	10408	36899	22874	49169	39797	28712	18939	4128	41169	18662	34681	19780	33434	11206	29064	19064	27014	17879	13075	21101	28276	38373	26672	23663	24938	5650	21367	27461	25641	15352	13171	18676	25384	20164	20417	25829	7274	15355	10384	34630	19908	11897	20815	29526	20938	11360	12284	21868	11883	25525	19609	14716	34264	15909	30370	8370	23183	6970	37675	34717	32136	30374	52828	51916	23400	31700	41156	11687	34446	20190	21727	36420	38778	15851	8723	56611	31268	22564	23295	21888	26118	29127	25043	30438	40148	27541	34920	36320	24081	24370	16455	30891	28228	27765	28177	8641	29491	15198	35929	8883	32386	23748	23566	9030	15087	34155	8240	13149	2816	18290	33896	17882	29838	12621	42607	30972	8376	33703	7394	30631	41215	19180	31299	32065	26151	16381	14898	25276	32183	36117	23406	12028	19033	21361	16711	30069	15802	22827	24645	42489	
46791	54556	44008	15733	49273	16152	57329	17614	31696	21617	16686	14620	18175	25568	50102	47206	43833	41518	22963	36325	21219	0	35791	16353	26058	44008	35447	43477	7335	22635	25871	36927	25305	52002	22892	20417	44081	26859	20672	46011	49239	25874	25741	20122	51725	57424	29990	13516	13374	17281	53258	12875	47556	31157	4801	26913	25320	19925	22402	32196	42149	11738	8926	19017	24196	13673	52365	37464	16460	28889	12091	7367	44697	13790	21858	29885	30628	46237	29024	26016	7964	12759	20837	45144	23087	14296	30854	22569	13686	19635	46149	43512	12336	17961	28068	17656	4014	28651	47116	31878	23290	9119	12927	32611	16716	4696	16701	13011	42892	18515	48054	10664	20629	24654	10828	52400	63848	48057	35855	34943	19154	49383	24183	14293	17472	37873	10030	19447	21805	18457	17506	39638	9148	40248	25647	25657	23563	21243	35492	61358	46434	45224	52604	19347	62619	6647	47315	48574	45912	30118	30529	29110	47175	41415	61074	13645	15413	41431	25918	25784	9153	17182	25924	12269	23284	8549	16923	20487	12864	33089	25634	13999	29521	16730	25077	48314	24242	27964	33651	25695	28391	3823	8131	29456	15209	19144	25759	33172	26723	14316	34394	32422	18407	11130	19570	25516	
59011	54935	11742	27953	61493	32411	39195	49131	43916	33837	23472	46654	63829	20352	62323	67985	56053	53738	49046	28812	33439	35791	0	32624	56721	31168	66110	48197	30228	20558	22237	35356	10454	56721	53554	17495	74744	9817	44420	50971	48983	30593	56404	24135	56445	37492	28492	29393	53734	26578	46254	43538	27612	61820	35464	73815	13807	47977	45277	62859	22205	42401	42043	20845	54859	26524	57084	42183	47123	33609	42754	32754	49416	46908	14343	9583	9545	60776	6803	9934	34458	26589	63330	49864	19213	47413	35573	10177	33422	63864	27925	48231	23258	20995	32787	48319	33598	16197	24679	2168	14824	40800	26774	5564	21547	39215	24476	22948	56667	14678	52773	40248	23155	29373	51365	57120	43916	52777	66518	65606	61443	52981	54846	25506	28657	42592	35417	50110	52468	18556	19571	70301	44958	44967	12331	44291	19927	30540	6581	41426	62551	49944	50103	50010	28240	38060	23612	53293	50631	14032	11310	20690	51894	15551	41142	22116	46075	35063	13072	16475	28777	47845	25461	34087	21197	31979	47586	20732	30989	20833	56297	44662	24139	47393	29796	53033	54905	12502	17566	54468	25587	36940	41249	60119	45872	49807	17789	30234	18256	32795	39114	12253	29620	34468	28867	50811	
24659	37389	24608	10407	27141	27219	31293	22360	8009	8148	21651	9574	11427	40021	28753	28232	22484	19386	6012	21165	11686	16353	32624	0	37089	24027	17422	11625	13775	15200	14960	19060	23084	29259	33922	18196	25778	31070	4969	25038	31372	7925	19081	29239	28982	34177	12996	4990	18233	31728	35392	20505	35780	23354	19120	16360	23099	41014	9936	19918	30552	26057	13448	13002	35227	25225	30346	18211	27491	11217	23122	18802	21954	10674	19638	27664	34839	24236	33235	30226	22283	7810	12832	27278	32204	4434	3523	25239	25121	11629	26168	20769	9510	21918	3979	21018	14049	21649	31191	36089	27501	8429	14268	28431	18446	16616	26172	21279	20126	22472	25310	8050	29746	10035	21053	34534	28846	21399	24063	23589	14865	31516	35214	18250	31791	11477	21465	30478	23972	22414	15285	27904	19250	18130	29858	9129	32681	35690	31606	28141	26011	15890	34737	30378	28650	20966	23258	25831	28045	34328	34740	18393	24295	24949	32639	11188	26443	21451	30129	18781	21650	28213	11305	4160	12567	24853	27954	24445	27183	21548	20373	28357	14902	27761	6396	16493	35273	25743	37862	16200	32713	10890	9408	16741	29528	29490	29969	17352	25596	27924	7114	36632	22365	22565	31208	36547	
68604	76368	65821	37546	71085	19910	79141	28610	53509	43430	38499	36737	43308	42771	71915	58202	65646	63330	47177	58138	43031	26058	56721	37089	0	63731	43489	50569	31490	42358	45594	56650	45028	60879	3665	40140	52123	44976	43360	65734	68962	45597	33783	36465	57784	77147	49713	44396	31113	33624	72981	16821	67279	39199	22374	51194	45043	8640	47009	40238	61872	12194	23391	38740	3903	30016	72088	57187	8511	48612	17183	27090	64420	31177	41581	49608	50351	54279	48747	45739	24313	35987	40708	64867	39429	35297	50577	42292	25897	41243	65872	63235	38274	37684	47790	25698	27243	48374	66839	51601	43013	34446	32650	52334	36439	19924	33044	32734	50934	38238	67777	33893	36971	44376	28743	72123	83571	60075	43897	42985	38821	69106	8725	34016	33815	57596	26233	19776	29846	38180	37229	47680	20929	59970	45370	49249	39906	23129	55215	81081	54476	60509	72327	3283	82342	21366	67038	63704	65634	49841	50252	48833	66898	61138	80797	33367	9686	61154	45641	45507	28876	15085	45646	33270	43007	28271	17818	40210	29207	52812	33676	12891	49244	7328	44800	56643	3859	47687	42397	45083	44734	27803	29133	37498	12258	27186	38930	52895	43510	30658	54117	52145	38130	27334	35913	6623	
21807	23515	20096	29740	24289	50144	7254	38460	18121	26074	37754	30405	27527	62097	25118	30781	18849	16533	19516	4886	26324	44008	31168	24027	63731	0	28544	18167	33818	18733	16535	9237	28304	26692	62127	22421	32289	52514	22885	7158	14361	23483	35194	57759	26415	10150	14106	28394	34346	60202	11632	52110	11378	38530	44036	27482	23692	59160	23996	36031	12622	50973	41201	28168	63431	40924	27779	12239	55695	15234	51326	41326	19387	33567	35336	23525	56283	30747	45745	51671	47200	27912	28945	19919	61065	28383	21454	40938	47646	27742	3164	18202	29535	37617	26256	56892	42170	20140	9137	43351	48945	33622	34545	40684	34145	47787	41871	36978	26637	38171	22743	30631	56778	21760	37166	27175	7956	22747	33964	34712	30978	22318	63418	33949	62281	12563	43989	58682	40085	38113	30984	37409	39952	15563	51302	20543	61542	64164	40881	4114	32521	19914	15514	58582	4623	46632	9724	23264	17595	55773	56184	17217	21728	16831	10479	31145	54648	6049	51573	21055	37349	56417	15815	28200	17972	40551	56158	40144	52099	13270	36486	53234	12510	55965	23266	23004	63477	23680	59306	24439	59211	38643	37160	32052	54444	58379	51412	11322	52378	43623	18146	58077	38064	45089	62491	64751	
29164	39715	46486	39586	31645	42744	35798	16791	18279	25569	47888	16581	11889	52160	22192	15273	18288	23890	12004	29029	36171	35447	66110	17422	43489	28544	0	9527	41396	38254	36631	25195	48728	18186	41733	43840	12438	54832	12619	29451	33695	23314	13007	46320	15091	38591	24433	22579	14348	43479	37715	25442	40194	13689	32280	4069	48743	48824	7677	9081	39089	38163	20954	38112	43038	39871	30614	21920	35302	22654	30932	35762	22139	17438	45281	53308	57453	11002	58653	55645	34169	25398	8539	29600	49285	14797	21112	52199	39163	10998	30582	16426	27098	47590	21568	22672	37150	43716	35604	61508	52920	23508	42557	62240	46345	27189	42899	42640	7636	48144	19863	22538	46827	31705	17167	36856	33260	16777	9621	9147	8791	33839	43025	43923	43670	17384	36089	30763	14720	48086	40929	13462	20855	22544	55277	11551	49761	47441	65122	32555	12670	13410	37060	38189	33064	33601	36192	20406	30368	59747	60159	32808	24562	43298	37053	43274	34254	25864	55548	41835	38782	29274	32975	19325	35620	38178	29582	45681	39062	31599	11121	36167	28101	35572	23985	13345	43084	51386	52252	4041	54589	24291	20527	6097	41634	23877	48785	29708	53365	40514	15036	62051	42383	37189	45768	44358	
18787	29338	36109	29209	21268	49614	25421	23871	8911	25544	37223	15236	12359	55593	15974	17413	9705	13513	7115	18652	25794	43477	48197	11625	50569	18167	9527	0	33459	27950	26326	14891	38423	14146	48735	33536	15210	46409	9487	19147	23391	14010	20009	44579	13870	28286	15129	16615	18884	47067	27410	27938	29890	21451	43677	8529	38438	55826	5044	16083	28785	50614	23732	27808	50040	40565	24456	11616	42304	13350	37935	40967	16063	18105	34977	43004	50178	13667	48574	45566	46840	19435	10265	19296	47543	12921	13930	40578	47286	9816	20278	7907	29176	37258	15605	29675	41811	33412	25300	51428	42840	20054	34186	43770	33785	25783	41512	36619	9558	37812	11344	19675	45085	21401	21704	26552	22956	10831	16885	15759	15794	23535	50027	33590	50672	7080	43630	34036	21722	37753	30625	20330	24490	12240	45197	3177	48020	51029	46945	22250	15442	4891	26756	45191	22760	46273	25887	12551	20064	49668	50079	23504	18404	32994	26749	30786	41256	15560	45468	31531	36989	31771	22671	15785	25316	40192	32078	39784	46064	22295	18123	43169	18797	42574	22906	5925	50086	41082	53201	5486	48053	22415	17826	13099	54085	30879	45309	19403	40935	43263	5732	51972	37704	44730	46548	51360	
37129	44894	21238	5242	39611	16761	52648	25106	22034	8711	12005	15401	18955	29905	40441	46103	34171	31856	19787	22998	11557	7335	30228	13775	31490	33818	41396	33459	0	12807	12827	25795	16245	40871	28956	11357	50145	21426	19050	34879	38107	14742	21651	19849	40594	51991	18859	9804	18969	19390	42127	18939	42123	37221	10865	28437	16259	25989	24017	38260	36716	17802	13696	7221	30260	15782	41233	26332	22524	17758	18155	7927	33566	15314	12798	20825	25195	44925	23591	20583	11146	8045	22361	34013	22814	15820	16313	18399	14246	21159	27585	32381	4598	12528	12224	23721	3941	18823	41683	26445	17857	6117	3892	21591	11634	14616	16782	7387	40816	13082	36922	5564	25692	13522	17085	41269	38688	36926	41919	41007	24193	38252	30247	8860	19581	26742	10590	25511	27869	12061	8446	45702	20359	29116	20214	23210	23290	23352	24766	55925	46700	34093	41472	25411	57186	13461	23622	37443	34780	24685	25096	15809	36043	22123	55641	3610	21477	30300	20485	15956	5016	23246	14792	9731	11465	7992	22987	15054	14973	19788	31698	20063	15544	22794	13946	37182	30306	18903	28218	38617	28124	9332	9655	35520	21273	25208	20326	19195	21290	12880	23263	26989	12974	11690	21679	31580	
31620	39385	10223	7571	34101	28772	23539	35975	16525	7581	16381	23410	24045	34751	34931	40594	28662	26346	21655	13917	5449	22635	20558	15200	42358	18733	38254	27950	12807	0	2634	15292	10149	37972	40895	3688	43569	21823	20308	24654	35209	11844	43745	23706	37695	24015	8889	10393	41075	26195	30439	30878	19544	49161	22805	38762	6006	37929	26528	50200	18915	29742	21890	6481	42199	19692	38335	23434	34464	11108	30094	20094	30667	23508	6870	13662	22967	42027	19468	24694	25968	9303	25020	31114	26671	19005	16824	14368	26414	23818	18561	29482	9613	16385	14037	35660	20938	7495	16884	17562	21968	14311	11977	14428	11795	26555	20640	15747	37917	14164	34024	12023	24213	7611	38705	38370	26764	34027	53859	52946	27054	35353	42186	12718	35476	23843	22757	37450	39808	16881	7648	57641	32298	26217	24325	25542	27148	30157	17160	22921	43801	31194	38574	37351	20445	25400	12018	34544	31881	28796	29207	4616	33145	10795	27125	9934	33416	20456	24596	4628	16117	35185	5858	16802	3406	19320	34926	18912	30868	8595	43638	32003	6519	34733	11047	34284	42245	10200	32329	35719	27181	24281	17849	28929	33213	37147	24436	10171	19285	22391	20364	31099	16832	23858	25676	43519	
29997	37761	11903	8491	32478	32008	23382	39211	13045	7534	19617	23364	26075	37987	33308	38970	27039	24723	18175	11720	5403	25871	22237	14960	45594	16535	36631	26326	12827	2634	0	13090	12190	34896	43206	6317	40493	21046	22594	22451	32133	8768	34903	26018	34619	26149	6687	10408	34055	28506	28237	33189	18589	51472	25116	35686	7588	40240	23451	35740	13870	32053	21906	6497	44510	22003	35258	20357	36775	8906	32405	22405	27591	23524	8911	14556	22190	38951	18691	27005	28279	9319	28654	28038	28982	19021	13748	15409	28725	27451	16358	26406	10240	18696	11541	37971	23249	7517	16755	19603	24279	14327	15625	16469	15224	28866	22951	18058	34841	15205	30947	12039	26524	5409	41016	35294	24561	30951	42168	42916	30687	32277	44497	15029	37787	20767	25069	39761	42119	19192	10278	45613	34609	23141	26636	22466	29459	32468	18892	20719	40725	28118	35497	39662	20022	27711	12396	31468	28805	31107	31518	3660	30069	10817	27084	9941	35727	18254	26907	6368	18428	37496	3656	16818	3196	21631	37237	21223	33179	7640	45949	34314	4317	37044	8550	31208	44556	11971	34640	32643	29492	19348	17865	32563	35524	39458	26748	7969	22374	24702	17288	33410	19143	26169	27987	45830	
18561	26326	24284	22659	21043	43063	16491	50266	11039	18993	30673	24734	21857	49042	21873	27535	15603	13288	13845	7306	19243	36927	35356	19060	56650	9237	25195	14891	25795	15292	13090	0	31544	23753	54888	18975	29350	39530	17191	10897	20990	12583	29499	37700	23476	19426	10515	21155	28652	40188	18382	44871	21030	35592	36798	24543	20246	51922	17689	30337	19598	43735	33962	18251	56192	33686	24116	9215	48457	8402	44087	34088	16448	27873	28098	27759	43299	27808	41695	38687	39961	20673	23250	16895	40664	22688	14215	33699	40407	22048	11418	15263	22297	30378	19018	49653	34932	17972	16440	34565	35961	26383	27307	28780	26906	40548	34633	29740	23699	30932	19805	23393	38206	14522	31471	24151	14706	19809	31026	31773	25284	21134	56179	26711	49469	9624	36751	51443	34391	30874	23746	34471	46291	11999	38318	14849	41141	44150	32095	13390	29583	16976	24355	51344	13900	39393	12304	20325	17663	42789	43200	13771	18926	19763	19756	23907	47409	6700	38589	17610	30110	49178	12370	21334	14526	33313	48919	32905	44861	10594	30792	45996	9065	48726	16027	20065	56238	22426	46322	21500	41174	31404	29922	27160	47206	51140	38430	5121	34056	36384	12452	45092	30825	37851	39669	57512	
42094	49858	8793	11008	44575	29209	38095	38645	26999	16920	19051	30018	31928	24332	45405	51067	39136	36820	32129	22937	16521	25305	10454	23084	45028	28304	48728	38423	16245	10149	12190	31544	0	46962	43318	7558	52559	9695	34660	40970	44198	20833	46167	21131	46685	28655	18501	19633	43498	23574	36877	33301	24184	51583	25227	47752	3870	40352	35517	52622	19425	32164	31806	11086	44622	22115	47324	32423	36887	23849	32517	22517	39657	29771	4584	4585	10839	51016	7340	8589	28391	16829	40719	40104	25097	26531	25814	3435	28837	39517	24769	38472	13498	14135	23027	38083	23361	8386	21523	8252	11820	19150	14399	5970	11787	28978	23062	18169	46907	7936	43013	19549	20151	19613	41128	47360	34539	43017	56281	55369	42753	44343	44609	15140	25654	32833	25180	39873	42231	13357	9811	60064	34721	35207	12209	34531	24559	27536	8527	27937	52791	40184	47563	39773	25085	27823	17916	43534	40871	18664	16553	12521	42134	12395	31765	12356	35839	36391	11728	6538	18540	37608	20883	24328	13031	21742	37349	17051	33291	15742	46060	34425	16131	37156	20037	43274	44668	4410	22198	44708	22583	26704	24112	49882	35636	39570	14785	19783	13057	24814	29354	20968	19255	26280	25864	45942	
10042	26862	44634	37734	16948	60134	33946	32529	26115	34068	45748	28374	25497	64118	3844	8407	6895	19139	24748	27177	34319	52002	56721	29259	60879	26692	18186	14146	40871	37972	34896	23753	46962	0	58998	41143	11161	54017	28225	26288	30999	30731	28641	52186	3094	35894	25866	35642	29982	54675	35018	43321	37497	22148	51284	14715	46046	66089	18825	24555	36393	58222	46321	35416	60303	48172	15551	19223	52567	24086	48197	48574	14203	38907	42585	50611	57786	8494	56182	53173	54448	35160	24243	26904	55151	33723	28702	48186	54894	24576	27885	8694	36784	44865	33505	43513	49418	41019	32908	59036	50448	40870	41794	51378	41393	44454	49119	44226	11658	45419	11927	37880	52693	29009	32802	20640	30097	4551	17582	22101	24426	24553	60290	41197	60935	17903	51237	55553	30355	45361	38233	21738	42122	17921	52805	16958	55628	58637	54553	29858	12307	9255	27773	55454	30368	53880	33495	7735	19260	57275	57687	34240	16627	40602	33890	38393	51519	23168	53076	39138	44597	53289	30278	33539	32924	47800	53029	47392	56327	33031	26756	53432	29533	52836	30514	9295	60349	48690	60809	17128	55661	43217	38628	21732	61693	41142	52916	27011	48543	50871	23486	59579	45312	52337	54155	61623	
