//--------------------------------------------------------------------------------------------------------------------
//-- données sur la DOUBS récupérés par le géocodeur (matrice symétrique)
//-- 
//-- C. Duhamel, P. Lacomme C. Prodhon - juillet 2009 : 4100 kg à collecter, flotte de capa 8000
//--------------------------------------------------------------------------------------------------------------------
142 6 999999 0 0 0
10 50  100 1.3
10 100 125 1.6
10 100 145 1.4
10 200 165 1.8
10 200 185 1.5
3 500 250 2.1
0   // la ville qui represente le depot
0	19038	77839	125018	14544	130524	28641	114581	12162	92174	92520	98310	65491	10980	20485	59071	22332	43218	85871	20889	97457	9171	82702	47134	74025	20681	107551	112775	123715	85439	43769	89905	98873	47815	25804	16243	96432	20851	13190	35025	102957	9008	72458	33725	84890	118198	21607	87057	106887	83785	23184	13876	14599	17391	103011	43133	98447	133889	93147	80369	76654	71139	18294	100784	122951	63241	4574	119998	140851	40564	126375	129447	139258	101796	49474	71948	62195	133549	75922	137754	119848	28184	25853	37763	84220	15045	75262	21138	140017	88676	19007	29406	92575	102950	70768	132580	93780	68613	156455	77771	76061	18476	80585	68350	97150	128171	92829	52060	90817	20860	92533	106022	93891	77840	102694	113220	84504	10331	66964	66904	24895	30008	106189	25487	19728	53596	96774	8043	94495	15760	14289	101697	82038	104984	88802	12491	7217	81974	79781	16856	63167	18302	102735	
19038	0	75049	122228	12380	127734	26363	111791	10109	89384	89730	95521	85027	6805	16817	56282	22725	57063	83081	9696	94667	21840	79912	60393	71235	22195	104761	109985	120926	82650	57028	87115	96083	45025	27640	13965	93643	2520	5476	55339	100168	8240	69668	31283	82101	115408	16594	84268	104097	80996	23577	6078	7418	2254	100222	56392	95658	131100	90358	77579	89950	84398	7214	97994	120162	80249	16607	117208	138061	37774	123586	126658	136469	99006	62733	85207	75454	130760	89181	134965	117058	28577	26246	51022	81431	16435	72472	18348	137228	85886	11218	26776	89786	100160	84027	129790	90991	81872	153665	74982	73272	4100	77795	81647	94361	125381	90040	62271	88027	26961	120079	103232	91101	75050	99904	110431	81715	18914	64174	64114	38154	30401	103399	23209	14715	50806	93984	12872	91706	7170	6936	98908	79248	102195	86013	16321	12840	79185	76991	6303	76426	19415	99946	
77839	75049	0	45085	66373	66425	60179	61596	68397	28074	28421	34211	46330	77522	64131	17799	65978	69277	12918	72141	20217	79987	14728	73520	20663	65923	43452	48676	70730	10706	91414	25806	34773	34695	70894	64710	32333	73495	74997	90134	38858	72419	6897	63430	16917	65213	66780	22958	42787	32003	66830	71503	68816	74776	21683	90373	34348	80904	29048	26494	62902	74713	70760	36685	69966	58637	74625	67013	87866	49988	73391	76462	86273	24556	75555	67786	70687	80564	82456	57821	55748	56982	61345	85408	24668	68862	5365	62076	87033	24577	69324	59832	16271	38850	79261	79595	17296	67721	103470	24410	22186	72163	2746	58059	36325	75186	28730	50962	26718	64894	69884	41922	29791	10734	24820	36837	4988	77061	34109	7811	81882	56237	42089	64406	66258	63020	20136	70890	30396	68798	71557	24108	7462	40885	39252	69524	73904	45048	11807	71727	77780	62668	50954	
125018	122228	45085	0	113119	41226	106925	35885	115142	44006	44352	27289	43762	124267	110877	60862	112724	67040	36764	118887	26808	126732	47960	70952	43522	112668	29978	30245	27133	38045	80888	41684	41040	69936	117639	111455	48265	120241	121742	84712	41550	119164	54883	110176	45629	35701	113525	38651	46081	31139	113576	118249	115561	121521	24043	76330	36514	30718	44980	34688	45998	57755	117505	33052	36975	56069	121370	31520	56050	96734	41575	34789	49047	22749	72987	57603	68119	48748	58802	14424	35667	103728	108090	79077	28147	115607	47649	108822	55521	40508	116069	106578	31628	32374	68309	47779	28473	54825	58516	38769	38090	118909	46270	47889	15084	43370	41733	56712	36648	111640	40371	44615	38533	61221	20371	24612	44419	123806	88386	54205	86101	102982	44781	111151	113004	70156	28326	117636	36274	115544	118302	22429	43719	33485	36684	116269	120650	43977	50723	118473	72030	109414	19757	
14544	12380	66373	113119	0	118336	14626	102393	4185	79985	80332	86122	75628	13764	5080	46883	9142	47664	73683	7753	85269	15639	70513	50995	61837	12796	95363	100587	111527	73251	47629	77717	86685	35627	13686	2228	84244	10283	11239	45940	90769	8207	60270	14858	72702	106010	7100	74869	94698	71597	11066	6106	4478	11563	90823	46994	86259	121701	80959	68180	80552	75000	6371	88596	110763	70850	10413	107809	128663	28376	114187	117259	127070	89608	53334	75808	66056	121361	79782	125566	107659	16067	12664	41623	72032	10565	63074	8950	127829	76488	5237	15039	80387	90762	74629	120392	81592	72473	144267	65583	63873	8951	68397	72248	84962	115982	80641	52873	78629	17562	110680	93834	81702	65652	90506	101032	72316	12713	54775	54716	28756	17891	94000	11472	5221	41407	84585	6679	82307	5526	4239	95602	69850	92796	76614	5955	9693	69786	67592	8515	67028	7216	90547	
130524	127734	66425	41226	118336	0	112784	64198	121002	52206	52553	28365	66329	130127	116736	86353	118583	121882	37840	124746	28827	132592	56160	93519	48132	118528	19698	11777	52588	39121	103455	49938	27512	96065	123499	117315	56465	126100	127602	107279	25768	125024	73649	116035	53829	61155	119384	47090	48224	53707	119435	124108	121421	127381	30974	98897	39785	48346	53180	40146	81947	83210	123365	24201	62429	78636	127230	56975	74719	102593	67029	54762	62119	24769	95554	83057	90687	74203	84257	40107	5987	109587	113950	101644	42784	121467	64503	114681	68593	48709	121929	112437	37086	25700	93764	69148	33931	87720	65868	53625	43548	124768	69826	78058	43351	65916	44690	79280	44539	117499	65826	26414	44474	67081	27617	12953	45495	129666	94245	70017	134487	108842	23417	117011	118863	115625	39243	123495	41114	121403	124162	36837	44795	20700	59251	122129	126509	66544	69022	124332	97779	115273	50006	
28641	26363	60179	106925	14626	112784	0	96159	18809	73751	74098	79888	57409	25908	10773	40649	9501	40091	67449	16844	79035	30399	64279	58629	55603	20430	89129	94353	105293	67017	55263	71483	80451	23184	15819	12396	78010	22716	23383	53575	84535	22831	54036	3251	66468	99776	8514	68635	88464	65363	18164	19889	16621	23996	84589	54628	80025	115467	74725	61946	72978	80263	20433	82362	104529	63277	25037	101575	122429	14082	107953	111025	120836	83374	60969	76118	71319	115127	85045	119332	101425	11881	8975	49257	65798	21114	56840	16584	121595	70254	14749	8215	74153	84528	79892	114158	75358	74085	138033	59349	57639	21384	62163	64675	78728	109748	74407	45299	72395	25196	104446	87599	75468	59418	84272	94798	66082	27473	35004	48482	36390	13735	87766	4512	9938	33834	78351	21303	76073	20809	18854	83275	63616	86562	70380	20194	24317	63552	61358	20948	74662	14250	84313	
114581	111791	61596	35885	102393	64198	96159	0	105027	63299	63645	61289	29585	114152	100762	62216	102609	52863	54732	108772	55994	85461	67252	45844	43730	78576	63978	72032	18712	55874	53013	60977	65728	71289	90133	101340	67557	110126	111627	57747	66238	109049	55091	91579	64921	5703	103410	57944	69182	29804	103461	108134	105446	111406	51560	50156	61203	28886	64272	51436	17682	19813	107391	64065	13469	38531	111255	14995	28838	78137	14363	24444	27245	56749	42948	19661	29547	21536	20860	24971	75850	85130	89493	54395	39935	105492	64608	98707	28005	59801	105954	87981	48376	63578	30367	20567	46759	24497	44442	38977	48772	108794	63793	28973	30542	16158	63955	42536	59749	76168	11245	69303	63087	57876	54697	67555	61942	82845	76517	54413	65483	84173	69470	92554	102889	55979	45024	107521	60962	105429	108187	46585	61243	68265	29057	106154	110535	35300	70015	108358	34088	99299	22062	
12162	10109	68397	115142	4185	121002	18809	105027	0	82291	82637	88428	77934	10655	10602	49189	12449	49970	75989	10568	87575	13444	72819	51874	64142	13675	97669	102893	113833	75557	48508	80023	88990	37932	15921	6360	86550	10530	8939	46819	93075	5580	62575	23404	75008	108315	11724	77175	97004	73903	13301	5835	4278	9103	93129	47872	88565	124007	83265	70486	82858	75879	7973	90901	113069	67980	8211	110115	130968	30681	116493	119565	129376	91913	54213	76687	66934	123667	80661	127872	109965	18302	15971	42502	74338	8039	65380	11255	130135	78794	9055	19523	82693	93067	75508	122697	83898	73352	146573	67889	66179	8155	70703	74554	87268	118288	82947	55178	80935	18441	112986	96139	84008	67957	92812	103338	74622	10518	57081	57022	29634	20126	96306	15604	9845	43713	86891	4477	84613	5439	3968	91815	72156	95102	78920	5022	7066	72092	69898	6535	67906	8419	92853	
92174	89384	28074	44006	79985	52206	73751	63299	82291	0	2534	15692	49205	91931	78541	48157	80387	83686	9859	86551	16709	94396	10945	76395	31231	80332	22395	27278	72652	14540	105824	7138	13376	57869	85303	79119	5717	87905	89406	104543	13950	86828	26967	77840	8614	67134	81189	5715	9711	36583	81240	85913	83225	89185	22264	81773	12633	73301	5403	23245	64823	76635	85169	15287	71888	61512	89034	68934	89787	64398	75312	78384	88195	21048	78430	69708	73563	82486	84378	57006	34350	71392	75754	99818	25660	83271	26307	76486	88954	3753	83733	74242	19062	17794	82136	81517	19126	70596	105392	36501	26647	86573	19618	60934	37317	77107	3361	62156	6481	79303	71805	14882	6131	28885	21946	32473	17767	91470	56050	31822	96292	70646	20691	78815	80668	77429	22119	85300	11011	83208	85966	27042	17068	19487	42127	83933	88314	49420	13708	86137	80655	77078	43972	
92520	89730	28421	44352	80332	52553	74098	63645	82637	2534	0	16450	48093	90819	77428	47045	79275	82574	8746	85438	15597	93284	9105	75283	30119	79220	24191	32068	71540	13428	104711	5298	18833	56757	84191	78007	5679	86792	88294	103431	22250	85716	25855	76727	6774	66022	80077	5203	10733	35470	80127	84800	82113	88073	21151	80661	14258	72188	3495	22133	63711	75522	84057	20077	70775	60400	87922	67822	88675	63285	74200	77271	87082	19936	77317	68596	72450	81373	83265	55894	39141	70279	74642	98705	24548	82159	25195	75374	87842	3006	82621	73129	17949	19590	81023	80404	18013	69484	104279	35389	25535	85461	18505	59822	36205	75995	5618	61043	7909	78191	70693	25315	7558	27773	20834	31360	16654	90358	42834	30710	95179	69534	25482	77703	79555	76317	21006	84187	12635	82095	84854	25930	15955	24278	41014	82821	87201	48308	11868	85025	79542	75965	42859	
98310	95521	34211	27289	86122	28365	79888	61289	88428	15692	16450	0	45798	103817	90427	60043	92273	69076	9673	98437	4581	106282	20869	72988	27824	92218	9687	17529	57240	14101	82924	14593	9344	69755	97189	91005	21174	99791	101292	86748	10987	98714	26528	89726	18538	63727	93075	11560	19741	33175	93126	97799	95111	101071	11310	78366	9516	60825	17889	19838	61416	73227	97055	5764	68481	58105	100920	65527	86380	76284	71905	64896	79154	10030	75023	66301	70155	79079	80970	44531	24602	83278	87640	81113	22253	95157	20558	88372	85547	13417	95619	86128	15654	5085	78729	78109	13994	67189	87912	33094	23240	98459	19179	57527	32865	73700	16207	58748	8855	91190	68398	14052	10740	40771	12878	19997	17328	103356	67936	27442	108178	82532	14219	90701	92554	89315	18711	97186	5990	95094	97852	22099	16628	9739	38720	95819	100200	46013	23632	98023	77247	88964	39520	
65491	85027	46330	43762	75628	66329	57409	29585	77934	49205	48093	45798	0	76904	63513	35456	65360	23755	40419	71523	41681	56352	52939	27900	30426	49468	49665	57718	39581	41561	37836	46664	51415	44530	59184	64092	53244	72877	74379	41660	51925	71801	39846	60629	50608	34063	66162	43631	54869	14228	66212	70885	68198	74158	37247	33278	46889	49755	49959	37123	16793	28605	70142	49752	38816	13017	59723	35863	56716	47187	42241	45313	55123	42436	29935	21678	25068	49415	33387	42047	61537	54181	58544	36025	25622	56273	50295	61459	55883	45488	68706	57031	34063	49265	33330	48445	32446	22101	72320	24663	34459	71546	49480	13364	27570	44036	49641	13427	45436	47059	38734	54990	48774	42631	40383	53242	47629	53737	49757	43289	42816	53223	55156	61605	65640	26871	30711	59421	46649	68181	70939	32272	46930	53952	10501	58418	73287	8541	63652	71110	32160	62050	24201	
10980	6805	77522	124267	13764	130127	25908	114152	10655	91931	90819	103817	76904	0	16396	58159	24602	58940	84959	15752	96545	18847	81789	62271	73112	24072	106639	111863	122803	84527	58905	88993	97960	46902	29517	15842	95520	9320	2876	57216	102045	5884	71546	28588	83978	117285	17651	86145	105974	82873	25454	6514	9419	5699	102099	58269	97535	132977	92235	79456	91828	86276	13157	99872	122039	82126	12481	119085	139938	39651	125463	128535	138346	100883	64610	87084	77331	132637	91058	136842	118935	30454	28123	52899	83308	18436	74350	20225	139105	87764	14239	26354	91663	102037	85905	131667	92868	83749	155543	76859	75149	12251	79673	83524	96238	127258	91917	64148	89905	28838	121956	105109	92978	76927	101782	112308	83592	16517	66051	65992	40031	32279	105276	22787	15773	52683	95861	10043	93583	10623	8937	100785	81126	104072	87890	14312	8152	81062	78868	11815	78304	21292	101823	
20485	16817	64131	110877	5080	116736	10773	100762	10602	78541	77428	90427	63513	16396	0	46556	3893	47337	73356	8501	84941	20852	70186	48787	61509	10588	95036	100260	111200	72924	45421	77390	86357	35299	10878	2848	83917	13168	13835	43733	90442	13284	59942	11003	72375	105682	3579	74542	94371	71270	8258	10342	7074	14448	90496	44786	85932	121374	80632	67853	78307	72792	9570	88268	110436	64894	15490	107482	128335	28048	113860	116932	126743	89280	51127	73601	63848	121034	77574	125239	107332	13242	9027	39415	71705	11272	62747	6742	127502	76161	5202	11183	80060	90434	72421	120064	81265	70266	143939	65256	63546	11836	68070	70003	84635	115655	80314	52545	78301	15354	110353	93506	81375	65324	90179	100705	71989	17926	54448	54389	26548	15066	93673	7616	3058	41080	84258	11755	81980	7573	9307	89182	69522	92469	76287	10352	14769	69459	67265	11400	64820	4408	90220	
59071	56282	17799	60862	46883	86353	40649	62216	49189	48157	47045	60043	35456	58159	46556	0	46964	50263	28716	53127	52444	60973	29133	58181	22327	46909	62538	67762	71215	26504	72400	44892	53860	19122	51880	45696	51419	54481	55983	71120	57944	53405	15943	44416	31322	65698	47766	42044	61873	31285	47816	52489	49802	55762	38253	71359	53434	81389	48134	28158	52109	63921	51746	55771	70451	50785	55611	67498	88351	30974	73875	76947	86758	56782	60216	56994	62836	81049	68703	73682	74834	37968	42331	66394	32323	49848	20683	43063	87517	43663	50310	40818	32069	57936	71409	80080	33452	59870	103955	26073	23850	53150	19720	48680	44650	75671	47816	35389	45804	45880	70369	61008	48877	14147	41389	68207	21705	58047	20872	10389	62868	37223	61175	45392	47244	31242	31530	51876	49482	49784	52543	41505	25429	59971	36302	50510	54890	29474	26212	52714	69928	43654	50235	
22332	22725	65978	112724	9142	118583	9501	102609	12449	80387	79275	92273	65360	24602	3893	46964	0	49201	75220	13073	86806	24116	72050	50651	63374	12453	96900	102124	113064	74788	47286	79254	88222	27010	7493	6930	85781	18174	19675	45597	92306	16548	61807	9720	74239	107547	4638	76406	96236	73134	8345	16181	11646	19454	92360	46650	87796	123238	82496	69718	80171	74657	14143	90133	112300	66758	18754	109346	130200	15814	115724	118796	128607	91145	52991	75465	65712	122898	79439	127103	109196	8438	4222	41280	73569	13136	64611	8606	129366	78025	9774	7775	81924	92299	74285	121929	83129	72130	145804	67120	65410	16842	69934	71867	86499	117519	82178	54410	80166	17219	112217	95371	83239	67189	92043	102569	73853	21190	56312	56253	28412	10262	95537	6333	7630	42944	86122	15019	83844	13477	16235	91046	71387	94333	78151	12216	18033	71323	69129	16406	66684	6272	92084	
43218	57063	69277	67040	47664	121882	40091	52863	49970	83686	82574	69076	23755	58940	47337	50263	49201	0	76494	54192	65167	34083	73324	28406	42036	27198	73151	81205	61916	76062	25446	80528	89495	28259	41852	46761	87055	55546	57047	24165	93580	54469	51456	43298	75513	56398	48830	77680	97509	37715	36928	53554	50866	56826	60733	24404	89070	72090	83770	50794	39328	42583	52811	91406	61152	25596	37454	58198	79051	29856	64576	67648	77459	65922	30745	38438	33638	71750	47365	64383	85024	36850	41212	19440	49108	34003	65885	33093	78218	79299	51374	39700	57549	93572	42212	70780	55932	36404	94656	44577	46247	54214	71208	31024	51056	66371	83452	10327	81440	24790	61069	96644	84513	68462	63870	76728	75127	31467	46648	57527	20547	35892	96811	44274	48309	13208	54197	37152	85118	50849	53607	55759	72661	95607	33987	36149	41207	25213	70403	53778	44439	44719	47687	
85871	83081	12918	36764	73683	37840	67449	54732	75989	9859	8746	9673	40419	84959	73356	28716	75220	76494	0	84275	8656	92120	13347	67701	22537	78056	17251	25128	63958	5875	77637	7072	14800	55593	83027	76843	13653	85629	87130	81461	15310	84552	18302	75564	11016	58440	78913	4039	15969	27888	78964	83636	80949	86909	12268	73079	10237	74132	10368	14551	56129	67940	82893	13137	63194	52818	86758	60240	81093	62122	66618	69690	79501	12995	69736	61014	64868	73792	75683	48954	32200	69115	73478	75826	16966	80995	12332	74210	80260	5896	81457	71966	10367	12649	73442	72822	10431	61902	96697	27807	17953	84297	10953	52240	28623	68413	10050	53461	6536	77027	63111	18374	8422	20539	13893	24420	9102	89194	42572	19216	94016	68370	18541	76539	78392	75153	13424	83024	8615	80932	83690	18348	8403	17337	33433	81657	86038	40726	16111	83861	71960	74802	35278	
20889	9696	72141	118887	7753	124746	16844	108772	10568	86551	85438	98437	71523	15752	8501	53127	13073	54192	84275	0	91822	22114	77066	57548	68389	19349	101916	107140	118080	79804	54182	84270	93238	42179	18652	7984	90797	7732	12659	52493	97322	14405	66823	14391	79255	112563	9031	81422	101251	78150	16032	9165	7861	11233	97376	53546	92812	128254	87512	74733	87105	81553	3167	95149	117316	77403	16880	114362	135215	34928	120740	123812	133623	96160	59887	82361	72608	127914	86335	132119	114212	21032	16828	48176	78585	16708	69627	15503	134382	83041	3488	21406	86940	97314	81182	126945	88145	79026	150820	72136	70426	5678	74950	78801	91515	122535	87194	59426	85182	24115	117233	100386	88255	72205	97059	107585	78869	19187	61328	61269	35308	22856	100553	13688	5348	47960	91138	13146	88860	5129	9219	96062	76403	99349	83167	12810	15891	76339	74145	5009	73581	12181	97100	
97457	94667	20217	26808	85269	28827	79035	55994	87575	16709	15597	4581	41681	96545	84941	52444	86806	65167	8656	91822	0	99493	20720	67821	22434	85429	12535	20588	52516	9818	77757	14445	13801	62966	90400	84216	21026	93002	94503	81581	14311	91925	25087	82937	18389	58560	86286	11412	18842	28008	86337	91009	88322	94282	5550	73199	9275	56101	17741	14448	56249	68060	90266	12138	63313	52938	94131	60360	81213	69495	66738	60172	74430	4334	69855	61134	64988	73912	75803	39807	24407	76488	80851	75946	17086	88368	20410	81583	80380	13269	88830	79339	11619	11650	73562	72942	8233	62022	84026	27927	17850	91670	17737	52360	28141	68533	14494	53581	9409	84400	63231	17375	11294	33982	5232	16112	15886	96567	61146	26001	101389	75743	17542	83912	85765	54435	13544	90397	9035	88305	91063	14824	15187	16338	33553	89030	93411	40846	23484	91234	72080	82175	34795	
9171	21840	79987	126732	15639	132592	30399	85461	13444	94396	93284	106282	56352	18847	20852	60973	24116	34083	92120	22114	99493	0	83866	40255	62897	13679	108715	113939	94060	86603	36889	91069	100037	36304	25420	17407	97597	22148	17796	35200	104121	14437	73622	35021	86055	88542	22771	88222	108051	68466	23409	17452	15895	20720	104176	36253	99611	104233	94312	81533	69774	64260	19591	101948	93295	56361	9620	90342	111195	31512	96720	99791	109602	102960	42594	65068	55315	103893	69042	96526	121012	27834	27017	30883	71887	11027	76426	19575	110362	89840	20171	30570	93739	104114	63889	102924	94945	61733	126799	65438	77226	19772	81749	61471	81831	98515	93994	42471	91981	11271	85653	107186	95055	79004	103858	114384	85669	4342	68128	68068	18015	26792	107353	26651	20892	37262	97938	10851	95659	17056	15585	102861	83202	106149	66130	12324	13013	63460	80945	18152	56288	17390	87416	
82702	79912	14728	47960	70513	56160	64279	67252	72819	10945	9105	20869	52939	81789	70186	29133	72050	73324	13347	77066	20720	83866	0	80308	31820	70769	29216	37093	76565	18453	96260	5721	23858	48305	75739	69556	12389	78341	79842	94980	27275	77265	21328	68276	2801	71047	71625	10228	16559	40495	71676	76349	73661	79622	26176	95218	19283	77213	7160	27158	68736	80547	75606	25102	75800	65425	79471	72847	93700	54834	79225	82296	92107	24961	82342	73621	77475	86398	88290	60919	44166	61828	66190	90254	29573	73707	11172	66922	92867	9325	74170	64678	22974	24615	86048	85429	23038	74509	109304	40414	30560	77009	17505	64847	41230	81020	13478	66068	13982	69740	75718	30340	14001	16032	25859	36385	19747	81907	33778	18968	86728	61082	30507	69252	71104	67866	26031	75736	17660	73644	76402	30955	19167	29303	46039	74369	78750	53333	3396	76573	84567	67514	47884	
47134	60393	73520	70952	50995	93519	58629	45844	51874	76395	75283	72988	27900	62271	48787	58181	50651	28406	67701	57548	67821	40255	80308	0	57673	38156	76913	84966	60582	68808	10518	73911	78663	53407	49897	49336	80492	58701	60202	15252	79172	52266	67093	58830	77856	47404	51406	70878	82116	41476	47885	56708	54021	59981	64494	7661	74137	70756	77207	64370	29162	25726	55965	76999	59818	18499	48412	56864	70539	55004	56064	66314	68947	69683	4060	26534	16781	63238	30508	63049	88785	52311	54126	11159	52869	44961	91033	44051	69706	72735	54529	57678	61310	76512	25355	62268	59693	21863	86144	51911	61706	57369	76727	23281	54818	57859	76889	24838	72683	35748	47119	82237	76022	69878	67631	80489	74876	42425	71796	66415	22248	51269	82404	55443	50884	38357	57958	48109	73896	54004	56762	59520	74177	81200	37748	47106	52165	39076	95551	56933	17753	45891	51448	
74025	71235	20663	43522	61837	48132	55603	43730	64142	31231	30119	27824	30426	73112	61509	22327	63374	42036	22537	68389	22434	62897	31820	57673	0	62278	31922	39976	52949	24220	64227	29120	33872	34490	56959	61065	35701	69850	71351	62946	34381	68773	14083	58404	33065	47432	63134	26087	37325	16004	63185	67858	65170	71130	19504	62898	29346	63123	32416	9955	45120	56932	67115	32208	52185	42637	70979	49231	70085	44962	55609	58681	68492	24693	59555	50005	54688	62783	64675	50662	43795	51956	56319	58221	11562	65216	23405	58431	69251	27944	65678	54806	14058	31721	63261	61814	14703	51722	85689	5113	5409	68518	19800	42060	27587	57404	32098	30350	27892	52244	52102	37446	31231	16869	22641	35499	21785	61068	36241	13406	59328	50998	37613	59380	62613	33198	12782	67245	29105	65153	67911	22757	23144	36409	23252	65878	70259	24271	28933	68082	61780	59023	33172	
20681	22195	65923	112668	12796	118528	20430	78576	13675	80332	79220	92218	49468	24072	10588	46909	12453	27198	78056	19349	85429	13679	70769	38156	62278	0	95043	100267	87961	72931	34824	77397	86365	35307	15911	11171	83924	20536	22037	33135	90449	17724	59950	20665	72383	82444	13241	74549	94379	71277	13291	18543	15856	21816	90503	34188	85939	98135	80639	67861	67709	62195	17800	88276	87197	54296	16855	84243	105097	28056	90621	93693	103504	89288	40529	63003	53250	97795	66977	125246	107340	18292	15961	28818	71713	9244	62754	5886	104263	76168	16364	19513	80067	90442	61824	96826	81273	59668	120701	65263	63553	19204	68077	59406	84642	92416	80322	36373	78309	4757	83588	93514	81383	65332	90186	100712	71996	11850	54456	54396	15950	18766	93681	17278	12719	31163	84266	12482	81987	15839	18597	89189	69530	92476	76294	8941	16854	69466	67273	18768	54223	7726	90227	
107551	104761	43452	29978	95363	19698	89129	63978	97669	22395	24191	9687	49665	106639	95036	62538	96900	73151	17251	101916	12535	108715	29216	76913	31922	95043	0	7921	55706	22211	87182	22703	11391	74261	101695	95511	29284	104297	105798	91006	9647	103220	34638	94232	26647	67985	97581	19670	24247	37434	97632	102305	99617	105577	14701	82624	11565	59291	25999	23873	65674	77486	101561	7879	72739	62363	105426	60093	90638	80790	76163	63362	77620	8496	79281	70559	74414	83337	85229	42997	14993	87784	92146	85371	26511	99663	42700	92878	84094	21527	100125	90634	20813	5706	82987	82368	17658	71447	78163	37352	27275	102965	27288	61785	31331	77958	20713	63007	15455	95696	72656	12715	17340	45277	11344	8309	25437	107862	72442	48214	112684	87038	12882	95207	97060	63860	22970	101692	12590	99600	102358	20565	24738	4819	42978	100325	104706	50271	31742	102529	81506	93470	37986	
112775	109985	48676	30245	100587	11777	94353	72032	102893	27278	32068	17529	57718	111863	100260	67762	102124	81205	25128	107140	20588	113939	37093	84966	39976	100267	7921	0	61150	30429	95219	30922	15735	78530	105964	99780	37502	108565	110067	99044	13991	107489	42856	98500	34866	76023	101850	27889	30157	45471	101900	106573	103886	109846	22739	90661	18178	56908	34217	31910	73711	85523	105830	12423	80776	70400	109695	65537	83281	85058	84201	63325	70682	16533	87318	78596	82451	91374	93266	46879	7073	92052	96415	93409	34549	103932	46968	97146	77156	29746	104394	94902	28850	13923	91024	77711	25696	79485	74430	45389	35313	107234	35507	69823	39368	85996	24982	71044	24595	99964	80694	14637	24766	49546	19381	5060	33656	112131	76710	52483	116952	91307	11639	99476	101328	71897	31007	105960	21730	103868	106627	28602	32957	8923	51015	104594	108974	58308	51487	106797	89543	97738	46023	
123715	120926	70730	27133	111527	52588	105293	18712	113833	72652	71540	57240	39581	122803	111200	71215	113064	61916	63958	118080	52516	94060	76565	60582	52949	87961	55706	61150	0	64878	64740	69981	66713	80293	99137	110344	76561	119130	120631	69474	67222	118053	64095	100583	73925	9485	112414	66948	71753	38808	112465	117137	114450	120410	60564	61883	62187	13016	73276	60440	29551	31540	116394	58725	10759	47535	120259	5304	29834	87140	15359	8574	22852	48421	54674	31387	41273	22533	32587	13331	54878	94134	98497	68556	48939	114496	73612	107711	29001	68805	114958	96985	57380	58046	42094	21564	55763	36223	40049	47980	57775	117798	72797	37977	29775	17154	72958	51539	62320	85171	14156	70287	64206	66880	46043	50323	70946	91849	85521	63417	79645	93177	70454	101558	111893	64983	54028	116525	61946	114433	117191	42611	70247	59157	38061	115158	119539	44304	79019	117362	45814	108303	31065	
85439	82650	10706	38045	73251	39121	67017	55874	75557	14540	13428	14101	41561	84527	72924	26504	74788	76062	5875	79804	9818	86603	18453	68808	24220	72931	22211	30429	64878	0	78440	11990	19718	51013	78446	72263	18571	81048	82549	82264	20228	79972	16611	70983	15935	59243	74332	8958	20887	28691	74383	79056	76369	82329	13071	73882	15155	74935	15286	15354	56932	68744	78313	18055	63997	53621	82178	61043	81896	57541	67421	70493	80304	13930	70539	61817	65671	74595	76486	50745	34507	64535	68898	76629	17769	76414	11422	69629	81063	10815	76877	67385	11170	17568	74245	73625	11234	62705	97500	28610	18756	79716	9262	53043	29426	69216	14968	54265	11455	72447	63914	23293	13340	19629	14829	26212	7411	84614	41662	17525	89435	63790	23460	71959	73811	70573	14228	78443	13533	76351	79109	19151	5573	22255	34236	77076	81457	41529	21744	79280	72764	70221	36081	
43769	57028	91414	80888	47629	103455	55263	53013	48508	105824	104711	82924	37836	58905	45421	72400	47286	25446	77637	54182	77757	36889	96260	10518	64227	34824	87182	95219	64740	78440	0	102523	111491	50255	46530	45969	109051	55334	56835	5020	88897	48900	73452	55463	97509	55396	48039	99676	119505	51200	44519	53342	50654	56614	74219	7610	111065	80481	105766	74095	40411	33718	52598	86724	63162	28223	45045	66589	108160	51852	64056	76039	76939	79408	11250	34526	24774	71230	38500	72773	98509	48944	50759	6006	62594	41594	87880	40685	77698	101294	51162	54311	71035	86237	33347	70261	69418	29856	94136	61635	68243	54002	93203	33006	64542	65852	105448	34054	103435	32381	55111	91962	106509	90458	77355	90214	97123	39059	68643	79522	18882	47902	92128	52076	47518	35204	67683	44743	83621	50637	53395	69244	94656	90924	47473	43740	48798	48801	92399	53566	26549	42524	61173	
89905	87115	25806	41684	77717	49938	71483	60977	80023	7138	5298	14593	46664	88993	77390	44892	79254	80528	7072	84270	14445	91069	5721	73911	29120	77397	22703	30922	69981	11990	102523	0	17556	55480	82914	76730	9243	85516	87017	102154	21008	84439	24612	75451	3103	64779	78800	3926	14297	34227	78850	83523	80836	86796	19909	79418	13015	70946	4226	20890	62468	74280	82780	18834	69533	59157	86645	66579	87432	62008	72957	76029	85840	18693	76075	67353	71207	80131	82022	54651	37898	69002	73365	97429	23305	80882	23918	74097	86599	5527	81344	71853	16706	18347	79781	79161	16770	68241	103036	34146	24292	84184	17263	58579	34962	74752	9681	59801	7714	76914	69450	24072	10204	26496	19591	30117	15412	89081	39997	29433	93903	68257	24239	76426	78278	75040	19764	82911	11392	80819	83577	24687	14712	23035	39772	81544	85925	47065	8517	83748	78300	74688	41617	
98873	96083	34773	41040	86685	27512	80451	65728	88990	13376	18833	9344	51415	97960	86357	53860	88222	89495	14800	93238	13801	100037	23858	78663	33872	86365	11391	15735	66713	19718	111491	17556	0	64038	91472	85288	26300	94073	95575	110712	3438	92997	41622	84008	23664	69130	87358	15063	13537	38578	87408	92081	89394	95354	19323	83768	3788	70360	23015	25240	66818	78630	91338	3721	73883	63507	95203	70929	91783	70566	77307	80379	88690	18108	80425	71703	75558	84481	86373	54066	22576	77560	81923	105986	27656	89440	32476	82654	90949	18544	89902	80410	21057	5887	84131	83512	22007	72592	97447	38496	28642	92742	24305	62929	42400	79102	10490	64151	8543	85472	73800	5751	7106	35054	19006	19114	22454	97639	62218	37991	102460	76815	7267	84984	86836	83598	24114	91468	5118	89376	92135	29038	21755	7713	44122	90102	94482	51415	36995	92305	82650	83246	49055	
47815	45025	34695	69936	35627	96065	23184	71289	37932	57869	56757	69755	44530	46902	35299	19122	27010	28259	55593	42179	62966	36304	48305	53407	34490	35307	74261	78530	80293	51013	50255	55480	64038	0	22711	34747	57524	43532	45033	49133	64049	42456	32719	26392	45983	74903	31655	48149	67979	40490	26226	41540	38853	44813	50725	49372	59539	90594	54239	40630	61314	68448	40797	61876	79656	51462	44662	76702	97556	12949	83080	86152	95963	62888	55713	66199	59504	90254	73230	82887	80940	19943	24306	44407	44482	38899	36354	32113	96722	49768	39361	22794	45278	64042	68077	89285	45924	62270	113160	38032	36323	42200	36496	57885	53855	84875	53922	34635	51909	25651	79573	67114	54983	30923	63786	74312	38481	34475	20128	27165	38575	19198	67281	27367	36295	22019	44002	40927	55587	38835	41593	53977	43130	66077	45507	39561	43941	38679	40873	41764	69406	32705	59440	
25804	27640	70894	117639	13686	123499	15819	90133	15921	85303	84191	97189	59184	29517	10878	51880	7493	41852	83027	18652	90400	25420	75739	49897	56959	15911	101695	105964	99137	78446	46530	82914	91472	22711	0	11424	76479	25597	27098	44876	83004	20037	52504	12667	64937	93745	11967	67104	86933	62528	4670	23605	20917	26877	83058	45929	78494	109437	73194	60415	74757	73936	22862	80830	98499	66038	22243	95545	116398	11734	101923	104995	114806	81842	52270	74744	64991	109097	78718	117801	99894	5295	4862	40559	64267	16625	55308	13946	115565	68722	15116	8414	72622	82996	73565	108127	73827	71409	132002	57818	56108	24265	60631	66453	75893	103718	72876	47078	70863	14768	98416	86068	73937	57886	82740	93267	64551	23591	40041	46950	27691	8664	86235	7923	12972	35612	76820	18508	74542	20900	23658	81744	62084	85031	64350	15706	21523	57522	59827	23829	65964	9762	81478	
16243	13965	64710	111455	2228	117315	12396	101340	6360	79119	78007	91005	64092	15842	2848	45696	6930	46761	76843	7984	84216	17407	69556	49336	61065	11171	95511	99780	110344	72263	45969	76730	85288	34747	11424	0	85829	10529	11361	44313	92354	10435	61855	12630	74288	107595	4872	76454	96284	73182	8838	7867	4599	11809	92408	45366	87844	123286	82544	69766	78887	73372	6618	90181	112348	65474	12641	109395	130248	29961	115773	118844	128655	91193	51707	74181	64428	122946	78154	127151	109245	13839	10436	39995	73618	11852	64659	7322	129415	78073	4154	12811	81972	92347	73001	121977	83178	70846	145852	67168	65458	9197	69982	70583	86547	117568	82227	54458	80214	15934	112266	95419	83288	67237	92091	102617	73901	15077	56361	56301	27128	15663	95586	9244	2993	42993	86171	8907	83892	5772	6493	91094	71435	94381	78199	7540	11921	71371	69178	8761	65400	4988	92132	
96432	93643	32333	48265	84244	56465	78010	67557	86550	5717	5679	21174	53244	95520	83917	51419	85781	87055	13653	90797	21026	97597	12389	80492	35701	83924	29284	37502	76561	18571	109051	9243	26300	57524	76479	85829	0	92182	93683	108820	27640	91105	31244	82117	10696	71411	85466	10592	10161	40860	85517	90189	87502	93462	26541	86050	17796	77578	4795	27522	69100	80912	89446	25467	76165	65789	93311	73211	94064	68675	79589	82661	92472	25325	82707	73985	77839	86763	88655	61283	44530	75668	80031	104095	29937	87548	30584	80763	93231	8171	88010	78519	23338	24979	86413	85793	23403	74873	109669	40778	30924	90850	23895	65211	41594	81384	8523	66433	11644	83580	76082	20045	11293	33162	26223	36750	22044	95747	46756	36099	100569	74923	30871	83092	84945	81706	26396	89577	16173	87485	90243	31319	21345	29667	46404	88210	92591	53697	15790	90414	84932	81355	48249	
20851	2520	73495	120241	10283	126100	22716	110126	10530	87905	86792	99791	72877	9320	13168	54481	18174	55546	85629	7732	93002	22148	78341	58701	69850	20536	104297	108565	119130	81048	55334	85516	94073	43532	25597	10529	92182	0	7997	53642	98471	10760	67971	29586	80404	113711	14897	82571	102400	79299	21880	8598	7382	4775	98525	54695	93961	129403	88661	75882	88254	82701	5289	96297	118465	78552	16503	115511	136364	36077	121889	124961	134772	97309	61036	83510	73757	129063	87484	133268	115361	26880	24549	49325	79734	16331	70775	16651	135531	84189	8862	25079	88089	98463	82330	128093	89294	80175	151968	73285	71575	2175	76098	79950	92664	123684	88343	60574	86330	25264	118382	101535	89404	73353	98207	108734	80018	18810	62477	62417	36457	28704	101702	21512	13018	49109	92287	12769	90009	5246	9457	97211	77551	100498	84316	14624	15514	77488	75294	4606	74729	17718	98249	
13190	5476	74997	121742	11239	127602	23383	111627	8939	89406	88294	101292	74379	2876	13835	55983	19675	57047	87130	12659	94503	17796	79842	60202	71351	22037	105798	110067	120631	82549	56835	87017	95575	45033	27098	11361	93683	7997	0	54691	99519	3359	69020	26062	81453	114760	15126	83620	103449	80348	22929	3989	6894	4370	99574	55744	95010	130452	89710	76931	89302	83750	10632	97346	119513	79601	10936	116560	137413	37126	122938	126010	135820	98358	62085	84559	74806	130112	88533	134316	116410	27929	25598	50374	80783	15911	71824	17700	136580	85238	11714	23829	89137	99512	83379	129142	90343	81224	153017	74334	72624	9726	77147	80999	93712	124733	89392	61623	87379	26313	119431	102584	90453	74402	99256	109783	81067	14972	63526	63466	37506	29753	102751	20262	13247	50158	93336	8511	91058	8098	6412	98260	78600	101547	85365	11786	6607	78537	76343	9290	75778	18767	99298	
35025	55339	90134	84712	45940	107279	53575	57747	46819	104543	103431	86748	41660	57216	43733	71120	45597	24165	81461	52493	81581	35200	94980	15252	62946	33135	91006	99044	69474	82264	5020	102154	110712	49133	44876	44313	108820	53642	54691	0	114322	47213	72199	53777	96256	60315	46353	98423	118252	55286	42833	51655	48968	54928	78305	10779	109813	84567	104513	71537	42973	38636	50912	112149	73629	32309	43359	70675	83450	50936	68975	80125	81858	83494	16168	39445	29692	76149	43419	76859	102595	47258	49073	7067	66680	39908	86627	38998	82617	100041	49476	52625	75121	114315	38265	75179	73504	34774	99054	65722	66990	52316	91950	37092	68628	70770	104195	32801	102182	30695	60030	117387	105256	89205	81442	94300	95870	37372	67390	78269	17195	46216	117554	50390	45831	33951	71769	43056	105861	48951	51709	73330	93403	116350	51559	42054	47112	47687	91146	51880	30664	40838	65259	
102957	100168	38858	41550	90769	25768	84535	66238	93075	13950	22250	10987	51925	102045	90442	57944	92306	93580	15310	97322	14311	104121	27275	79172	34381	90449	9647	13991	67222	20228	88897	21008	3438	64049	83004	92354	27640	98471	99519	114322	0	97625	32992	88636	25002	70468	91986	18025	12624	39916	92036	96709	94022	99982	20661	85106	8314	71698	24353	26578	68156	79968	95966	5168	75221	64845	99831	72268	93121	75194	78645	81717	90028	19446	81763	73041	76896	85819	87711	55404	20825	82188	86551	110614	28994	94068	37104	87282	92287	19882	94530	85038	22395	6523	85469	84850	23345	73930	87217	39834	29981	97370	25643	64267	43738	80441	11339	65489	14731	90100	75138	2313	11123	39682	20344	17363	23792	102267	66846	42619	107088	81443	4416	89612	91464	88226	25452	96096	11866	94004	96763	30376	23093	5962	45460	94730	99110	52753	41623	96934	83988	87874	50393	
9008	8240	72419	119164	8207	125024	22831	109049	5580	86828	85716	98714	71801	5884	13284	53405	16548	54469	84552	14405	91925	14437	77265	52266	68773	17724	103220	107489	118053	79972	48900	84439	92997	42456	20037	10435	91105	10760	3359	47213	97625	0	66562	26971	78995	112302	16034	81161	100991	77889	17288	5817	7802	7221	97115	51859	92551	127993	87251	74473	86844	79865	11541	94888	117055	71967	7577	114102	134955	34668	120480	123551	133362	95900	58200	80674	70921	127653	84647	131858	113952	22288	19957	46488	78325	12026	69366	15242	134122	82780	12622	23510	86679	97054	79494	126684	87885	77339	150559	71875	70166	10634	74689	78541	91254	122275	86934	59165	84921	22427	116973	100126	87995	71944	96798	107324	78609	11613	61068	61008	33621	24113	100293	19591	14156	47700	90878	5152	88599	9006	7080	95801	76142	99089	82907	9009	3248	76078	73885	10198	71893	12406	96840	
72458	69668	6897	54883	60270	73649	54036	55091	62575	26967	25855	26528	39846	71546	59942	15943	61807	51456	18302	66823	25087	73622	21328	67093	14083	59950	34638	42856	64095	16611	73452	24612	41622	32719	52504	61855	31244	67971	69020	72199	32992	66562	0	57967	23486	58642	61317	30429	33617	25433	61367	66040	63353	69313	26413	72327	41819	74334	28016	19923	56331	68142	65297	30785	63395	52066	69162	60442	81295	44525	66820	69891	79702	29286	68984	61216	64117	73993	75885	61872	49862	51519	55882	67650	24088	63399	11934	56614	80462	23544	63861	54369	21001	30298	72690	73024	22026	61150	96899	17839	15616	66701	8652	51488	38798	68615	27698	39779	24184	59431	63313	36023	26070	8711	29550	41567	10637	71598	31890	5789	76419	50774	36189	58943	60795	42627	23295	65427	26263	63335	66094	28838	14360	34985	32681	64061	68441	30907	18376	66265	71209	57205	44383	
33725	31283	63430	110176	14858	116035	3251	91579	23404	77840	76727	89726	60629	28588	11003	44416	9720	43298	75564	14391	82937	35021	68276	58830	58404	20665	94232	98500	100583	70983	55463	75451	84008	26392	12667	12630	82117	29586	26062	53777	88636	26971	57967	0	69719	103026	8746	71886	91715	68614	14962	22258	16853	30747	87840	54860	83276	118718	77976	65197	76229	82866	17845	85612	107780	66528	29972	104826	125679	17333	111204	114276	124087	86624	61201	79369	73922	118378	87648	122583	104676	15132	9207	49489	69049	21345	60091	16816	124846	73505	16678	7677	77404	87778	82495	117408	78609	77336	141283	62600	60890	20019	65414	67926	81979	112999	77658	48550	75645	25428	107697	90850	78719	62668	87523	98049	69333	27705	36822	51733	36622	16985	91017	4744	10170	37085	81602	26238	79324	18221	22311	86526	66866	89813	73631	20426	28983	66803	64609	19637	74894	14482	87564	
84890	82101	16917	45629	72702	53829	66468	64921	75008	8614	6774	18538	50608	83978	72375	31322	74239	75513	11016	79255	18389	86055	2801	77856	33065	72383	26647	34866	73925	15935	97509	3103	23664	45983	64937	74288	10696	80404	81453	96256	25002	78995	23486	69719	0	68712	82767	7893	14224	38160	82817	87490	84803	90763	23841	83351	16948	74878	4825	24823	66401	78212	86747	22767	73465	63090	90612	70512	91365	65975	76890	79962	89772	22626	80007	71286	75140	84064	85955	58584	41831	72969	77332	101395	27238	84849	13360	78064	90532	6990	85311	75819	20639	22280	83714	83094	20703	72174	106969	38079	28225	88151	19693	62512	38895	78685	11143	63733	11647	80881	73383	28005	11666	18219	23524	34050	19344	93048	35965	21156	97869	72224	28172	80393	82245	79007	23696	86877	15325	84786	87544	28620	18645	26968	43705	85511	89892	50998	5584	87715	82232	78655	45550	
