//--------------------------------------------------------------------------------------------------------------------
//-- données sur la SOMME récupérés par le géocodeur (matrice symétrique)
//-- 
//-- C. Duhamel, P. Lacomme C. Prodhon - juillet 2009 : 3900 kg à collecter, flotte de capa 6000
//--------------------------------------------------------------------------------------------------------------------
170 3 999999 0 0 0
10 100 165 1.2
10 200 185 1.6
10 300 250 1.7
0   // la ville qui represente le depot
0	74540	47378	20871	74691	47476	33454	47170	43599	40301	33005	62698	81681	61228	66022	29391	96470	18320	71893	62625	17170	26924	111991	25321	42825	45879	54908	126808	116695	21278	52432	25797	41381	62915	23203	25912	42146	18426	113987	78806	35484	28822	25260	21989	63997	75992	37655	115026	87674	70314	56441	106924	14348	27966	104909	36404	75169	53726	10829	48994	36730	60706	50118	117705	84879	111300	30796	61846	31872	30102	32984	8724	44265	20786	48385	52107	60198	36624	55017	68664	25720	30124	13074	23024	54229	21668	83138	104537	55721	46494	32394	26173	48821	28443	118747	59752	29136	35230	48778	118901	80586	7084	36611	35376	5131	108686	75220	112251	21937	58301	98179	7476	27254	6337	124930	117711	106069	30876	80340	31690	115719	8838	11973	34860	26540	83377	65069	17171	49091	77761	72255	5500	11349	89430	34941	108168	9149	116904	60212	24743	15716	70534	30934	23558	35764	59930	58223	55476	55790	66636	95493	124680	60075	61519	12799	25475	59482	62841	37408	53101	39786	17084	27487	17864	5318	55322	120645	111082	29071	69093	33171	
74540	0	40489	67170	52520	21042	109453	63992	51352	51021	51623	13019	42807	14218	24730	104008	60371	94319	16585	36539	91258	102923	75892	60965	58551	37053	15558	90708	80595	97277	45543	49217	111471	26681	99201	101910	116323	71445	77888	29704	54461	57934	102895	65994	22706	40607	113654	78927	24229	12278	49552	49448	88436	71967	68810	45827	30063	30099	67955	33503	106820	37079	27445	81606	29618	41188	100887	8898	60984	59214	108982	67666	37375	95402	35693	28480	44707	46440	39526	23857	101719	104301	60749	64412	32057	97667	26327	68438	20078	120672	43331	70911	41932	104442	40343	17070	105135	109407	122956	82802	25652	83082	53460	51357	75829	72587	3506	76152	60151	32215	62079	82086	103253	73923	53494	81612	69969	106875	21955	51073	56597	89505	91696	40626	101157	17355	15200	61497	64388	56524	22601	79609	87348	68193	45354	72069	86149	80805	25139	100741	90599	7544	106933	98175	54395	17056	36830	33304	39174	44465	31887	88581	45214	10206	87465	101474	12209	12961	40806	31599	69249	98472	103486	93863	72868	20953	84545	74983	99162	47856	107788	
47378	40489	0	22293	39834	9656	82655	35887	25980	26303	19906	26785	46824	27481	25314	77211	61613	67521	27191	27768	64461	58643	77134	28003	33833	4598	21839	91951	81838	53402	13750	17501	84674	28058	72404	75113	52009	29302	79130	43949	26356	21863	76098	25145	22594	41135	86856	80169	52817	35457	17759	72067	61639	34994	70052	7780	31365	13090	34992	14137	80023	17396	15261	82848	50022	76443	74089	28777	24780	21767	82185	34703	4570	68605	15316	14477	21102	14724	15921	33807	74921	52033	27786	26595	19372	70869	48281	69680	15607	56358	11614	30372	11365	77645	83890	24895	78337	48551	58642	84044	45729	56285	21526	26639	49031	73829	42151	77394	17671	23444	63322	55289	56884	47125	90073	82854	71212	80077	45482	15483	80862	39713	41386	8910	74360	48520	32000	25947	39670	42903	37397	36979	60550	54573	16891	73311	59352	82047	19654	73944	63802	37465	61249	71377	22678	26861	23366	20619	20933	31779	60636	89823	20980	28450	60667	74676	26413	29772	9090	9032	41144	46781	76688	67065	46071	15208	85788	76225	72364	34236	80990	
20871	67170	22293	0	59356	28157	45670	26891	41233	37935	24990	46307	66345	47003	44836	45621	81135	30244	32537	47290	40577	37992	96656	20054	42151	23099	48393	111472	101359	32750	30239	16903	60790	47580	35419	38128	31358	7817	98652	63470	15421	11044	52214	7043	42116	60656	46840	99691	72338	54978	35024	91589	37755	14343	89574	17397	27388	31429	12988	33658	56139	31012	34783	102370	69543	95965	50206	55331	23874	21783	45200	21016	23500	37015	41870	32816	40624	24344	35443	53328	37937	31382	15408	5943	38893	38501	67803	89202	29951	35707	20062	30000	30887	40660	103411	44416	41353	27900	37991	103566	65250	22486	33395	34220	23385	93350	68705	96915	8650	42966	82843	31405	36233	14852	109595	102376	90733	43093	65004	13785	100384	18228	19901	19193	42770	68042	43262	10634	48417	62425	56919	15495	26752	74095	14878	92833	23874	101569	25000	36959	35037	64019	40598	39788	27749	53415	42888	40140	40454	51301	80157	109345	40501	55004	36784	40220	52967	56326	23047	27371	22546	26130	39704	33792	18386	33547	105309	95747	48481	53758	47218	
74691	52520	39834	59356	0	29924	109395	77804	28495	35067	50597	37177	11701	37873	35707	103951	28046	94262	63553	16943	91201	102866	29453	60908	32088	36893	42273	41648	59134	97220	34613	48192	111414	20625	99144	101853	116266	66094	60338	23113	68273	57877	102838	59882	32986	4540	113597	29364	47978	31722	36716	48755	88379	71786	26003	44801	68841	47397	67898	31696	106763	54378	25583	39143	26954	54230	100830	43883	55471	52458	108925	67609	36350	95345	42056	34231	28181	45415	29847	23194	101662	104244	60692	63387	25480	97610	39481	43266	49216	120615	42305	45508	33007	104385	61677	27409	105078	109350	122899	65252	28555	83025	43033	36837	75772	35865	45932	19751	52408	21456	20564	82029	103196	73866	58393	60151	42974	106818	36682	50048	54474	89448	91639	39601	101100	36250	52434	61440	31928	12506	20396	79552	87291	14335	50701	41120	86092	63255	53884	100684	90542	53305	106876	98118	41207	47295	16583	20260	27112	8335	55797	46118	25772	46660	87408	101416	41519	50206	39781	35687	83062	98415	103429	93806	72811	45282	42083	54129	99105	11643	107731	
47476	21042	9656	28157	29924	0	82943	40858	25261	24930	24145	20567	39387	10704	19096	77499	55394	67809	32853	21549	64749	76414	70915	34456	32459	5440	6945	85732	75619	70767	13660	21740	84962	21839	72692	75401	57916	35209	72911	37730	31328	31424	76386	33430	8068	31678	87145	73950	46598	29238	17669	65848	61927	40901	63833	13687	31708	10017	41445	7411	80311	19893	4921	76629	43803	70224	74378	12139	29019	26005	82473	41157	9898	68893	9345	6228	18616	18962	13435	27588	75210	77792	34240	32502	9680	71157	42063	63461	12153	62265	15853	30424	10049	77933	77671	18676	78625	82898	64549	77825	39510	56573	21578	25266	49319	67610	24232	71175	25955	17225	57103	55577	76744	47413	83855	76636	64993	80366	39264	23596	74643	62995	65187	13149	74648	42301	17395	34988	38296	32614	31179	53100	60839	44284	21863	67093	59640	75828	17676	74232	64090	17976	80423	71665	23358	12255	13909	11162	11230	22322	54417	83604	17270	13555	60956	74964	9775	14878	11637	6850	46116	71963	76976	67354	46359	10159	79569	70006	72653	23947	81279	
33454	109453	82655	45670	109395	82943	0	41527	101819	84710	67981	97674	116657	96205	100998	14812	131446	17054	106869	97601	39023	10318	146967	66830	88926	80855	89884	161784	151671	15242	87408	60773	49591	97891	11745	8805	18013	38063	148963	113782	48769	63798	34490	46919	98973	110968	5490	150002	122650	105290	91417	141900	31958	33892	139885	61342	63428	88702	47989	83970	44940	67053	85094	152681	119855	146276	39007	96822	66848	65078	2584	40575	79241	18331	83361	87083	95174	71600	89993	103640	9354	18653	50234	40503	89205	15192	118115	139513	90697	13904	67370	58024	83797	5581	153723	94728	7097	23143	11514	153877	115562	26732	73331	80996	36982	143662	110196	147227	48314	93277	133155	36416	12812	36443	159907	152688	141045	2950	115316	57730	150695	33030	27425	69836	12711	118354	100046	54331	95192	112737	107231	35415	22248	124406	58234	143145	26551	151880	95188	13961	26961	105510	8933	14456	70740	94906	93200	90452	90766	101612	130469	159656	95052	96495	32557	11369	94458	97817	72384	88077	34143	21521	6417	15370	42922	90298	155621	146058	42133	104069	4963	
47170	63992	35887	26891	77804	40858	41527	0	70127	69796	46051	53526	87089	52057	56850	55635	92491	35969	35670	65909	58495	31931	108012	46927	77325	37677	45737	122828	112715	33015	55716	35667	80485	65356	34621	43854	25297	26606	110007	77553	9767	37917	64109	33916	54825	79275	40779	111046	83694	66334	59725	102944	55673	16222	100930	30987	24427	38079	39052	52277	75834	31090	53401	113725	80899	107320	69901	52675	43521	40547	40016	56479	47548	57164	39213	42935	63482	40868	58300	64684	35149	31805	46245	25201	57512	44226	79159	100558	41480	29646	37759	56873	52105	36717	114767	56666	40118	18381	31930	114921	76606	42635	47671	70131	52885	104706	66049	108271	35523	61585	94199	49323	30172	40916	120951	113732	102089	39150	76360	33339	111740	36954	26108	35717	51711	79398	40302	37507	83162	81044	68275	39338	46901	92714	19232	104189	32747	112925	36000	42684	54565	61363	34537	49191	46209	50758	61507	58759	59073	69920	91513	120700	63359	52348	51648	45946	50311	53670	50979	34021	7783	31855	38469	39517	55829	43772	116665	107103	68176	72377	45300	
43599	51352	25980	41233	28495	25261	101819	70127	0	8006	20001	35617	39454	36313	34146	82565	70445	72876	58065	24468	54201	81480	57206	22391	13156	29395	40713	69400	90669	75834	13892	27496	90028	28150	77758	80467	94880	45507	87962	52781	60774	31996	81452	40056	31426	31744	92211	57117	61649	44289	8221	80899	50660	55992	53756	29007	61342	39898	42017	17620	85377	46879	24093	66896	58854	85275	79444	42323	21861	22671	87539	35563	22859	73959	34558	29093	10358	19772	12903	42639	80276	82858	34811	47592	20454	76224	57113	78512	41894	99229	25063	18265	16581	82999	92722	33727	83692	87964	101513	92876	54561	61639	14538	8342	40973	63618	54417	47504	34213	32276	49512	45507	81810	45311	98905	91686	80044	85432	54314	32198	89694	68062	70253	26110	79714	57352	50874	35559	16511	18612	46229	49208	65905	30780	40404	82143	64706	90879	46385	79298	55909	56707	85490	76732	18548	45734	23121	23336	15869	22388	69468	73871	11165	45099	66022	80030	39959	48646	20798	30550	75563	77029	82043	72420	41110	43722	69835	85057	77719	16987	86345	
40301	51021	26303	37935	35067	24930	84710	69796	8006	0	17583	35952	44555	36647	34481	79268	70780	69578	58400	29570	46950	78183	86301	19094	8020	29729	41048	101117	91004	72536	14227	24176	86731	37224	74461	77170	91583	42210	88296	53115	61109	28699	78155	36759	31760	36845	88914	62219	61983	44623	8556	81233	47363	52277	79219	27931	61676	40233	38720	17955	82080	47213	24427	92014	59188	85609	76147	42658	21555	20252	84242	32266	23193	70662	34892	29428	10574	18697	13238	42973	76979	79561	31514	43878	21707	72926	57448	78847	42228	95932	23987	14968	16915	79702	93056	34061	80395	84667	98216	93210	54895	58342	11241	5045	37676	82995	54752	52606	30915	32611	72488	42209	78513	42014	99240	92021	80378	82135	54649	31122	90029	64765	66956	26444	76417	57687	51209	32262	13857	23762	46564	45911	62608	38441	39710	82478	61409	91214	46720	76001	52611	57042	82192	73435	16129	46069	24952	29785	17439	27490	69802	98989	12175	45434	62725	76733	40294	48981	22665	30884	60481	73732	78746	69123	41013	44056	94954	85392	74422	23121	83048	
33005	51623	19906	24990	50597	24145	67981	46051	20001	17583	0	37846	57885	38542	36376	62735	72674	53045	49885	38829	49985	61650	88195	5917	22633	20812	32900	103012	92899	56003	10328	7783	70198	39119	57928	60637	75050	29266	90191	55010	36513	12145	61622	23815	33655	52196	72380	91230	63878	46518	11780	83128	47163	36634	81113	15270	53161	31718	25775	20042	65547	38698	26322	93909	61083	87504	59613	39838	3049	3859	67709	20697	15039	54129	26377	30099	15837	5340	15325	44868	60445	63028	18569	28235	30433	56393	59343	80741	33713	79399	11326	14737	18722	63169	94951	35956	63861	68134	81683	95105	56790	41809	6540	13925	27145	84890	53212	88455	16035	34505	74383	40813	61979	29070	101135	93916	82273	65601	56544	13676	91923	48231	50423	12039	59884	59581	43062	19317	28470	41326	48459	38335	46074	52995	27049	84373	44876	93108	38204	59468	49326	48527	65659	56901	3949	37922	34427	31680	19526	42840	71697	100884	20383	39511	46191	60200	37474	40833	10003	23589	44837	57199	62212	52590	31595	33314	96849	87286	57888	32658	66514	
62698	13019	26785	46307	37177	20567	97674	53526	35617	35952	37846	0	37342	6673	9677	90705	42743	81015	33489	21486	77955	89619	58264	47662	43498	23647	12209	73081	62968	83973	27173	34946	98168	13769	85898	88607	103020	52847	60260	27806	44317	44630	89592	46636	5510	35142	100350	61299	29245	11886	31182	53197	75133	61823	51182	31555	44884	19955	54651	18450	93517	26935	12392	63978	27244	57573	87583	7006	42224	39211	95679	54363	23103	82099	28810	18336	29654	32168	24473	14937	88415	90998	47445	50140	17004	84363	25832	50810	19152	107369	29059	43936	21548	91138	45521	5079	91831	96104	109653	65174	23279	69779	35090	36304	62525	54959	15964	58524	39161	17162	44452	68783	89949	60619	71203	63984	52342	93571	22667	36801	61992	76201	78393	26354	87854	18066	22370	48194	49335	41471	18527	66305	74044	53140	35210	54441	72846	63177	26442	87438	77296	13920	93629	84871	36870	17230	21777	18251	24121	29412	37064	70953	30161	10594	74161	88170	7598	13795	26535	21455	59105	85169	90182	80559	59565	15218	66918	57355	85858	32803	94484	
81681	42807	46824	66345	11701	39387	116657	87089	39454	44555	57885	37342	0	39221	37042	112101	18476	102412	64901	22227	99351	111016	23626	69058	42132	45043	43622	42822	41134	105370	48569	56342	119564	21085	107294	110003	124416	74244	42602	13543	75729	66027	110988	68032	34322	8508	121747	24019	40734	31606	44535	29325	96529	79936	20923	52951	76297	51368	76048	39846	114913	58348	33733	33719	17384	33224	108980	40000	63621	60608	117075	75759	44500	103495	50206	45943	38109	53565	38882	23077	109812	112394	68842	71537	33630	105760	29737	28281	50564	128765	50455	54579	42944	112535	47467	29392	113228	117500	131049	46161	18985	91175	50852	44656	83922	29551	45816	16328	60558	24770	10994	90179	111346	82016	38428	42151	27989	114968	27113	58198	36474	97598	99789	47751	109250	36133	53783	69590	41972	22550	20279	87702	95441	20627	58851	34806	94242	44164	57854	108834	98692	48233	115026	106268	51135	48643	24733	28410	36980	16485	48553	40694	34807	48008	95558	109567	42868	51555	47931	43837	90518	106565	111579	101956	80961	46630	36658	36128	107255	20769	115881	
61228	14218	27481	47003	37873	10704	96205	52057	36313	36647	38542	6673	39221	0	15765	92273	51406	82583	25024	27574	79523	91188	66927	49230	49586	15714	7062	81743	71630	85541	33261	37482	99736	24271	87466	90175	104588	59710	68923	36468	42725	46198	91160	54259	13740	44855	101919	69961	36002	19525	37270	61859	76701	60232	59845	34091	43293	18364	56219	24538	95085	25344	18480	72641	36245	66236	89152	5854	49249	47479	97247	55931	25640	83667	23958	10479	35742	34705	30561	23599	89984	92566	49014	52677	23092	85931	34833	59473	14407	108937	31596	50024	27636	92707	52115	15581	93400	97672	111221	73836	32280	71347	41178	42392	64093	63621	17947	67186	48415	23250	53114	70351	91518	62187	79866	72647	61004	95140	32034	39338	70655	77770	79961	28891	89422	25706	17625	49762	55423	47558	27190	67874	75613	59228	33618	63104	74414	71840	24850	89006	78864	12578	95197	86439	42958	12485	27865	24339	30209	35500	43659	79615	36249	8630	75730	89738	3714	11830	29071	19863	57514	86737	91751	82128	61133	10762	75580	66018	87427	38891	96053	
66022	24730	25314	44836	35707	19096	100998	56850	34146	34481	36376	9677	37042	15765	0	81522	45704	71832	37252	11809	68772	80436	61225	38479	34315	14464	15972	76042	65929	74790	17990	25763	88985	12099	76715	79424	93837	43664	63221	28040	45844	35447	80409	37453	4873	27616	91167	64260	36908	19548	21999	56158	65950	49357	54143	22372	46411	23718	45468	9267	84334	30699	3209	66939	34113	60534	78400	17583	33041	30028	86496	45180	13920	72916	19627	10717	20471	22985	15290	17898	79232	81815	38262	40957	5853	75180	32373	53771	22915	98186	19876	34753	12365	81955	67981	8986	82648	86921	100470	68135	29820	60596	25907	27121	53342	57920	29676	61485	29978	7485	47413	59600	80766	51436	74165	66946	55303	84388	29574	27618	64953	67018	69210	17171	78671	32611	26133	39011	40152	30319	21489	57122	64861	41989	27109	57403	63663	66138	30205	78255	68113	27004	84446	75688	27687	20994	12100	7100	12780	18261	44727	73914	18820	20359	64978	78987	15218	23905	17352	12095	60632	75986	80999	71376	50382	18981	69879	60316	76675	21652	85301	
29391	104008	77211	45621	103951	77499	14812	55635	82565	79268	62735	90705	112101	92273	81522	0	126596	20112	102018	92750	30279	19211	142117	61979	84075	76004	85033	156933	146820	19551	82557	55922	40848	93040	17723	13895	27200	46192	144112	108931	53966	58947	25747	46924	94122	106117	19101	145151	117799	100439	86566	137049	23215	36241	135034	66530	105294	83851	43138	79119	36197	90831	80243	147830	115004	141425	30263	91972	61997	60227	16194	36955	74390	9588	78510	82232	90323	66749	85142	98789	16282	22963	45384	44813	84354	11612	113264	134663	85846	23091	62519	54403	78946	16892	148872	89877	10765	32330	25125	149026	110711	23532	68480	76145	33361	138811	105346	142376	61164	88427	128304	31565	21705	39126	155056	147837	136194	14260	110465	61815	145845	36550	38742	64985	4947	113503	95195	49480	90341	107886	102380	30310	24386	119556	59876	138294	27893	147030	90337	13382	18218	100660	22543	6786	65889	90055	88349	85601	85915	96762	125618	154805	90201	91644	23814	9320	89607	92966	67533	83226	43330	25830	13645	18676	38071	85447	150770	141207	33390	99219	9848	
96470	60371	61613	81135	28046	55394	131446	92491	70445	70780	72674	42743	18476	51406	45704	126596	0	117490	72600	29068	114430	126094	22046	84137	79973	60122	51320	39731	23542	120448	63648	71420	134643	25609	122372	125082	139495	89322	26660	11445	83428	81105	126067	83111	44128	22738	136825	28289	31410	26222	67657	11733	111607	100934	17832	68030	83995	59066	91126	54925	129992	66047	48867	30628	8059	16258	124058	52930	78699	75686	132154	90838	59578	118574	65285	53642	66129	68643	60948	32100	124890	127473	83920	86615	53479	120838	20412	14942	58263	143843	65534	80411	58023	127613	25628	30338	128306	132579	146127	28569	13134	106254	71565	72779	99000	21609	40433	28869	75636	30841	12145	105257	126424	97094	20836	24559	18992	130046	21262	73276	18882	112676	114868	62829	124329	24557	61481	84668	85810	38885	21226	102780	110519	48013	74321	20096	109321	26572	65553	123913	113771	62352	130104	121346	73345	56341	35456	54726	60596	32820	35872	37603	66636	55706	110636	124645	50566	59253	63010	60566	98217	121644	126657	117034	96040	54329	33568	18536	122333	37104	130959	
18320	94319	67521	30244	94262	67809	17054	35969	72876	69578	53045	81015	102412	82583	71832	20112	117490	0	91944	82676	30664	10639	132043	51905	74001	65930	74960	146859	136746	3338	72484	45848	52653	82966	6917	9626	12857	22781	134038	98857	34374	48873	30087	31638	84048	96043	21370	135077	107725	90365	76492	126975	27841	16650	124961	46060	49034	73777	33064	69045	48002	52659	70169	137756	104930	131351	42069	81898	51923	50154	16698	25651	64316	14577	68436	72158	80250	56675	75068	88715	9435	5041	35310	25222	74280	8692	103190	124589	75772	14275	52445	43099	68872	12158	138798	79803	12850	17965	17553	138952	100637	11807	58406	66071	22057	128737	95272	132302	33033	78353	118230	21491	8923	21518	144982	137763	126120	14591	100391	42448	135771	17748	12143	54911	16177	103429	85121	39406	80268	97812	92306	20133	7324	109482	43542	128220	11627	136956	80263	8457	26733	90586	14648	13658	55815	79981	78275	75527	75841	86688	115544	144731	80127	81570	23817	11409	79533	82893	57459	73152	24853	6239	11201	2945	27997	75373	140696	131134	40344	89145	18716	
71893	16585	27191	32537	63553	32853	106869	35670	58065	58400	49885	33489	64901	25024	37252	102018	72600	91944	0	48125	88821	65090	87479	58528	64715	34615	20855	102295	92182	94839	43105	46780	109034	44823	96763	99473	58457	42412	89474	57020	26154	55496	100458	42446	34292	65407	111216	90513	39477	27526	47114	82411	85998	43661	80397	27800	16292	21562	65517	39667	104383	12447	39032	93192	44865	86787	98449	20466	58546	56776	106544	65228	34938	92965	33256	19993	50871	44002	45690	44151	99281	60700	58311	39704	43644	95229	41575	80025	13650	62805	40893	68473	39494	102004	55591	36133	102697	51541	65089	94388	40900	80645	51022	57521	73391	84173	17276	87738	36244	43802	73666	79648	63331	71485	100418	93199	81556	104437	37203	34055	91207	87067	89259	38188	98720	32603	7446	59059	70552	68433	47742	77171	84910	80103	20722	83656	83712	92392	9690	98303	88162	12590	67696	95737	51957	12586	48417	44891	46463	56051	47134	100167	50748	16922	85027	99036	22262	13952	38369	23062	40943	96035	101048	91425	70431	16483	96132	86570	96724	59766	105350	
62625	36539	27768	47290	16943	21549	97601	65909	24468	29570	38829	21486	22227	27574	11809	92750	29068	82676	48125	0	79869	91534	44200	49576	34994	25561	26587	56394	59751	85887	29087	36860	100082	5190	87812	90521	104934	54762	57044	18645	58695	46545	91506	48550	17300	18737	102265	44111	36939	20683	29668	49981	77047	60454	40749	33469	59262	34333	56566	20364	95431	41313	13789	53890	24848	54357	89498	28197	44139	41125	97593	56277	25018	84013	30724	28909	23242	34083	19773	8376	90330	92912	49360	52055	11521	86278	28442	47594	33530	109283	30973	45851	17734	93053	45250	13059	93746	98018	111567	61958	23425	71693	37005	29789	64439	50612	34894	34498	41076	5285	29378	70697	91864	62533	67987	60768	49125	95486	25643	38716	58776	78116	80307	28269	89768	25211	36748	50108	40213	20987	14299	68220	75959	32657	38349	51225	74760	59961	40820	89352	79210	37619	95544	86786	38785	31608	6204	7837	14516	8215	44758	60864	19940	30973	76076	90084	25833	34520	28449	23336	73483	87083	92097	82474	61479	29596	56829	54139	87773	12320	96399	
17170	91258	64461	40577	91201	64749	39023	58495	54201	46950	49985	77955	99351	79523	68772	30279	114430	30664	88821	79869	0	39831	130294	32505	43139	64181	73210	145110	134997	34185	53556	44099	28289	81217	36109	33993	53231	36054	132289	97108	56776	35161	20939	39860	82299	94294	43246	133328	105976	88616	53319	125226	7240	39052	123211	54707	93471	72028	26831	67296	23638	79008	68420	136007	103181	129602	16659	80149	37068	48404	40339	18846	62567	21607	66687	70409	78500	54926	73319	86966	38627	41209	24931	47624	72531	26123	101441	122840	74023	57580	50696	36761	67123	41350	137049	78054	33007	46315	59864	137203	98888	19990	47199	45964	16963	126988	93523	130553	37378	76604	116481	13496	40161	22011	143233	136014	124371	38405	98642	49992	134022	26413	28604	53162	27362	101680	83372	29325	49405	65617	90557	23246	24256	77496	52811	126471	23057	135206	78514	30997	13713	88837	43841	24379	40943	78232	76526	73778	74092	84939	113795	142982	78378	79821	11163	29677	77784	81144	55710	71403	50872	35380	40394	30771	20992	73624	138947	129384	16106	87396	33993	
26924	102923	58643	37992	102866	76414	10318	31931	81480	78183	61650	89619	111016	91188	80436	19211	126094	10639	65090	91534	39831	0	140709	60571	82668	60041	83626	155525	145412	8570	81150	54515	50316	91633	3722	7207	8956	34905	142705	107523	39712	57540	35215	45542	92715	104709	14420	143744	116391	99031	85159	135642	36508	24836	133627	54338	54372	82443	41730	77711	45665	57997	78836	146423	113596	140018	39731	90564	60590	58820	9748	34317	72982	19705	77102	80824	88916	65341	83735	97381	3423	7360	43976	33500	82946	13820	111856	133255	84439	4848	61111	51765	77539	5208	147464	88469	8610	14087	4477	147619	109303	20473	67072	74737	30723	137403	103938	140968	47149	87019	126896	30158	3014	30184	153648	146429	134786	7641	109057	50726	144437	26772	21166	63578	19515	112095	93787	48072	88934	106478	100972	29156	15990	118148	49177	136886	20293	145622	62907	7973	27686	99252	6488	17664	64482	88647	86941	84193	84507	95354	124210	153398	88793	90237	32483	12881	88200	91559	66125	81818	25087	15262	6961	9111	36664	84040	149362	139800	49010	97811	11767	
111991	75892	77134	96656	29453	70915	146967	108012	57206	86301	88195	58264	23626	66927	61225	142117	22046	132043	87479	44200	130294	140709	0	95251	59453	71237	62435	18586	24946	131563	74763	82535	145758	46039	133487	136196	150610	100437	22238	28003	94543	92220	137182	94226	55242	29597	147940	9494	55164	53401	78772	20077	122722	112049	3571	79145	95110	70181	102241	66040	141107	77161	59982	11103	27141	38242	135173	64045	89814	86801	143268	101952	70693	129689	76400	64757	57089	79758	72063	43215	136005	138588	95035	97730	64594	131953	48083	7889	69378	154958	76649	91526	69138	138728	45689	56101	139421	143694	157242	27152	33445	117368	82680	83894	110115	6639	67611	14960	86751	48586	16445	116372	137539	108209	29154	25962	6773	141161	51141	84391	23970	123791	125982	73944	135443	54188	72596	95783	59293	39871	35159	113895	121634	30865	85436	11893	120436	25155	76668	135027	124886	73467	141219	132461	84460	67456	43712	47390	55959	35464	54836	18078	53787	66821	121751	135760	61681	70368	74124	71681	109331	132759	137772	128149	107155	65444	14616	19333	133448	39008	142074	
25321	60965	28003	20054	60908	34456	66830	46927	22391	19094	5917	47662	69058	49230	38479	61979	84137	51905	58528	49576	32505	60571	95251	0	23310	28898	42167	114067	103954	54656	20911	11062	68851	50174	56581	59290	73703	24330	101246	66065	35475	10818	60275	18879	51256	63251	71033	102285	74933	57573	20674	94183	31153	34397	92168	21669	62428	40984	17787	36252	64200	47965	37377	104964	72138	98559	58266	49105	4801	7288	66362	15018	23125	52782	35644	39365	24731	11257	25908	55923	59098	61681	10581	25998	41487	55046	70397	91796	42980	78052	17659	11159	30512	61822	106006	47011	62514	66787	80336	106160	67845	40462	14554	15380	21466	95945	62479	99510	13035	45560	85438	26000	60632	21082	112189	104970	93328	64254	67598	19121	102978	46884	49076	20125	58537	70636	52328	14382	29576	45088	59513	27153	44727	56968	30108	95427	43529	104163	47471	58121	47979	57793	64312	55554	8676	47188	45482	42735	30109	53895	82752	111939	27040	48778	44844	58853	46741	50100	15921	40359	42600	55852	60865	51242	20080	42581	107903	98341	56541	37331	65167	
42825	58551	33833	42151	32088	32459	88926	77325	13156	8020	22633	43498	42132	49586	34315	84075	79973	74001	64715	34994	43139	82668	59453	23310	0	37200	48519	98503	98475	76674	21698	33080	67438	44695	78598	81308	95721	46348	95768	60586	68580	32836	61392	40897	39232	35705	93051	59364	69454	52094	16027	88704	48297	56415	56002	33021	69147	47704	42857	25426	62787	54684	31898	69143	66659	93081	55809	50129	25693	28180	88380	34715	30664	74800	42363	36899	18045	23787	20709	50444	81116	83699	35651	48016	29179	77064	64919	86318	49700	100070	29077	17417	24386	83839	100527	41532	84532	88805	102353	100681	62366	62480	18934	12150	40125	65865	62223	49007	35053	40082	50564	44658	82650	46152	106711	99492	87849	86272	62120	41139	97500	68902	71094	29790	80555	65158	58680	36400	7633	25813	54035	50049	66745	33103	44800	89949	65547	98685	54191	80139	54770	64513	86330	77572	21219	53540	33767	37256	26515	33034	77273	102726	19646	52905	49636	80871	47765	56452	27754	38355	64618	77870	82883	73260	40262	51527	72082	92863	53368	27633	87185	
45879	37053	4598	23099	36893	5440	80855	37677	29395	29729	20812	23647	45043	15714	14464	76004	60122	65930	34615	25561	64181	60041	71237	28898	37200	0	13087	92418	82305	53869	14217	17968	85141	28525	72871	75580	52477	29769	79598	44416	28103	22331	76565	25613	23062	41602	67959	80636	53284	35924	18226	72534	62106	35462	70520	8247	33113	9345	35460	14604	80490	19162	15728	83316	50489	76911	74557	29245	25247	22234	82652	35171	5037	69072	15783	12370	21570	15191	16389	34274	75389	52501	28254	27062	19839	71337	48749	70148	15171	56825	12082	30840	11833	78112	84357	25362	78805	49018	59109	84511	46196	56752	21994	27107	49499	74296	42619	77861	18138	23912	63789	55756	57352	47593	90541	83322	71679	80545	45950	15950	81330	40180	41853	9377	74827	48988	32468	26415	40137	43371	37865	37447	61018	55041	18639	73779	59819	82515	21419	74411	64270	37933	61717	71845	23146	27328	23834	21086	21400	32247	61103	90290	21447	19698	61135	75144	26881	21020	9558	6178	43665	47249	77156	67533	46538	13878	86255	76693	72832	34704	81458	
54908	15558	21839	48393	42273	6945	89884	45737	40713	41048	32900	12209	43622	7062	15972	85033	51320	74960	20855	26587	73210	83626	62435	42167	48519	13087	0	80589	70476	79050	27316	30991	93245	23117	80975	83684	98097	53219	67768	35314	36234	39707	84669	47768	12586	43701	95428	68807	37372	24095	31325	60705	70210	53741	58690	18793	36802	8711	49728	23383	88594	18853	17326	71486	38660	65081	82661	7224	42757	40988	90756	49440	19149	77176	17467	5327	34588	28214	29407	22445	83493	86075	42523	46186	21938	79440	36920	58318	8989	102446	25104	52685	26481	86216	72528	14427	86908	91181	104730	72682	34367	64856	35234	41238	57602	62467	21438	66032	41924	22096	51960	63860	85027	55696	78712	71493	59850	88649	34121	32847	69500	71278	73470	22400	82931	37158	12474	43271	54268	46404	26036	61383	69122	58074	27127	61950	67923	70685	14512	82515	72373	11588	88706	79948	36168	7334	26710	23185	29055	34345	45029	78461	35095	7167	69239	83247	4242	8489	22580	11294	51023	80246	85259	75637	54642	5610	74426	64863	80936	37737	89562	
126808	90708	91951	111472	41648	85732	161784	122828	69400	101117	103012	73081	42822	81743	76042	156933	39731	146859	102295	56394	145110	155525	18586	114067	98503	92418	80589	0	37761	150616	93816	101589	164811	65092	152541	155250	169663	119491	34694	47056	113596	111273	156235	113279	74296	41996	166994	16271	74217	72454	97825	43023	141776	131103	22624	98198	114164	89234	121294	85093	160160	96215	79035	7854	46195	57295	154226	83098	108867	105854	162322	121006	89747	148742	95453	83810	69488	98811	91116	62268	155059	157641	114088	116783	65008	151006	67137	30264	88431	174012	95702	110579	88191	157782	64742	75155	158474	162747	176296	39874	52498	136422	101733	76035	129168	16817	86664	21914	105804	60985	35498	135426	156593	127262	52661	37766	19474	160215	70194	103444	48742	142844	145036	92997	154497	73242	91649	114837	93784	48901	54212	132948	140687	37000	104489	19645	139489	37877	95721	154081	143939	92520	160272	151514	103513	86510	56111	59789	68358	47863	73889	4404	66186	85875	140805	154813	80734	89421	93178	90734	128385	151812	156825	147203	126208	84497	4386	31137	152502	51407	161128	
116695	80595	81838	101359	59134	75619	151671	112715	90669	91004	92899	62968	41134	71630	65929	146820	23542	136746	92182	59751	134997	145412	24946	103954	98475	82305	70476	37761	0	140594	83794	91567	154789	55070	142519	145228	159641	109469	4024	34258	103574	101251	146213	103257	64274	47110	156972	34510	43682	50311	87803	12167	131754	121081	31790	88176	104142	79212	111272	75071	150138	86193	69013	30012	30873	25593	144204	73076	98845	95832	152300	110984	79725	138720	85431	73788	86276	88789	81094	52246	145037	147619	104066	106761	73625	140984	38822	17641	78409	163990	85680	100557	78169	147760	33952	65133	148452	152725	166274	5933	35948	126400	91711	92925	119146	25813	64522	39975	95782	61015	35109	125404	146571	117240	9819	4335	20527	150193	41880	93422	4817	132822	135014	82975	144475	44927	81627	104815	105956	70685	55837	122926	130665	67617	94467	17313	129467	2055	85699	144059	133917	82498	150250	141492	93491	76488	65630	74872	80742	66278	44196	42561	86782	75853	130783	144791	70712	79399	83156	80712	118363	141790	146803	137181	116186	74475	34527	7872	142480	69823	151106	
21278	97277	53402	32750	97220	70767	15242	33015	75834	72536	56003	83973	105370	85541	74790	19551	120448	3338	94839	85887	34185	8570	131563	54656	76674	53869	79050	150616	140594	0	83638	57003	44637	94121	3813	7769	9519	25309	145193	110012	36903	60028	29536	34166	95203	107198	19512	146232	118880	101520	87647	138130	38996	19178	136116	48589	51563	84932	44219	80200	39985	55187	81324	148911	116085	142506	34052	93053	63078	61309	14840	39802	75471	14026	79591	83313	91405	67830	86223	99870	5652	3411	46465	27750	85435	8141	114345	135744	86927	10937	63600	57251	80027	10300	149953	90958	10993	14627	16928	150107	111792	14794	69561	77226	36209	139892	106427	143457	35561	89508	129385	32646	5585	40207	156137	148918	137275	12733	111546	44976	146926	20277	14672	66066	15626	114584	96276	50561	91423	108967	103461	22661	10311	120637	46070	139375	15865	148111	91418	6599	22007	101741	12791	13106	66970	91136	89430	86682	86996	97843	126699	155886	91282	92725	34972	9861	90688	94048	68614	84307	25627	8767	9344	3432	39152	86528	151851	142289	51499	100300	16859	
52432	45543	13750	30239	34613	13660	87408	55716	13892	14227	10328	27173	48569	33261	17990	82557	63648	72484	43105	29087	53556	81150	74763	20911	21698	14217	27316	93816	83794	83638	0	15069	88365	27240	76094	78804	61939	39232	78312	43130	45223	19432	79789	29606	21776	40316	90547	79351	51998	34638	5474	71249	65329	44924	69234	17939	45791	24347	32560	9545	83714	31328	14442	82030	49203	75625	77780	32673	14476	11571	85876	35526	9488	72296	19007	22728	9780	7346	5686	32988	78612	81195	25354	36525	14156	74560	47463	68862	26343	66288	12636	18229	7603	81335	83071	24076	82028	86301	68572	83226	44910	59976	9383	14355	52722	73010	45842	76575	22131	22626	62503	58979	80146	50816	89255	82036	70393	83768	44664	19771	80044	66398	68590	12739	78051	47702	35691	24166	27385	31687	36579	56502	64241	43357	27033	72493	63043	81229	30834	77635	67493	41156	83826	75068	11163	30551	22548	19800	9888	30961	59817	89005	10745	32141	64358	78367	30309	33463	7427	15891	60012	75366	80379	70756	49762	25944	84969	75407	76055	23020	84681	
25797	49217	17501	16903	48192	21740	60773	35667	27496	24176	7783	34946	56342	37482	25763	55922	71420	45848	46780	36860	44099	54515	82535	11062	33080	17968	30991	101589	91567	57003	15069	0	62990	36718	50720	53429	67842	21178	87790	52609	26136	4640	54414	15727	31254	49795	65173	88829	61477	44117	19224	80727	39955	28851	78712	11182	50760	29317	18066	22797	58339	36297	23921	91508	58682	85103	52405	37438	7854	4880	60501	17777	12638	46921	23976	27698	23530	9452	19436	42467	53238	55820	10860	20452	28032	49185	56942	78341	31313	72191	7172	21022	20025	55961	92550	33555	56653	60926	74475	92704	54389	34601	13133	20518	27347	82489	50812	86054	8253	32105	71982	33605	54772	25441	98734	91515	79872	58394	54143	5893	89523	41023	43215	9638	52676	57181	40661	9374	39439	51564	46058	31127	38866	63234	16671	81972	37668	90707	35804	52260	42118	46126	58451	49693	10542	35521	32027	29279	29593	40440	69296	98483	24495	37111	38984	52992	35074	38433	12186	22059	37054	49991	55004	45382	24387	30913	94448	84885	50681	42897	59307	
41381	111471	84674	60790	111414	84962	49591	80485	90028	86731	70198	98168	119564	99736	88985	40848	134643	52653	109034	100082	28289	50316	145758	68851	67438	85141	93245	164811	154789	44637	88365	62990	0	100976	46656	44666	54255	59021	152048	116866	79743	66883	17216	62677	102058	114053	53918	153087	125734	108375	94502	144985	24985	62018	142970	74465	113230	91786	51073	87054	4718	98767	88179	155766	122939	149361	12191	99907	69933	68163	51012	51257	82325	32280	86446	90167	98259	74684	93078	106724	49174	48147	53319	70590	92289	36796	121199	142598	93782	55673	70454	57377	86882	51709	156807	97813	43680	69282	59942	156962	118646	38042	76415	84080	48967	146747	113281	150312	69100	96362	136239	41961	50321	47061	162991	155772	144130	49078	118400	69750	153780	49379	51571	72921	38035	121438	103130	57416	73748	115821	110315	46212	38897	127491	75628	146229	46024	154965	98273	41670	28031	108595	54387	35052	73825	97990	96284	93537	93850	104697	133553	162741	98136	99580	28887	40349	97543	100902	75468	91161	73839	58347	46560	43860	46007	93383	158705	149143	16689	107154	44665	
62915	26681	28058	47580	20625	21839	97891	65356	28150	37224	39119	13769	21085	24271	12099	93040	25609	82966	44823	5190	81217	91633	46039	50174	44695	28525	23117	65092	55070	94121	27240	36718	100976	0	88083	90792	105206	55033	51854	15135	55838	46816	91778	48822	14430	18853	102536	52893	31749	15493	33368	44791	77318	60725	42776	33741	56405	31476	56837	20636	95703	38457	14578	55572	21338	49167	89769	20109	44410	41397	97864	56548	25289	84285	30996	26052	27021	34354	26659	3186	90601	93184	49631	52326	16076	86549	23252	42404	30673	109554	31245	46122	23734	93324	40061	9500	94017	98290	111838	56768	18236	71964	37276	38490	64711	46553	29704	36836	41347	5945	26634	70968	92135	62805	62797	55578	43936	95757	20453	38987	53586	78387	80578	28540	90039	20021	33891	50379	43992	24766	10789	68491	76230	36102	46731	46035	75032	54771	37963	89623	79482	34762	95815	87057	39056	28751	10560	12192	18872	11893	39568	62547	23719	28116	76347	90356	22976	31663	28720	23607	70627	87355	92368	82745	61751	26739	58511	48949	88044	16099	96670	
23203	99201	72404	35419	99144	72692	11745	34621	77758	74461	57928	85898	107294	87466	76715	17723	122372	6917	96763	87812	36109	3722	133487	56581	78598	72871	80975	152541	142519	3813	76094	50720	46656	88083	0	4839	11125	28082	138983	103801	41858	53818	31493	36939	88993	100987	15951	140022	112669	95310	81437	131920	32786	22220	129905	51362	56518	78721	38008	73989	41943	60142	75114	142701	109874	136296	36009	86842	56868	55098	11279	30595	69260	15983	73380	77102	85194	61619	80013	93659	3293	5537	40254	30523	79224	10098	108134	129533	80717	8397	57389	48043	73817	6739	143742	84747	8063	16233	8095	143897	105581	16751	63350	71015	27001	133682	100216	137247	38334	83297	123174	26436	4220	26462	149926	142707	131064	9172	105335	47749	140715	23050	17445	59856	13869	108373	90065	44351	85212	102756	97250	25434	12268	114426	48843	133164	16571	141900	85208	4251	23964	95530	9230	13257	60760	84925	83219	80472	80785	91632	120488	149676	85071	86515	28761	8300	84478	87837	62403	78096	27233	11540	6414	5389	32942	80318	145640	136078	45288	94089	13297	
25912	101910	75113	38128	101853	75401	8805	43854	80467	77170	60637	88607	110003	90175	79424	13895	125082	9626	99473	90521	33993	7207	136196	59290	81308	75580	83684	155250	145228	7769	78804	53429	44666	90792	4839	0	15352	30238	141139	105958	41832	55974	29623	39095	91149	103144	14918	142178	114826	97466	83593	134076	27091	24107	132061	53518	56492	80878	40164	76146	40072	60116	77270	144857	112031	138452	34139	88998	59024	57254	7951	32751	71417	13222	75537	79259	87350	63776	82169	95816	3500	10829	42410	32679	81381	8499	110290	131689	82873	11244	59546	50200	75973	4556	145899	86904	3532	22045	12689	146053	107738	18908	65507	73172	29157	135838	102372	139403	40490	85453	125331	28592	8568	28619	152082	144863	133221	6456	107492	49906	142871	25206	19601	62012	11232	110529	92221	46507	87368	104913	99407	27591	14424	116582	50999	135321	18727	144056	87364	4254	22094	97686	8197	10272	62916	87082	85375	82628	82942	93788	122645	151832	87227	88671	27690	5315	86634	89993	64560	80253	32311	13696	3089	7546	35098	82474	147797	138234	47445	96245	7831	
42146	116323	52009	31358	116266	57916	18013	25297	94880	91583	75050	103020	124416	104588	93837	27200	139495	12857	58457	104934	53231	8956	150610	73703	95721	52477	98097	169663	159641	9519	61939	67842	54255	105206	11125	15352	0	27726	148855	113673	32534	42365	39054	38364	98864	110859	17260	149893	122541	105181	64787	141791	42657	17658	139777	47160	47194	61192	33850	83861	49504	50818	84985	152573	119746	146168	43571	96714	66739	64970	16497	43463	53263	23545	83252	86974	95066	54107	89884	103531	11631	8309	50126	26321	89096	17660	118006	139405	61209	6127	50998	60912	60650	13198	153614	94619	16599	6909	8411	153768	115453	24313	60909	80887	39870	143553	110088	147118	39971	93169	133046	36307	7450	31676	159798	152579	140936	15631	115207	43548	150587	24444	19531	48956	25145	118245	63068	41955	95084	112628	107122	26828	19829	124298	41999	143036	19526	151772	55729	16118	31525	105402	11018	22625	70631	94797	93091	90343	90657	101504	130360	159547	94943	96387	38633	19380	94350	97709	52810	57135	17909	12221	14950	12951	42814	63500	155512	145950	55160	103961	21781	
