//--------------------------------------------------------------------------------------------------------------------
//-- données sur l'HAUTE_GARONNE récupérées par le géocodeur (matrice symétrique)
//-- 
//-- C. Duhamel, P. Lacomme C. Prodhon - juillet 2009 : 2500 kg à collecter, flotte de capa 6800
//--------------------------------------------------------------------------------------------------------------------
130 8 999999 0 0 0
10 30 35 0.8
10 50 50 1.2
10 50 80 1
10 100 70 2.5
10 100 80 2.2
10 100 90 2
5 200 120 2.2
5 300 130 2.2
0   // la ville qui represente le depot
0	12350	42749	21660	22954	49545	49598	157757	12015	34678	39297	14788	12812	25877	53566	33544	13893	16058	107155	25449	7075	28571	70458	35813	51168	22883	4533	13121	17211	66572	10217	51654	17196	18242	21979	18636	22027	35840	24640	5038	17340	2686	29808	30939	22174	28692	8516	117360	18620	6217	21403	73118	7801	24126	107021	29011	10745	36724	19139	25781	35426	27594	10697	23281	4675	43285	38106	65593	25286	7320	31840	38864	48952	71044	16242	39928	17677	19970	26256	22455	9771	65256	32135	11776	114039	31437	45554	42023	24984	8100	25810	27804	27363	25377	25851	20608	16219	19597	62932	48523	57894	33455	25540	12670	2862	62937	101312	7378	9405	10947	8076	41005	18130	10061	53281	24545	48161	86100	27855	9638	33140	9620	18038	36623	28044	32794	21549	43906	25040	107903	24342	
12350	0	46906	28700	36098	59485	59539	161914	26423	45110	43454	29195	4802	36308	57723	37209	8821	21780	77870	16723	10725	42978	80398	50221	55325	30438	13271	27529	18620	70729	14790	55811	11168	5036	22809	6647	36434	39996	36542	7885	31747	13627	23235	22936	26130	30365	5262	121517	33028	12583	13555	60348	22208	16123	111177	33168	17961	40880	30638	29938	39583	42002	24044	12517	17241	47442	42263	69749	16462	6635	14990	43021	53108	75201	6114	44085	5579	34378	11006	36862	21045	69413	39175	26183	118195	35593	55495	46180	32025	15492	12583	31961	31520	26208	32891	24764	30626	26213	81939	52680	62050	37612	29697	27078	10285	72877	105469	25088	23813	10592	16814	45161	31273	13207	57438	37688	32684	90257	32011	3062	37297	16807	18869	40780	42452	36951	27204	53847	29613	112060	28499	
42749	46906	0	25287	29381	31671	17378	135221	43015	23793	12894	52099	44065	24409	30201	70855	39480	59043	84619	47859	49131	65882	19322	42626	28633	23316	46468	50433	58721	44036	53195	10269	39606	43412	29442	51143	39836	15553	27238	44011	44911	44621	34482	40615	65159	27646	51334	94825	55932	50989	63532	65097	45113	46536	84485	14344	56366	28592	28940	22722	11454	34818	52397	60542	47135	28065	25851	43057	47697	50138	54251	30827	25587	48509	52007	9241	49603	47542	55030	59767	62851	35047	16133	49087	91503	23608	15906	22680	22503	48726	48220	19277	19572	33525	20442	24759	43790	27223	54124	36303	32662	27901	20205	49982	50854	45063	78776	47992	46717	52274	50332	38785	31529	52117	13909	32757	40029	63564	21246	45402	30921	33996	34844	13782	65356	10800	65094	26032	73223	85367	25716	
21660	28700	25287	0	11410	30999	15477	152541	12655	17986	27259	22400	25822	9778	48350	41156	21236	38896	101939	29615	28984	36183	59539	29042	45952	2408	25216	22815	38574	61356	33048	30603	21362	25168	19669	32899	19238	21448	9197	25768	14551	23369	34223	35105	45012	23476	31186	112144	26233	30841	43385	71664	17495	28292	101804	16973	35582	31507	6080	9192	23388	22508	32398	42298	19619	38069	32890	60376	29453	29990	36007	33648	43735	65828	33763	27890	31359	17181	36786	30068	33152	60040	11146	19388	108822	26220	34635	36807	3995	26829	29976	15766	14409	29544	4861	15391	13430	2566	46564	43307	52677	28239	15958	20283	23546	37503	96096	20374	19099	32127	22715	35788	9394	31969	48065	16031	42945	80884	17316	27159	27924	10711	22204	14625	35657	20756	44946	25100	53076	102687	19126	
22954	36098	29381	11410	0	33833	19445	160684	14030	13877	42224	18164	33964	7346	56492	42974	29379	40714	110082	37758	30802	38001	64313	20540	54095	9364	27034	24634	40392	69499	34866	36484	29505	33311	27812	41042	9267	38766	4582	26299	8534	25187	42366	43248	46830	31619	33004	120287	28051	32659	45203	79807	19313	36435	109947	31938	37400	39650	6247	25252	38353	12945	34216	51226	21437	46212	41033	68519	37596	31808	44150	41790	51878	73971	40730	42855	39502	12054	44929	31886	34970	68182	12034	16755	116965	34363	39409	44950	9487	28647	38119	30731	30289	37686	8963	23534	6798	13452	41200	51450	60820	36382	28467	22101	25364	32138	104239	22192	20917	33945	24533	43931	3743	33787	56208	5346	51088	89027	30781	34126	36066	15777	30347	18991	25131	35721	46764	26671	54894	110830	27269	
49545	59485	31671	30999	33833	0	19083	183576	41300	18556	43347	51046	56857	25078	79385	69801	52271	67541	132974	60650	57629	64829	25124	24063	76987	29070	53861	51461	67219	92391	61693	30358	52397	56203	50705	63934	47883	61659	27907	56803	43196	52014	65259	66140	73657	54511	59832	143179	54878	59487	72030	102699	46140	59328	132839	54830	64227	62542	29608	48144	40898	32830	61043	73333	48265	69104	63925	91412	60488	58635	67042	64683	74770	96863	64798	39694	62394	45827	67821	58713	61797	91075	20862	48033	139857	57255	17989	67842	28045	55475	61011	53623	53182	60579	26232	46426	42075	36268	23363	74342	83712	59274	51359	48928	52191	15355	127131	49019	47745	60772	51360	66824	39040	60614	44362	33226	73980	111919	53674	58194	58959	42785	53240	32198	64302	36918	73592	7469	81721	133722	50161	
49598	59539	17378	15477	19445	19083	0	183456	41181	6363	28550	50926	56737	11331	79265	69682	52151	67421	132854	60531	57509	64709	21170	22568	76868	13432	53742	51341	67099	92271	61574	21376	52278	56083	50585	63815	26758	25483	14160	56683	23938	51894	39266	66021	73537	32429	59712	143060	54758	59367	71910	102579	46021	59208	132720	20676	64107	62423	15861	18714	22147	21739	60924	73213	48145	68984	63805	91292	60368	58516	66922	64563	74651	96743	64678	22938	62274	45707	67701	58593	61677	52397	5224	47914	139738	57136	10508	67722	12407	55355	60892	25168	23440	60459	10593	46307	21959	17338	41671	74223	83593	59155	24988	48808	52071	32609	127011	48900	47625	60652	51240	66704	18451	60495	31260	19679	73860	111799	27138	58074	58839	42665	53120	16574	35809	17695	73472	13579	81601	133602	30499	
157757	161914	135221	152541	160684	183576	183456	0	157958	169534	126663	167042	159008	160732	117962	185798	154422	173985	78578	162801	164073	180825	151431	177029	110562	154862	161410	165375	173664	99228	168138	142390	154548	158354	144385	166085	164540	133784	160966	158954	159853	159563	140575	149083	180101	136528	166276	44289	170874	165931	178474	94311	160055	161479	46733	135580	171309	135335	155062	154362	132087	169434	167340	175484	162077	122553	122082	101148	162639	165080	169193	126339	115636	88824	166949	133359	164545	162484	169972	174709	177793	115832	163599	164030	47392	131359	179919	116246	156449	163668	163162	136610	140423	142407	157315	141124	158732	150637	206363	124889	111083	134292	136030	164924	165797	197301	57652	162934	161659	167216	165275	142140	155697	167059	122971	162112	134756	84467	133624	160345	134275	148938	149786	152239	180298	135053	180036	178271	188165	56669	136735	
12015	26423	43015	12655	14030	41300	41181	157958	0	26198	39889	8886	22584	17397	54158	32281	20422	30021	107747	31977	20109	27309	61978	24876	51761	14403	16342	12990	29699	67164	24173	49984	23724	24771	25478	32086	11535	36432	16161	15606	5504	14494	40032	37467	36137	29284	22312	117953	17358	21967	34510	77472	8620	30654	107613	29603	26707	37316	10659	22917	36018	16658	23523	40533	10745	43877	38698	66185	31815	21116	38369	39456	49544	71636	30038	40520	30545	6594	35972	21193	24277	65848	23655	5898	114631	32029	37075	42615	16505	17955	32338	28396	27955	31906	17371	21200	6814	11118	50093	49116	58486	34047	26132	9394	14671	54457	101904	11500	10225	23252	13840	41597	9650	23095	53873	15354	48753	86692	28447	23433	33732	8142	24566	37215	18061	33386	36072	35427	44201	108495	24934	
34678	45110	23793	17986	13877	18556	6363	169534	26198	0	34392	34028	42070	10432	64598	54142	37484	51881	118187	45863	41969	49169	26462	16489	62200	14415	38202	35801	51560	77604	46034	27793	37610	41416	35918	49147	21702	28617	13517	42016	21997	36355	50472	51353	57998	39724	44172	128392	39219	43827	56371	87912	30481	44541	118052	23947	48568	47755	14962	21247	27988	16684	45384	58546	32605	54317	49138	76625	45701	42976	52255	49896	59983	82076	50011	28779	47607	28117	53034	43053	46137	76288	6207	32374	125071	42468	15799	53055	13390	39815	46224	27141	25972	45792	11577	31640	20261	18322	33885	59555	68925	44487	27521	33268	36531	24824	112344	33360	32085	45112	35701	52037	17124	44955	37101	14427	59193	97132	28879	43407	44172	27998	38453	17543	30753	21730	57932	12620	66061	118935	35374	
39297	43454	12894	27259	42224	43347	28550	126663	39889	34392	0	48470	40436	29186	20074	67225	35850	55413	76474	44229	45501	62253	30558	58457	20487	25262	42838	46803	55091	35891	49566	21517	35976	39782	25812	47513	45968	7479	30996	40382	41281	40991	30683	33559	61529	24016	47704	86679	52302	47359	59902	56952	41483	42906	76339	11218	52737	20518	36490	17789	4988	50862	48767	56912	43505	12323	11134	34911	44067	46508	50621	16109	15459	40363	48377	6045	45973	43912	51400	56137	59221	34574	26036	45458	83357	15535	27644	11453	25029	45096	44590	14733	15942	29895	24195	21129	40160	26540	87790	26175	25088	24400	16575	46352	47224	78729	70631	44362	43087	48644	46703	32248	37125	48487	7962	43540	31955	55419	15063	41773	24383	30366	31214	15586	61726	8318	61464	59698	69593	77222	22086	
14788	29195	52099	22400	18164	51046	50926	167042	8886	34028	48470	0	25631	26898	63141	25449	23469	29462	116731	35024	23156	19904	71480	25266	60744	23905	15952	7054	32746	76148	19560	59485	26771	27818	31554	35132	10530	45415	25662	18653	10103	17541	39384	40514	34047	38268	25359	126936	6667	23525	37557	82694	9351	33701	116596	38587	16861	46299	20161	32419	45002	19787	9641	43580	11350	52861	47682	75168	34862	24162	41416	48439	58527	80620	33085	49504	33592	7051	39019	13442	14430	74831	33157	3171	123614	41012	46576	51599	26006	14265	35385	37380	36938	34953	26872	30183	14263	20619	46905	58099	67469	43031	35116	4523	17718	45848	110888	11412	7041	26299	11838	50580	15791	23633	62857	18769	57737	95676	37430	26480	42715	20457	27613	46199	12017	42370	31501	44928	34992	117479	33918	
12812	4802	44065	25822	33964	56857	56737	159008	22584	42070	40436	25631	0	32808	54223	42759	3846	22390	88187	22995	11335	37786	76899	45028	51825	26938	13881	22337	20395	67229	15400	52311	14742	5981	19525	11159	31242	36496	33042	8496	26555	14237	27355	28485	27906	27081	5872	118017	27836	13193	15330	70665	17016	21672	107677	29668	18571	37380	27138	26438	36083	36809	24301	17208	19038	43942	38763	66249	22832	7245	19156	39521	49608	71701	10169	40585	9744	29186	15171	31670	34754	65913	35676	20991	114695	32093	51995	42680	28525	16102	13941	28461	28020	22923	29391	21264	25434	22713	78439	49180	58550	34112	26197	21885	10895	69377	101969	19895	18620	11202	22236	41661	27345	13817	53938	33760	36804	86757	28512	3565	33797	10671	15584	37280	37259	33451	26369	50347	30223	108560	24999	
25877	36308	24409	9778	7346	25078	11331	160732	17397	10432	29186	26898	32808	0	55800	46349	28686	44088	109389	37065	34176	41376	31448	21285	53402	7004	30409	28008	43767	68806	38241	31523	28812	32618	27119	40349	14772	23957	4476	33218	15467	28562	41673	42555	50205	30926	36379	119594	31426	36034	48578	79114	22688	35742	109254	19286	40775	38957	6164	15546	23406	14751	37591	49748	24812	45519	40340	67826	36903	35183	43457	41098	51185	73278	41213	25756	38809	18987	44236	35260	38344	67490	7072	24581	116272	33670	20786	44257	6796	32022	37426	22480	20271	36994	4982	22841	13731	11727	38806	50757	60127	35689	27774	25475	28738	29745	103546	25567	24292	37319	27908	43238	10594	37162	39234	7889	50395	88334	30088	34609	35374	19200	29654	15010	28820	20774	50139	19142	58268	110137	26576	
53566	57723	30201	48350	56492	79385	79265	117962	54158	64598	20074	63141	54223	55800	0	81070	49694	69257	51881	30683	59345	76097	46397	72301	11649	50134	56682	60647	68936	27378	63410	37356	49820	53626	39657	61357	59812	25236	56238	54226	55125	54835	24549	22550	75373	31800	61548	78166	66147	61203	73747	33229	55327	29105	67826	28975	66581	11563	50334	49634	25481	64706	62612	50559	57349	9737	11656	14697	27420	60352	40205	7951	4614	31850	62221	26753	59817	57756	43988	69981	73065	25736	58871	59302	74844	26631	75191	9640	51721	58941	58434	31882	35696	26913	52587	36396	54004	45909	101635	7132	18374	29564	31302	60196	61069	92573	62118	58206	56931	62488	60547	20610	50969	62331	17936	57384	16999	46906	28896	55617	21984	44211	31090	32764	75570	28447	75308	73543	83437	68709	32008	
33544	37209	70855	41156	42974	69801	69682	185798	32281	54142	67225	25449	42759	46349	81070	0	41632	20542	134894	53187	26682	6735	89643	43674	78907	42068	20502	20418	25534	94310	23315	77648	44934	45981	49717	46369	37595	63578	43825	36816	33582	32855	57547	58677	22844	56430	33719	145099	17954	26339	33527	100857	27011	51864	134759	56750	14903	64462	38323	50581	63164	37195	15865	39550	22834	71024	65845	93331	53025	31933	48534	66602	76690	98783	38252	67666	51755	34116	44550	11701	14790	92994	51319	26622	141777	59175	64739	69762	44169	18297	53548	55543	55101	53115	45035	48346	35404	38782	60715	76262	85632	61194	53279	22678	31526	59658	129051	19503	23203	30882	19929	68743	37315	26447	81020	43730	75900	113839	55593	34251	60878	38619	45776	64361	24303	60532	16766	63091	12817	135642	52080	
13893	8821	39480	21236	29379	52271	52151	154422	20422	37484	35850	23469	3846	28686	49694	41632	0	28612	83944	18753	18700	35452	72872	42694	47799	22911	16317	20002	28290	63202	22764	48284	10500	5580	15283	12132	28908	32470	29015	13117	24220	14470	23112	24243	34728	22838	10493	113991	25501	20558	19951	66422	14682	17430	103651	25641	25936	33354	23112	22411	32056	34475	21966	21530	16704	39915	34736	62223	18590	11866	20003	35494	45582	67674	14790	36558	10591	26851	16018	29336	32420	61886	31649	18656	110669	28067	47968	38653	24498	18575	13294	24434	23993	18681	25365	17238	23100	18686	74412	45154	54524	30086	22170	19551	20423	65351	97942	17561	16286	15823	19902	37635	23747	21686	49912	30162	32562	82730	24485	8186	29770	9281	11342	33253	34925	29424	34663	46320	42792	104533	20972	
16058	21780	59043	38896	40714	67541	67421	173985	30021	51881	55413	29462	22390	44088	69257	20542	28612	0	124022	42315	9293	21528	88480	53836	68035	40905	14205	23889	7119	83438	8263	68521	34062	35109	38845	27954	40049	52706	42663	17241	35362	16494	46675	47805	9207	45558	14213	134227	23621	11287	15111	89985	25824	40992	123887	45878	11434	53590	37161	42648	52292	45617	18592	21135	18607	60152	54973	82459	42153	14544	30119	55730	65818	87911	19837	56795	30528	37993	26135	19171	15593	82122	50157	29798	130905	48303	63577	58890	43007	15348	42676	44671	44229	42243	43873	37474	34241	38923	68823	65390	74760	50322	42407	26149	13197	80959	118179	22231	27428	11376	17764	57871	36152	6941	70148	42567	65028	102967	44721	16862	50006	27747	34904	53489	33812	49660	5902	61929	13021	124770	41208	
107155	77870	84619	101939	110082	132974	132854	78578	107747	118187	76474	116731	88187	109389	51881	134894	83944	124022	0	68630	112325	129076	99682	125280	58813	103113	109662	113627	86269	47479	116389	90642	74543	76956	92636	71842	112792	82035	109217	107205	108104	107814	61923	63211	93779	84780	114527	35491	119126	114182	79489	21687	108306	69709	35530	83832	119560	65150	103314	102613	80338	117685	115591	75535	110328	70804	70333	39970	67224	113331	65181	61861	63887	34496	77055	81611	74416	110735	68964	122960	126044	64084	111851	112281	34535	79610	128170	64497	104700	111920	73415	84861	88675	67296	105567	89375	106984	98888	154614	52399	59334	82544	84281	113176	114048	145553	26664	111186	109911	115468	113526	58080	103949	115310	71222	110364	53292	40868	81876	108596	65343	97190	71107	100491	128550	83304	128288	126522	136417	28669	84987	
25449	16723	47859	29615	37758	60650	60531	162801	31977	45863	44229	35024	22995	37065	30683	53187	18753	42315	68630	0	31718	48470	81987	54194	56914	32027	29055	33021	30580	72318	35783	57400	9275	11862	16556	16152	41926	41585	38131	26599	37239	27208	11703	11403	38090	16331	27103	123106	38520	33576	23800	51060	27700	7497	112766	34757	38954	31267	32227	31527	41172	47493	34985	19845	29722	49031	43852	71338	3365	32725	9422	32778	54697	76790	21365	45674	11144	39870	13274	42354	45438	71001	40764	31675	119784	37182	57084	47769	33614	31314	4914	33550	33108	12173	34480	26353	36118	27802	83527	33559	63639	39201	31286	32569	33442	74466	107058	30579	29305	34862	32920	22515	32862	34704	59027	39277	25594	91846	33600	24796	19899	18396	14247	42368	47943	38539	47681	55436	55810	113649	19632	
7075	10725	49131	28984	30802	57629	57509	164073	20109	41969	45501	23156	11335	34176	59345	26682	18700	9293	112325	31718	0	36811	78698	44053	58253	31123	5181	21361	11350	73656	4389	58738	24280	15690	29063	17051	30267	42924	32880	8432	25580	7685	36892	38023	15424	35776	6931	124445	26861	3114	20020	80202	16041	31210	114105	36095	7560	43808	27379	32865	42510	35834	13644	21696	9584	50369	45190	72677	32370	5735	28656	45948	56036	78128	14657	47012	16092	28210	24671	30695	10644	72340	40375	20016	121123	38521	53794	49107	33224	5870	32894	34888	34447	32461	34091	27692	24459	29140	71172	55608	64978	40540	32624	20910	4388	71177	108396	18920	17645	7871	8286	48089	26370	3504	60365	32785	55245	93184	34939	8053	40224	17965	25122	43707	36284	39878	15359	52146	19212	114987	31426	
28571	42978	65882	36183	38001	64829	64709	180825	27309	49169	62253	19904	37786	41376	76097	6735	35452	21528	129076	48470	36811	0	85292	37137	74556	37717	20708	15087	25517	89960	19089	73297	40583	41630	45366	48945	33245	59227	39474	32465	29231	31353	53196	54326	29312	52080	39171	140748	14820	22218	51369	96506	22660	47513	130408	52399	16390	60111	33973	46231	58814	31938	15845	57392	27604	66673	61494	88980	48674	37975	55228	62252	72339	94432	46897	63316	47404	29765	52831	7302	14770	88643	46969	22271	137426	54824	60388	65411	39818	18503	49197	51192	50750	48765	40684	43995	31053	34431	54178	71911	81281	56843	48928	17347	31530	53120	124700	19484	17871	40111	19909	64392	32964	22326	76669	39379	71549	109488	51242	40292	56528	34269	41425	60011	16556	56182	23234	58740	19285	131291	47730	
70458	80398	19322	59539	64313	25124	21170	151431	61978	26462	30558	71480	76899	31448	46397	89643	72872	88480	99682	81987	78698	85292	0	38981	44906	33489	74029	71628	87387	60310	81861	10317	72565	76371	70872	84102	68051	31827	34218	76970	63363	72182	52514	86308	93825	45677	79999	111098	75046	79654	92198	81371	66308	79495	100758	32375	84395	44865	60216	37257	28635	47747	81211	93501	68432	44339	42125	59331	80656	78803	87210	47101	41860	64782	84966	25515	82561	65994	87988	78880	81964	48692	26408	68201	107776	39882	12410	38954	32465	75642	81179	37308	37603	51556	30651	66594	62243	56435	50479	52576	47078	44175	38237	69095	72358	41417	95050	69187	67912	80939	71528	86991	59208	80782	30183	65623	56303	79838	39277	78361	79126	62952	73407	27583	84470	28832	93759	22387	101888	101641	43747	
35813	50221	42626	29042	20540	24063	22568	177029	24876	16489	58457	25266	45028	21285	72301	43674	42694	53836	125280	54194	44053	37137	38981	0	70742	27017	43307	28749	63735	86146	42498	41685	46152	58807	44460	66121	15960	55414	21756	49642	20568	48530	59014	59895	70173	48266	56347	136934	27727	46464	68546	96454	39837	53083	126595	48585	39799	56298	26181	41899	55000	9266	36616	74569	44780	62859	57680	85167	54243	55151	60797	58438	68525	90618	64073	44984	64581	19332	70008	31738	37369	84830	22412	24958	133613	51010	29316	61597	27449	41102	54766	47378	46937	54334	25635	40182	20433	30100	22842	68097	77468	53029	45114	27976	48707	17678	120886	33107	30494	57288	33533	60579	21962	46571	55688	15731	67735	105674	47429	57469	52714	30467	46995	34550	21715	38737	54440	16629	57931	127477	43916	
51168	55325	28633	45952	54095	76987	76868	110562	51761	62200	20487	60744	51825	53402	11649	78907	47799	68035	58813	56914	58253	74556	44906	70742	0	48156	54705	58670	66958	18446	61432	35685	47843	51649	37679	59380	57835	27078	54260	52248	53148	52858	33869	42378	73396	29823	59571	69234	64169	59226	71769	39188	53350	54773	58894	28875	64603	28630	48357	47657	25381	62728	60634	68779	55371	11349	15377	17466	55934	58374	62488	19634	8871	22918	60244	26654	57839	55779	63266	68004	71088	14665	56894	57324	65912	24654	73213	9540	49743	56963	56457	29905	33718	35701	50610	34418	52027	43931	99657	19587	7303	27587	29324	58219	59091	90596	53186	56229	54954	60511	58569	35434	48992	60353	16265	55407	29453	37974	26919	53639	27569	42233	43081	45534	73593	28348	73331	71565	81460	59777	30030	
22883	30438	23316	2408	9364	29070	13432	154862	14403	14415	25262	23905	26938	7004	50134	42068	22911	40905	103113	32027	31123	37717	33489	27017	48156	0	26997	24596	40355	63136	34829	28622	23143	26948	21450	34680	17663	20729	7165	27548	13346	25150	36004	36886	46792	25256	32967	113925	28014	32622	45165	73444	19276	30073	103585	16323	37363	33288	4545	8557	20443	20476	34179	44078	21400	39850	34671	62157	31233	31771	37787	35428	45516	67609	35544	22663	33139	18962	38566	31848	34932	61820	9164	21169	110603	28001	22878	38587	2014	28610	31757	15048	13691	31324	2880	17172	11367	4346	44532	45088	54458	30020	15240	22063	25326	35470	97876	22155	20880	33907	24495	37569	7859	33750	49846	13999	44725	82665	16597	28939	29704	12492	23985	12643	37437	17811	46727	23119	54856	104467	20906	
4533	13271	46468	25216	27034	53861	53742	161410	16342	38202	42838	15952	13881	30409	56682	20502	16317	14205	109662	29055	5181	20708	74029	43307	54705	26997	0	10321	16457	70489	7037	55571	21112	18474	25895	19835	25851	39756	28464	6220	21164	4715	33725	34855	20531	32609	9715	121277	15041	3037	23329	77035	7815	28042	110937	32928	7565	40640	22963	29698	39343	31418	8320	24480	4592	47202	42023	69509	29203	8519	31440	42780	52868	74961	17441	43845	18876	23794	27455	17408	6246	69172	35959	13424	117955	35353	49378	45940	28808	4575	29726	31721	31279	29293	29675	24524	20043	23421	60243	52440	61810	37372	29457	11220	3386	66761	105229	6798	9022	11181	4552	44921	21954	10116	57198	28369	52078	90017	31771	10837	37056	13536	21954	40540	25231	36710	18369	47730	21860	111820	28258	
13121	27529	50433	22815	24634	51461	51341	165375	12990	35801	46803	7054	22337	28008	60647	20418	20002	23889	113627	33021	21361	15087	71628	28749	58670	24596	10321	0	24858	74472	14444	59555	25096	26143	29879	33457	15640	43740	26200	16978	15213	13159	37709	38839	28932	36592	23683	125261	5959	18410	35882	81019	6212	32026	114921	36912	11745	44624	20699	33682	43326	23205	4049	41905	8211	51186	46007	73493	33187	22487	39741	46764	56852	78945	31409	47828	31917	12160	37344	8327	9315	73156	33695	7165	121939	39337	47115	49923	26544	8672	33710	35705	35263	33277	27411	28508	17779	21157	50323	56424	65794	41356	33441	3378	12841	49266	109213	5819	3902	24624	6245	48905	19690	18517	61182	26105	56062	94001	35755	24805	41040	18781	25938	44523	16149	40694	26386	45467	29877	115804	32242	
17211	18620	58721	38574	40392	67219	67099	173664	29699	51560	55091	32746	20395	43767	68936	25534	28290	7119	86269	30580	11350	25517	87387	63735	66958	40355	16457	24858	0	83137	10365	68220	33761	27564	38544	21251	39748	52405	42361	15725	35061	18361	46374	47504	7927	45257	12104	133926	36342	13389	8409	68775	25522	40691	123586	45576	13536	53289	36860	42346	51991	45315	19620	14432	27544	59850	54672	82158	41851	13028	23417	55429	65517	87610	13134	56493	23826	37692	19432	40176	16620	81821	49856	29497	130604	48002	63275	58588	42705	17450	30274	44369	43928	41942	43572	37173	33940	38621	80653	65089	74459	50021	42105	30391	15019	80658	117877	28401	27126	9266	19866	57570	35851	10265	69847	42266	64726	102665	44420	17083	49705	27446	34603	53188	45765	49359	9000	61627	14842	124468	40907	
66572	70729	44036	61356	69499	92391	92271	99228	67164	77604	35891	76148	67229	68806	27378	94310	63202	83438	47479	72318	73656	89960	60310	86146	18446	63136	70489	74472	83137	0	77202	51454	63613	67418	53449	75150	73605	42848	70030	68018	68917	68627	49639	58147	89166	45592	75340	58283	79939	74995	87539	36093	69119	70543	47943	44644	80373	44399	64126	63426	41151	78498	76404	84548	71141	31617	31146	9896	71703	74144	78257	35403	24700	11967	76013	42423	73609	71548	79036	83773	86857	17354	72664	73094	54961	40423	88983	25310	65513	72733	72227	45674	49488	51471	66379	50188	67797	59701	115427	27495	12164	43356	45094	73988	74861	106365	42235	71998	70724	76280	74339	51204	64761	76123	32035	71176	37569	27023	42688	69409	43339	58003	58851	61303	89362	44117	89100	87335	97229	48826	45800	
10217	14790	53195	33048	34866	61693	61574	168138	24173	46034	49566	19560	15400	38241	63410	23315	22764	8263	116389	35783	4389	19089	81861	42498	61432	34829	7037	14444	10365	77202	0	62563	28104	19515	32887	20875	28521	46748	36705	12256	29404	10481	40717	41847	14487	39600	11345	128269	14283	3965	18406	84027	19645	35034	117929	39920	3171	47632	31203	36690	46334	36086	9254	24429	11285	54194	49015	76501	36194	9559	33414	49772	59860	81953	18481	50836	19916	25041	29429	16651	6255	76164	44199	23984	124947	42345	57619	52931	37048	7085	36718	38713	38271	36285	37915	31516	28283	32964	59485	59432	68802	44364	36449	16811	9152	58428	112220	12893	17335	8508	9501	51913	30194	4073	64190	36609	59069	97009	38763	11877	44048	21789	28946	47531	24474	43702	12326	55971	15817	118811	35250	
51654	55811	10269	30603	36484	30358	21376	142390	49984	27793	21517	59485	52311	31523	37356	77648	48284	68521	90642	57400	58738	73297	10317	41685	35685	28622	55571	59555	68220	51454	62563	0	47756	51562	37592	59293	75212	21945	34446	52161	70525	52771	42632	48765	73309	35796	59484	101217	82207	59139	71682	71490	53263	54686	90877	22494	64516	34984	36147	29569	18754	42025	88372	68692	55284	34458	32244	49449	55847	58287	62401	37219	31979	54901	60157	15633	57752	73156	63180	86042	89126	37415	23080	75362	97895	30001	14777	29073	29339	56876	56370	27427	27722	41674	26939	32909	69404	38320	52994	42695	36989	34293	28355	76257	59004	43933	85169	56142	54867	60424	58482	41740	66369	60266	20301	39964	46421	69957	29396	53552	39071	42146	42994	21319	91631	18950	73244	24903	81373	91760	33866	
17196	11168	39606	21362	29505	52397	52278	154548	23724	37610	35976	26771	14742	28812	49820	44934	10500	34062	74543	9275	24280	40583	72565	46152	47843	23143	21112	25096	33761	63613	28104	47756	0	6015	14245	13408	33759	33418	29963	18432	29071	19041	13966	15096	39579	13692	18936	114939	30352	25409	26761	57275	19533	8283	104599	26589	30787	34302	24060	23360	33004	39326	26817	22807	21555	40864	35685	63171	9443	24558	15997	36442	46530	68623	15302	37506	9631	31702	17295	34187	37271	62834	32597	23508	111617	29015	48916	39601	25446	23146	6996	25382	24941	9534	26313	18186	27951	19634	75360	31380	55472	31034	23118	24402	25275	66299	98890	22412	21137	26694	24753	18308	24695	26537	50860	31110	23415	83678	25433	16629	19730	10229	6189	34201	39776	30372	39514	47268	47643	105481	21920	
18242	5036	43412	25168	33311	56203	56083	158354	24771	41416	39782	27818	5981	32618	53626	45981	5580	35109	76956	11862	15690	41630	76371	58807	51649	26948	18474	26143	27564	67418	19515	51562	6015	0	15201	7570	33794	36491	33037	12119	29107	19356	18398	18099	35213	18239	9495	118012	30388	16816	20923	59457	19568	11286	107672	29663	22194	37375	27133	26433	36077	39361	26853	16968	21590	43937	38758	66244	11625	10868	15441	39515	49603	71696	9463	40580	6029	31738	11456	34222	37306	65907	35670	23543	114690	32088	51990	42675	28519	19725	7715	28456	28014	14082	29386	21259	27986	22708	78433	35812	58545	34107	26192	24437	14518	69372	101964	22447	21173	14825	24788	22740	27768	17440	53933	34183	27847	86752	28506	7188	33791	13302	10279	37274	39811	33445	36287	50342	33846	108555	24993	
21979	22809	29442	19669	27812	50705	50585	144385	25478	35918	25812	31554	19525	27119	39657	49717	15283	38845	92636	16556	29063	45366	70872	44460	37679	21450	25895	29879	38544	53449	32887	37592	14245	15201	0	24509	31587	22848	28012	23385	26899	23994	12675	15792	44533	4746	23889	104369	35306	30362	33347	55465	24486	9235	94029	15160	35740	15582	22108	15203	21575	36480	31771	33908	26508	30294	25115	52601	15008	29511	23032	19070	35960	58053	28186	26077	18905	29530	26884	39140	42224	52264	30304	28461	101047	18445	46965	29032	23495	28100	17001	13953	9555	6664	24361	6893	25779	17683	73409	27382	44902	14353	11689	29355	30228	64347	88321	27365	26090	31647	29706	17377	22744	31490	40290	29159	22478	73109	14004	21582	9646	11407	5277	22772	44729	18943	44467	45317	52596	94912	3017	
18636	6647	51143	32899	41042	63934	63815	166085	32086	49147	47513	35132	11159	40349	61357	46369	12132	27954	71842	16152	17051	48945	84102	66121	59380	34680	19835	33457	21251	75150	20875	59293	13408	7570	24509	0	41486	45048	41593	14226	36798	19968	22450	22151	28828	22292	11603	126569	38079	18923	14538	54414	27260	15338	116229	38219	24301	45932	35690	34990	44634	47053	34544	10583	29282	52494	47315	74801	15677	12975	9056	48072	58160	80253	5794	49136	3759	39429	4896	41914	27385	74464	44227	31235	123247	40645	60546	51231	37076	21833	10763	37012	36571	18134	37943	29816	35678	31264	86990	43184	67102	42664	34748	32129	16626	77929	110520	30139	28864	16932	23155	26792	36325	19548	62490	42740	35219	95308	37063	9402	28331	21859	17652	45831	47503	42002	29902	58898	35743	117111	33550	
22027	36434	39836	19238	9267	47883	26758	164540	11535	21702	45968	10530	31242	14772	59812	37595	28908	40049	112792	41926	30267	33245	68051	15960	57835	17663	25851	15640	39748	73605	28521	75212	33759	33794	31587	41486	0	42978	13355	25543	6840	24431	46578	47460	46074	35831	32248	124499	14490	31903	44447	84019	16598	40647	114159	36150	25575	43862	12413	29464	42565	7799	18356	50470	19667	50424	45245	72731	41808	31052	48362	46003	56090	78183	39974	47067	40482	4546	45909	21461	23145	72394	22539	10878	121177	38575	43621	49162	18260	22979	42331	34943	34501	41899	17736	27746	6871	17664	38112	55662	65032	40594	32679	13238	24607	32948	108451	20127	14994	33189	20552	48143	8400	33031	60420	8239	55300	93239	34993	33370	40279	16739	34559	27764	14865	39933	46008	31508	43707	115042	31481	
35840	39996	15553	21448	38766	61659	25483	133784	36432	28617	7479	45415	36496	23957	25236	63578	32470	52706	82035	41585	42924	59227	31827	55414	27078	20729	39756	43740	52405	42848	46748	21945	33418	36491	22848	45048	42978	0	26985	34536	35436	35146	19128	26469	55684	15082	41859	94368	46457	41513	54057	53584	35638	37061	84028	7207	46891	13427	30645	11944	3714	45016	42922	51066	37659	20293	15114	42600	38221	40662	44775	15568	20731	48052	42532	8444	40127	38066	45554	50291	53375	42264	23340	39612	91046	8444	29902	16725	21018	39251	38745	7599	10097	20960	20184	15284	34315	20695	81945	25227	34901	12737	10211	40507	41379	72884	78320	38517	37242	42799	40857	20184	31280	42641	15289	37695	24865	63108	8134	35927	12828	24521	25369	10997	55881	6680	55619	53853	63748	84911	16241	
24640	36542	27238	9197	4582	27907	14160	160966	16161	13517	30996	25662	33042	4476	56238	43825	29015	42663	109217	38131	32880	39474	34218	21756	54260	7165	28464	26200	42361	70030	36705	34446	29963	33037	28012	41593	13355	26985	0	31960	12552	27305	40416	41298	48947	29668	35122	118337	30169	34777	47320	77856	21431	34485	107997	29988	39517	37700	4907	14959	25127	15766	36334	48491	23555	44262	39083	66569	35646	33926	42200	39840	49928	72021	39956	27477	37551	16072	42979	34003	37087	66232	9774	23324	115015	32413	23487	43000	5869	30765	36169	28781	28339	35736	6703	21584	10816	9744	41730	49500	58870	34432	26517	24218	27481	32669	102289	24310	23035	36062	26650	41981	7679	35905	54258	9071	49138	87077	28831	33351	34116	17942	28397	16731	29836	22495	48882	21843	57011	108880	25318	
5038	7885	44011	25768	26299	56803	56683	158954	15606	42016	40382	18653	8496	33218	54226	36816	13117	17241	107205	26599	8432	32465	76970	49642	52248	27548	6220	16978	15725	68018	12256	52161	18432	12119	23385	14226	25543	34536	31960	0	21413	5812	32325	33455	23384	31208	4096	119877	22694	7522	16982	75634	11874	26642	109537	31527	12051	39240	23212	28297	37942	31667	13150	18861	9427	45801	40622	68109	27802	4438	25820	41380	51468	73561	11822	42444	13256	24044	21836	26528	11076	67772	37535	15849	116555	33953	53854	44539	30384	9405	20260	30320	29879	27893	31251	23124	20292	24572	67005	51040	60410	35972	28056	16743	3069	71237	103828	12130	13479	9156	9382	43521	22203	11010	55798	28618	50677	88616	30371	5218	35656	13397	20554	39139	32117	35310	22855	52206	26346	110419	26858	
17340	31747	44911	14551	8534	43196	23938	159853	5504	21997	41281	10103	26555	15467	55125	33582	24220	35362	108104	37239	25580	29231	63363	20568	53148	13346	21164	15213	35061	68917	29404	70525	29071	29107	26899	36798	6840	35436	12552	21413	0	19742	41890	42772	41385	31142	27560	119811	14507	27215	39758	79330	12646	35959	109471	31461	24701	39174	9701	24775	37876	12442	17735	45781	15993	45735	40556	68043	37119	26364	43673	41314	51402	73494	35286	42378	35793	3520	41220	26441	22271	67706	19301	8221	116489	33887	38933	44473	18363	23203	37643	30254	29813	37210	19229	23058	4159	12976	46232	50974	60344	35906	27990	11717	19919	36191	103762	16748	12620	28500	18781	43455	5688	28343	55732	9850	50611	88550	30305	28681	35590	12050	29871	39073	17453	35244	41320	37285	49449	110353	26792	
2686	13627	44621	23369	25187	52014	51894	159563	14494	36355	40991	17541	14237	28562	54835	32855	14470	16494	107814	27208	7685	31353	72182	48530	52858	25150	4715	13159	18361	68627	10481	52771	19041	19356	23994	19968	24431	35146	27305	5812	19742	0	31759	32889	22459	30643	9476	119311	19836	6502	22363	75069	8075	26077	108972	30962	11030	38675	20355	27732	37377	28810	10874	24241	4852	45236	40057	67544	27237	8280	33791	40815	50902	72995	17202	41879	18637	21186	27216	23671	10056	67207	33351	12992	115990	33387	46770	43974	26200	8385	27761	29755	29314	27328	27066	22559	17435	20813	64148	50474	59845	35406	27491	11918	3147	64153	103263	7555	9282	11907	8388	42956	19346	10346	55232	25761	50112	88051	29806	10598	35091	11571	19989	38574	29260	34745	21834	45122	25326	109854	26293	
29808	23235	34482	34223	42366	65259	39266	140575	40032	50472	30683	39384	27355	41673	24549	57547	23112	46675	61923	11703	36892	53196	52514	59014	33869	36004	33725	37709	46374	49639	40717	42632	13966	18398	12675	22450	46578	19128	40416	32325	41890	31759	0	6568	53582	8259	32938	100247	44355	39411	37123	44499	33535	8018	89907	20721	44789	12936	32086	20763	27135	46457	40820	33169	35557	26172	20993	48479	10048	38560	22746	16424	26900	53931	26817	31637	18619	39507	26598	48189	51273	48142	35865	37510	96925	14323	56942	24909	30126	37149	16715	19514	16517	8083	32709	15954	35756	27660	83386	19478	40780	15430	17250	38404	39277	74325	84199	36414	35139	40696	38755	5886	32721	40539	36168	39136	11512	68987	19564	30631	9003	24231	12260	28332	53778	24503	53516	55294	61645	90790	10541	
30939	22936	40615	35105	43248	66140	66021	149083	37467	51353	33559	40514	28485	42555	22550	58677	24243	47805	63211	11403	38023	54326	86308	59895	42378	36886	34855	38839	47504	58147	41847	48765	15096	18099	15792	22151	47460	26469	41298	33455	42772	32889	6568	0	53382	15361	32739	108914	44155	39212	34443	43896	33336	7079	98575	26795	44590	16550	37863	37163	29815	53129	40620	30488	35358	24030	29660	36815	6276	38361	19082	18060	28613	62598	32008	37712	18420	45505	23917	47990	51074	56810	46400	37311	105593	22990	62719	33577	39249	36949	16209	25588	22591	10154	40116	22028	41754	33437	89163	18875	49448	24097	23324	38205	39078	80102	92866	36215	34940	40497	38556	7550	38498	40340	44835	44913	10909	77654	25639	30432	14813	24032	13965	34407	53579	30578	53317	61071	61446	99457	16615	
22174	26130	65159	45012	46830	73657	73537	180101	36137	57998	61529	34047	27906	50205	75373	22844	34728	9207	93779	38090	15424	29312	93825	70173	73396	46792	20531	28932	7927	89166	14487	73309	39579	35213	44533	28828	46074	55684	48947	23384	41385	22459	53582	53382	0	51937	19826	140605	28925	17666	16132	76498	32202	47370	130265	52256	17813	59968	43539	49026	58671	51995	23896	22155	24985	66530	61351	88837	48531	20751	31140	62109	72196	94289	20857	63173	31548	44371	27155	24833	20896	88501	56535	36176	137283	54681	69955	65268	49385	21726	37997	51049	50607	48622	50251	43852	40620	45301	74127	71768	81138	56700	48785	31452	19575	87338	124557	27535	33806	16989	24143	64249	42531	13320	76526	48946	71406	109345	51099	24805	56385	34126	41282	59868	39115	56039	5900	68307	11741	131148	47587	
28692	30365	27646	23476	31619	54511	32429	136528	29284	39724	24016	38268	27081	30926	31800	56430	22838	45558	84780	16331	35776	52080	45677	48266	29823	25256	32609	36592	45257	45592	39600	35796	13692	18239	4746	22292	35831	15082	29668	31208	31142	30643	8259	15361	51937	0	36481	96314	41079	36135	37045	52421	30260	9206	85974	13902	41513	12726	25267	13944	20316	39638	37544	33090	32281	22238	17059	44546	14643	35284	22667	16214	27905	49997	26738	24818	18541	32688	26519	44914	47998	44209	29046	34234	92992	10390	50123	20976	23307	33873	16637	12695	9698	6299	25890	9135	28937	20841	76567	24525	36847	11497	10431	35129	36001	67506	80265	33139	31864	37421	35479	11952	25902	37263	32234	32317	19434	65053	12745	30549	6789	19143	9523	21513	50503	17684	50241	48475	58370	86856	3722	
8516	5262	51334	31186	33004	59832	59712	166276	22312	44172	47704	25359	5872	36379	61548	33719	10493	14213	114527	27103	6931	39171	79999	56347	59571	32967	9715	23683	12104	75340	11345	59484	18936	9495	23889	11603	32248	41859	35122	4096	27560	9476	32938	32739	19826	36481	0	126868	29284	8757	14412	74968	18464	25976	116528	38518	14784	46231	29802	35289	44933	38257	20868	16290	13416	52793	47614	75100	27136	2546	23250	48371	58459	80552	9251	49435	10686	30634	19266	33118	17868	74763	42798	22439	123546	40944	56218	51530	35647	11666	17690	37312	36870	27227	36514	30115	26882	31563	73595	58031	67401	42963	35047	23333	6459	73600	110819	21343	20069	5330	12988	50512	28793	7716	62789	35208	41108	95608	37362	2647	42647	20388	19888	46130	38707	42301	20513	54570	26436	117410	33849	
117360	121517	94825	112144	120287	143179	143060	44289	117953	128392	86679	126936	118017	119594	78166	145099	113991	134227	35491	123106	124445	140748	111098	136934	69234	113925	121277	125261	133926	58283	128269	101217	114939	118012	104369	126569	124499	94368	118337	119877	119811	119311	100247	108914	140605	96314	126868	0	130407	125463	138007	52837	119587	121011	9211	95113	130841	94867	114595	113894	91619	128966	126872	135016	121609	82085	81614	60680	122171	124612	128725	85871	75168	48356	126481	92892	124077	122016	129504	134241	137325	75365	123132	123562	4232	90891	139451	75778	115981	123201	122695	96142	99956	101939	116848	100656	118265	110169	165895	84422	70615	93825	95562	124456	125329	156834	17185	122467	121192	126749	124807	101672	115230	126591	82503	121645	94288	43999	93157	119877	93807	108471	109319	111772	139831	94585	139568	137803	147698	12602	96268	
18620	33028	55932	26233	28051	54878	54758	170874	17358	39219	52302	6667	27836	31426	66147	17954	25501	23621	119126	38520	26861	14820	75046	27727	64169	28014	15041	5959	36342	79939	14283	82207	30352	30388	35306	38079	14490	46457	30169	22694	14507	19836	44355	44155	28925	41079	29284	130407	0	18235	41194	86330	10999	37338	120233	42223	11571	49936	23797	36055	48638	19980	8387	47217	12998	56497	51318	78805	38498	27799	45052	52076	62164	84256	36721	53140	37228	11720	42656	6320	9140	78468	36793	12096	127251	44649	50213	55235	29642	12874	39022	41016	40575	38589	30509	33820	20877	24256	44861	61736	71106	46668	38752	7314	21354	43804	114524	10831	8689	29935	11257	54217	22788	18343	66494	29203	61373	99312	41067	30117	46352	24093	31250	49835	10486	46006	26211	48565	29702	121115	37554	
6217	12583	50989	30841	32659	59487	59367	165931	21967	43827	47359	23525	13193	36034	61203	26339	20558	11287	114182	33576	3114	22218	79654	46464	59226	32622	3037	18410	13389	74995	3965	59139	25409	16816	30362	18923	31903	41513	34777	7522	27215	6502	39411	39212	17666	36135	8757	125463	18235	0	21413	81872	10543	32879	115774	37765	4529	45477	29048	34535	44180	37504	13255	27436	7320	52039	46860	74346	34040	7405	36421	47618	57705	79798	16327	48682	17761	29880	32436	20652	6813	74009	42044	21685	122792	40190	55464	50777	34894	3289	34563	36558	36116	34131	35760	29361	26129	30810	63486	57277	66647	42209	34294	12374	5187	72846	110066	7952	11750	11514	5705	49758	28039	7080	62035	34454	56915	94854	36608	9722	41894	19635	26791	45377	28474	41548	15332	53816	18824	116657	33096	
