//--------------------------------------------------------------------------------------------------------------------
//-- données sur le CALVADOS récupérés par le géocodeur (matrice symétrique)
//-- 
//-- C. Duhamel, P. Lacomme C. Prodhon - JUILLET 2009 : 8000 kg à collecter, flotte de capa 10100
//--------------------------------------------------------------------------------------------------------------------
175 4 999999 0 0 0
2 50 80 0.8
10 200 120 1.2
10 500 150 1.3
3 1000 250 1.7
0   // la ville qui represente le depot
0	61368	77453	54464	95851	70801	57771	83911	97428	71637	105046	84460	75979	76346	49983	92855	59389	69613	114704	81068	38593	66978	20502	31550	18831	79053	64594	74491	73028	53548	48737	66149	62354	101522	74627	117748	68225	39620	119769	71261	105572	83622	46164	81787	99448	78709	73454	63408	107938	27694	42500	74694	88542	44779	55574	21453	55643	46678	75218	43815	92200	66355	12388	75816	69672	77535	91926	46331	66812	73344	69985	83747	82024	76303	62126	6612	34277	76219	79120	127972	60898	75915	34184	63580	58036	95652	6381	37425	63717	125980	95433	100236	130973	79265	85571	77187	33185	51619	71794	76926	71765	36732	71928	69040	49038	135343	40559	48671	61463	116356	69038	58949	30990	82247	84578	30596	74768	16708	40748	60637	2857	70599	75312	74208	126646	67628	80782	69491	47702	105475	34834	13279	95854	39628	119549	68092	80504	79158	23095	51441	107164	100967	56905	92423	52080	62759	95632	82460	97999	77398	88873	86712	19103	99415	22771	113681	79394	111186	51536	101188	19047	133707	76936	85581	47692	121256	74275	89229	62916	90550	86755	28379	15575	71821	89121	124585	
61368	0	26798	19462	51558	28022	3597	41133	53135	28858	62268	41682	31686	33568	17082	50077	6004	26835	70411	38289	35332	24199	54947	22854	57176	23819	13158	16475	28735	18685	28439	23370	10051	57229	31848	74969	25446	17636	75476	28482	61279	25605	45717	37494	42019	23508	30676	18564	50508	37386	40644	31915	45763	15728	16810	44089	13745	26381	32439	19931	47907	23576	57862	31523	25379	33242	33547	40503	22519	29051	19142	39454	39245	21724	14890	66891	25905	14631	34827	83679	13167	33136	40774	20801	17334	33412	74221	29416	19424	83201	52655	55943	86680	36487	42792	34408	32547	32673	27501	34147	27472	44759	29150	21451	8291	91050	40113	16317	16619	72063	26040	2420	47616	37954	16437	36123	31990	46146	27816	19935	72127	17139	32533	31429	82353	19879	38003	26712	44440	48046	30932	54605	51561	37242	52301	25314	16542	34865	35032	25701	62872	58188	14602	49645	13316	13165	52854	21245	55220	34619	31444	42419	41540	56636	34730	69388	35101	68407	10834	58409	45842	89414	15349	21922	20075	76964	29982	46450	55862	46257	22703	33984	49539	29043	44828	80292	
77453	26798	0	29498	24560	25395	24495	28639	20532	16364	42248	38991	10237	28058	30371	37583	20941	28103	44697	35662	82025	25467	68714	54892	70943	7914	14482	15340	12844	28832	45106	17971	21202	31515	21245	62475	22322	41927	49761	15988	31049	14656	89596	15303	24935	3295	31944	21190	33424	71126	85932	29288	33270	40019	23548	72033	21031	43047	29812	40184	16289	20949	71629	5177	8519	5646	35338	63625	11924	8594	7651	16786	26751	8814	19907	80658	46834	17904	10768	57965	19746	30637	77616	20556	25672	39063	87988	46082	12015	70707	28604	30229	60966	33859	30298	31781	76617	55795	10031	31520	5708	86851	26522	7225	32582	65336	83991	40608	19244	39662	45182	24422	77124	11815	27990	74029	33258	59913	52107	26017	85894	9654	20039	18935	52279	7300	35376	18965	91134	30962	55223	68372	24892	61533	33976	17897	20280	4409	66300	48823	37157	31045	37724	37151	23983	14331	40360	25872	42726	27855	14360	20109	68556	44142	55659	43674	11843	55914	26991	45916	73787	54672	19578	23024	33170	44361	9651	39857	78984	19259	24971	54913	76273	23722	18719	54578	
54464	19462	29498	0	48784	22051	15836	35162	50361	22887	56296	26355	30297	19669	5657	44106	18375	5001	67638	20055	47774	9727	47622	32573	49852	33371	18913	28810	25174	1350	11255	17399	16672	54455	25877	68998	19475	32638	72702	22511	58506	37940	57120	29409	53767	33027	8727	10414	62256	50035	52047	13765	39792	31879	9212	31510	10852	14125	15204	18347	45133	17605	50537	30135	23990	31853	46244	56777	21130	27662	24304	36136	33274	30621	11629	59567	17912	30537	32054	80906	15217	11187	56524	12389	3372	49970	66896	17160	18035	77230	46683	53169	83906	19418	36821	14195	44502	51292	26112	15351	26083	65760	14889	23358	20749	88277	51516	35771	12732	69290	56089	17013	56032	35180	38897	52937	10041	38822	41770	3187	64802	24917	26562	25458	79580	21947	18926	20741	56727	59793	44352	36791	48788	50074	72483	19343	34822	33477	34185	40077	60098	52217	33221	43673	8666	17077	46883	36778	49249	27186	43192	38235	31673	50665	26737	66615	32327	62436	9601	52438	35975	86640	31255	39899	6847	74190	27209	31123	64816	43483	41073	25991	39672	23071	42055	77519	
95851	51558	24560	48784	0	39721	54036	17202	12611	30690	16859	33325	26904	42384	51181	21077	46151	42429	30250	49987	102835	39793	89524	75702	91753	44945	39569	47083	27544	49642	65916	32297	42012	7725	32757	45080	36648	75285	35314	28922	7635	33911	110406	16823	34855	27887	46270	42000	35635	91936	106742	43613	27604	74526	44358	92843	41841	63857	44137	60994	8355	35275	92439	21934	28564	18930	64518	110573	32304	24269	39989	13728	28931	42195	40717	101468	67644	48810	16352	43518	40556	44963	98426	34882	46482	68243	108798	66892	34819	53312	14910	15781	46518	48185	27901	46107	97427	85705	29693	45846	30657	107661	40848	34932	57792	50889	104801	65817	40054	31902	74362	49632	97934	13712	57170	94839	47584	80723	85839	46827	106704	43191	31551	28993	42192	33520	49702	33291	111944	33766	88421	89182	11037	103870	34732	32223	53095	20266	87110	78733	22710	12025	67634	22869	44793	38549	26078	55052	21318	30035	26817	12573	89366	26747	76469	29227	25860	38518	47801	19935	94597	49252	49528	58172	53980	36440	23175	34191	118101	5301	59346	75723	97083	38048	6765	40131	
70801	28022	25395	22051	39721	0	28029	26758	41958	6326	47893	14982	20501	5026	22859	35702	21121	10856	59234	11589	76828	8399	63517	49694	65746	33681	19222	29119	16771	17215	39908	8802	16981	46052	6253	60595	2685	49277	64299	9440	50102	38249	84398	21006	54076	33336	7947	13678	64982	65929	80735	5215	13778	48519	16036	66836	15901	37850	5739	34987	36730	4247	66432	23541	17397	25259	46554	84566	21136	17866	24613	27733	10237	30931	14777	75461	41636	30846	23650	72503	15526	8898	72419	8394	18160	50279	82791	40885	18344	68827	38280	44766	75503	9787	12228	7708	71420	58298	18526	7447	19490	81654	2724	23668	32943	79874	78794	52411	14115	60887	56398	24602	71927	26777	39206	68831	12047	54716	59832	14215	80697	25227	8063	10301	71176	22256	11303	5946	85936	63113	62414	63175	40384	77863	64079	9157	35131	26883	61103	51326	51695	43814	40227	27482	21910	17386	24273	37088	40846	7165	43501	29832	63359	42262	50462	58212	23924	54033	21794	44035	68589	78237	31564	40208	25658	65787	18805	19750	92094	35080	41382	49716	71075	1903	33652	69115	
57771	3597	24495	15836	54036	28029	0	41591	55107	29316	62726	42140	33658	34026	13485	50535	4762	18737	72384	38747	36378	24657	51350	23899	53579	26434	11916	18266	30708	15087	27741	23829	8808	59201	32306	75427	25904	18682	77448	28940	63252	27396	46763	39466	43810	22265	31134	21088	52299	38431	41689	32373	46222	16774	13213	54669	13282	25683	32897	16618	49879	24034	54265	33496	27351	35214	37581	39042	24491	31023	17899	41427	39703	23515	14590	63294	22592	21874	36800	85652	11924	33594	41820	21259	13736	41306	70624	28718	21396	83659	53113	57915	88652	36945	43250	34866	33592	35456	29473	34605	29444	45805	29608	26719	9337	93023	41158	17363	19142	74036	28823	1177	48661	39926	19220	37169	32448	42549	28862	16338	68530	15896	32991	31887	84326	25308	38461	27170	45486	49836	31978	51008	53534	38288	54092	25772	20408	36838	33877	24240	64844	58646	17385	50103	9719	11922	53312	28115	55678	35078	33235	44391	51192	57094	31417	71361	37073	68865	7237	58867	56422	91386	22591	31236	16477	78936	31955	46908	58644	48229	32409	30671	58908	29501	46801	82265	
83911	41133	28639	35162	17202	26758	41591	0	27092	15049	20798	16123	16047	16598	35727	14628	33988	28809	44368	21746	89696	26173	76384	62562	78614	37320	31944	39459	20314	34942	52776	18676	29849	26639	13676	39546	23027	62145	49432	14998	22519	46091	97266	9090	57715	36976	32650	26545	50116	78797	93602	29993	10401	61387	28903	79704	28769	50717	23527	47854	18638	21654	79299	17035	20940	15852	56893	97434	24680	16171	32364	5215	11731	34570	27645	88329	54504	41186	10732	57636	28393	31342	85286	21261	31027	60619	95658	53752	27194	47778	9173	29900	60636	22483	10908	32486	84288	71166	22069	25451	23033	94522	27228	27307	45810	65007	91662	65279	26982	46020	66737	37469	84794	12084	49546	81699	33963	67584	72700	31942	93564	35566	12265	13204	56310	25895	24000	19670	98804	48247	75281	76043	25518	90730	49213	16190	45471	19660	73971	64194	36828	15261	53095	12881	34778	30924	13850	47427	19796	12835	47140	4617	76227	21213	63329	43345	12709	32984	34662	22986	81457	63370	41903	50548	38525	50920	15076	16988	104962	16555	51722	62583	83943	19475	14409	54249	
97428	53135	20532	50361	12611	41958	55107	27092	0	32840	27744	55467	19504	44534	53331	35615	48301	44579	20938	52138	104986	41943	91674	77852	93903	24566	41719	29038	29694	51793	68066	34447	44162	12495	34907	78951	38798	77435	33249	31072	16545	21672	112556	22715	22617	23870	48420	44150	23397	94086	108892	45764	49746	76676	46508	94994	43991	66007	46288	63144	7135	37425	94589	17917	30715	14913	41503	112723	34454	26419	28226	20429	43227	27611	42867	103618	69794	31603	21347	27052	42706	47113	100576	37032	48632	45228	110948	69042	36969	87183	25193	10087	44453	50335	46774	48257	99578	87856	31844	47996	22448	109811	42998	37082	59942	48824	106952	67968	42205	19130	51347	51782	100084	15862	59320	96989	49734	82873	87989	48977	108854	30229	33701	31143	31747	35670	51852	35441	114094	21528	90571	91332	4360	106020	22494	34373	29754	14223	89260	80883	20645	29081	69784	36246	46943	40699	39455	57202	37708	44331	14578	22465	91516	60618	78619	17582	21110	72390	49951	36812	96747	34140	29052	32365	56130	23828	25325	56333	120251	7831	34313	77873	99233	40198	10159	32490	
71637	28858	16364	22887	30690	6326	29316	15049	32840	0	36916	16581	12330	9310	24013	24725	22275	17095	51064	15736	77982	14459	64670	50848	66900	25606	20230	27745	6833	23228	41062	5160	18135	37881	4881	49617	6340	50431	56128	3113	41932	34377	85552	9916	46001	25262	20936	14831	56812	67083	81888	11654	13934	49673	17190	67990	17055	39004	12178	36141	28559	7628	67586	15370	9226	17089	45179	85720	12966	9695	20651	13858	9223	22856	15931	76615	42790	29472	15480	64332	16680	14784	73573	9548	19314	48905	83945	42039	15480	57849	27303	36596	67332	13933	12384	14147	72574	59452	10355	13886	11319	82808	8610	15593	34096	71703	79948	41941	15268	52716	55023	25756	73081	18606	37832	69985	22250	55870	60986	20228	81851	23852	3675	3813	63006	14181	15450	2813	87090	54943	63568	64329	32214	79017	55909	3099	33757	18712	62257	52480	43524	32836	41381	24293	23064	19210	27502	35713	29868	7652	35426	16822	64513	31284	51615	50041	15753	43055	22948	33057	69743	70066	30189	38834	26812	57616	10635	20521	93248	26909	40008	50870	72229	4425	25481	60945	
105046	62268	42248	56296	16859	47893	62726	20798	27744	36916	0	36720	31499	39047	71864	15856	66834	51032	36928	42343	123519	48397	110207	96385	112436	65628	60252	67766	48227	57165	86599	40900	62695	15521	39451	29600	45251	95968	33832	30552	11199	49387	131089	24541	50331	45575	54873	62683	51111	112619	127425	52217	30998	95209	65041	113527	62524	84540	52741	81677	26043	43878	113122	32487	49248	36618	85201	131256	52987	44952	60672	20858	34180	62878	61400	122151	88327	69493	25854	42036	61239	53566	119109	43485	67165	88926	129481	87575	55502	30064	13207	22460	45037	43081	31505	54710	118111	106389	50377	54449	51341	128344	49452	55615	78475	49407	125485	86501	60738	38580	95045	70315	118617	34395	77853	115522	56187	101406	106522	54166	127387	63874	38246	35428	48870	54203	44597	41894	132627	49242	109104	109865	25168	124553	50208	38414	73779	37954	107793	99416	21097	7003	88317	17714	65476	59232	20923	75735	9964	35284	42293	16503	110049	18506	97152	27614	28160	17704	68484	9068	115280	55931	70211	78855	74663	51543	43858	31053	138784	22989	80029	96406	117766	41699	25317	46809	
84460	41682	38991	26355	33325	14982	42140	16123	55467	16581	36720	0	29196	9802	37060	17632	35322	30142	73436	9564	91030	20997	77718	63896	79948	47882	33424	43321	30973	26837	54110	23004	31183	60254	13638	47245	16129	63479	78500	25364	38202	52451	98600	22239	68277	47538	17796	27879	79184	80131	94936	14090	5282	62721	30237	81038	30103	52051	11345	49188	50932	18612	80633	37742	31598	39461	60755	98767	35338	25824	38815	21856	10222	45132	28979	89662	55838	45048	26126	86704	29727	17005	86620	22595	32361	64481	96992	55086	32546	55477	25867	58968	89704	10302	7752	15241	85622	72500	32727	13269	33691	95855	14994	37869	47144	94075	92996	66613	28316	75088	70599	38803	86128	40979	53408	83033	21288	68918	74034	23837	94898	39428	14995	17686	85378	36457	11818	18030	100138	77315	76615	77377	54586	92064	78281	21241	49333	41085	75305	65527	65896	30464	54429	15760	36112	31588	12551	51289	27495	9411	57702	20300	77560	23038	64663	72413	25858	40683	35996	30685	82791	92439	45765	54410	39859	79988	24729	4565	106295	49281	55584	63917	85277	14763	30092	83317	
75979	31686	10237	30297	26904	20501	33658	16047	19504	12330	31499	29196	0	26843	32225	36368	27195	26888	40834	34446	83879	24252	70568	56746	72797	18174	20612	28127	8302	30686	46960	16756	23056	27651	17408	61260	21106	56329	45898	11717	31702	24916	91450	6957	30818	13554	30729	23043	42507	72980	87786	28072	32054	55570	25401	73887	22885	44901	28596	42038	13312	19733	73483	2878	6728	4597	45562	91617	13348	2635	17910	12447	18898	19074	21761	82512	48687	29854	5565	54102	21600	29422	79470	19341	27526	49287	89842	47936	15862	69492	23107	26365	57102	32644	21436	30565	78471	66749	10726	30305	6347	88705	25307	12181	38836	61473	85845	46861	21098	42486	55406	30676	78978	7952	38214	75882	32043	61767	66883	27871	87748	19913	16202	13644	52776	10672	34160	17750	92988	40639	69465	70226	21984	84914	41605	16682	34139	8405	68154	59777	33294	26348	48678	35935	25836	19592	39145	36096	41511	20002	20243	15412	70410	42927	57513	39811	3497	54698	28845	44700	75640	59836	30572	39216	35024	43312	3692	38642	99145	16679	40390	56767	78126	22506	14856	50715	
76346	33568	28058	19669	42384	5026	34026	16598	44534	9310	39047	9802	26843	0	27172	24082	25434	15500	62249	6317	81141	13043	67830	54007	70059	37994	23535	33432	16908	20037	44222	11890	21294	49067	6535	51927	6251	53590	67314	12421	39014	42562	88712	16792	58389	37649	10996	17991	67997	70242	85048	5949	10006	52832	20349	71149	20214	42163	4748	39300	39745	10471	70745	26556	20412	28274	50867	88879	18251	20377	28926	18841	6835	35244	19090	79774	45949	35159	20679	75518	19839	10206	76732	12707	22473	54592	87104	45198	22657	60159	25767	47781	78518	5180	8456	8442	75733	62611	17199	6457	22505	85967	7368	27981	37256	82889	83107	56724	18428	63902	60711	28915	76240	29792	43519	73144	14489	59029	64145	17038	85010	29540	7891	10583	74191	26569	6696	9080	90249	66128	66727	67488	43399	82176	67094	12138	39444	29898	65416	55639	54710	35146	44540	22210	26223	21699	19001	41401	32178	3763	47814	20940	67672	33594	54775	61227	20411	45366	26107	35367	72902	81252	35877	44521	29971	68802	19282	14478	96407	38095	45695	54029	75388	4885	30524	72130	
49983	17082	30371	5657	51181	22859	13485	35727	53331	24013	71864	37060	32225	27172	0	45452	15983	8570	69850	31873	44762	13296	43212	26333	45441	34199	19740	29637	28174	4628	8787	18746	14115	56667	23969	70344	19030	25916	74914	23857	60718	38767	51820	36932	54594	33854	12296	11241	63083	34106	46747	17334	41139	25158	8628	28399	10269	11014	18774	11625	47346	16090	46127	30962	24818	32680	47072	51477	21957	28489	25131	38893	34620	31449	12456	55156	14801	31364	34266	83118	16044	14757	52114	13735	4605	50797	62486	14049	18862	78576	48030	55382	86118	22988	38167	17765	39203	48900	26940	18921	26911	61349	20864	24186	17786	90489	46216	29050	13559	71502	42267	14621	51622	37392	39724	37189	13610	34411	36470	6170	60392	25745	27908	26804	81792	22774	22495	20296	51427	60621	39052	33680	51000	44774	74695	20689	35649	34304	28885	37889	62310	53563	30828	45020	8083	17904	48229	37606	50595	26741	44019	41858	28562	52011	23626	68827	34539	63782	6248	53784	32864	88852	32082	40726	3728	76402	29421	40034	59516	45695	41900	22880	36561	21164	44267	79731	
92855	50077	37583	44106	21077	35702	50535	14628	35615	24725	15856	17632	36368	24082	45452	0	43498	38318	52993	25152	99205	35682	85894	72072	88123	46830	41454	48968	29824	44451	62286	28186	39359	28982	26737	25382	32537	71655	58058	24508	24862	55601	106776	21282	67225	46485	42159	36055	58741	88306	103112	29678	15229	70896	38413	89214	38278	60227	26933	57364	27264	31164	88809	36594	30449	38312	66403	106943	34189	30919	41874	17598	21465	44080	37155	97838	64014	50695	23372	66261	37903	40852	94796	30771	40537	70128	105168	63262	36704	33614	8633	38525	69262	25889	18791	30829	93798	80676	31578	28857	32542	104031	36737	36817	55320	73632	101172	74789	36492	54645	76247	46979	94304	22573	59055	91209	43473	77093	82209	41452	103074	45076	25531	22714	64935	35405	27406	29180	108314	56872	84791	85552	34143	100240	57838	25700	54980	39936	83480	73703	45454	12188	62604	3076	44288	40434	6285	56937	9220	22569	56650	13243	85736	6013	72839	51971	36977	18820	44171	11796	90967	71996	51413	60057	48035	59546	31858	18366	114471	25180	61231	72093	93453	28984	23034	62874	
59389	6004	20941	18375	46151	21121	4762	33988	48301	22275	66834	35322	27195	25434	15983	43498	0	20932	64508	32386	38783	18296	52558	26304	54788	21773	7255	15486	22833	17568	28950	17468	4148	51326	25945	69066	19543	21087	69573	22579	55376	24616	49168	31591	42169	17605	24773	12661	50658	40836	44095	26012	39861	19179	9481	55878	7842	26891	26536	24028	42004	17673	55473	25620	19476	27339	32921	45109	16616	23148	13239	33551	33342	17814	8987	64502	30678	17213	28924	77777	7264	27233	44225	14898	16217	36646	71832	29926	13521	77298	46752	50040	80777	30584	36889	28505	35997	37279	21598	28244	21569	48210	23247	15548	11742	85148	43563	19768	10716	66160	30646	3582	51066	32051	25573	39574	26087	43758	31267	17489	69738	11236	26630	25526	76450	13976	32100	20809	47891	48195	34383	52217	45658	40693	52451	19411	21498	28962	38482	30307	56969	52285	19208	43742	8211	7262	46951	23455	49317	27254	31594	36516	52400	50733	39503	63486	29198	62504	9717	52506	57631	83511	17931	26575	18958	71061	24079	40547	60468	40354	27749	38757	60117	23140	38925	74389	
69613	26835	28103	5001	42429	10856	18737	28809	44579	17095	51032	30142	26888	15500	8570	38318	20932	0	63982	16399	76848	3397	63536	49714	65766	33700	19242	29139	21519	5708	14707	13744	17001	50800	20759	65342	15819	49297	69046	18855	54850	38269	84418	25753	54096	33356	5071	9278	62585	65949	80754	10109	36137	48539	9245	35943	15921	18558	11549	35007	41478	13949	66451	30463	24319	32182	46573	84586	21459	27991	24633	32480	29618	30950	14797	75481	22345	30866	28398	77250	15545	7532	72439	8733	4903	50299	82810	21593	18364	73574	43028	49514	80250	15763	33165	10540	71440	58318	23273	11696	26412	81674	9769	23687	23524	84621	78814	52431	14134	65634	56417	24621	71947	31524	39226	68851	6385	54736	46204	2708	80717	25246	22906	21802	75924	22276	15270	18548	85956	60122	48786	63195	45132	77883	68827	15687	35151	33806	38618	51346	56442	48561	40247	40018	12739	17406	43227	37107	45593	24993	43521	34580	36106	47009	31170	62959	28671	58780	12375	48782	40408	82984	31584	40228	11280	70534	23553	27468	92114	39827	41402	30424	44105	17953	38399	73863	
114704	70411	44697	67638	30250	59234	72384	44368	20938	51064	36928	73436	40834	62249	69850	52993	64508	63982	0	69558	122406	59364	109095	95273	111324	45530	59139	66654	47115	69213	85487	51868	61583	21714	52328	81327	56218	94856	10214	48493	25764	42636	129977	40136	29935	44834	65841	61570	26042	111507	126313	63184	67166	94097	63929	112414	61412	83428	63708	80565	27750	54846	112010	38881	48135	35877	84089	130144	51875	43840	59560	37850	60648	61766	60288	121039	87214	68381	38767	6083	60127	64534	117997	54453	66053	87814	128369	86463	54390	67497	44015	14570	14356	67756	64195	65677	116998	105276	49264	65417	50228	127232	60419	54502	77363	16457	124372	85388	59625	5361	93933	69203	117505	33283	76741	114409	67155	100294	105410	66398	126275	62762	51122	48564	14703	53091	69272	52862	131515	29413	107992	108753	22078	123441	21738	51794	72666	35187	106681	98304	17431	38300	87205	53666	64364	58119	56875	74623	46927	61752	35542	39886	108937	78039	96040	7715	45431	54667	67372	46031	114167	21763	69099	53329	73551	16255	42745	73754	137672	25251	55276	95294	116653	57618	27579	12642	
81068	38289	35662	20055	49987	11589	38747	21746	52138	15736	42343	9564	34446	6317	31873	25152	32386	16399	69558	0	87475	17092	74164	60342	76393	44328	29869	39766	27419	20533	29533	19450	27629	56699	12782	53301	12575	59925	74946	24755	60750	48896	95046	23039	64723	43983	11492	24325	75630	76576	91382	10535	11583	59166	26683	77484	26548	48497	5042	45634	47377	15057	77079	34188	28044	35907	57201	95213	31784	28513	35260	25088	11143	41578	25425	86108	52284	41493	34298	83150	26173	10702	83066	19041	19729	60926	93438	51532	28992	61533	32168	55414	86150	3067	12973	8938	82068	68946	29173	6966	30137	92301	11440	34315	43590	90521	89441	63059	24762	71534	67045	35249	82574	37424	49853	79479	15672	65363	70479	17534	91344	35874	14138	16830	81824	32903	3359	15405	96584	73761	73061	73822	51032	88510	74727	21587	45779	37530	71750	61973	62342	36520	50874	22061	32558	28034	18852	47735	33552	10010	54148	26357	74006	29340	61109	68859	34571	46739	32441	36741	79237	88884	42211	50855	26106	76434	29453	11607	102741	45727	52029	60363	81723	11209	44299	79763	
38593	35332	82025	47774	102835	76828	36378	89696	104986	77982	123519	91030	83879	81141	44762	99205	38783	76848	122406	87475	0	70537	16207	19651	26052	58106	43680	50762	76588	46300	38350	69709	40573	105081	78186	121307	71784	16642	123328	74820	109132	63204	10385	85346	70283	54030	77014	66968	77640	10086	5312	78253	92102	19183	59134	33628	59202	36828	78777	30267	95760	69914	33223	79376	73232	81094	46904	13304	70371	76903	49663	87307	85583	56011	65685	34337	31999	48918	82680	131532	43688	79475	8704	67139	47773	46769	36862	35146	67276	129539	98993	103796	134532	82825	89130	80746	3571	18593	75354	80486	75325	10152	75488	72600	28271	138903	4781	21590	65023	119916	39397	32942	13681	85806	43144	7651	78328	20955	11712	49338	48300	47660	78871	77767	130206	71188	84341	73051	10193	75178	4371	29967	99414	6601	82028	71652	48044	82718	21099	15373	110724	104526	26535	95983	55639	43686	99192	44429	101558	80958	65731	90272	30150	102974	29987	117241	82953	114746	38630	104747	35381	137266	48265	53082	40445	87458	77835	92788	18080	94109	51134	33685	37867	75381	92681	128145	
66978	24199	25467	9727	39793	8399	24657	26173	41943	14459	48397	20997	24252	13043	13296	35682	18296	3397	59364	17092	70537	0	59700	45878	61929	29864	15405	25302	17682	10544	19543	9907	13164	46963	18385	61506	8307	45461	65210	15018	51013	34432	80582	21916	50259	29519	6056	7476	58748	62112	76918	8471	32300	44702	7443	63019	12084	34033	12058	31170	37641	8042	62615	26627	20483	28345	42737	80749	17622	24154	20796	28644	25782	27114	10960	71644	37820	27029	24561	73414	11709	8158	68602	4896	9739	46462	78974	37068	14528	69738	39191	45677	76414	16272	29329	11049	67603	54482	19437	12205	22576	77837	7223	19851	29126	80785	74977	48594	10298	61797	52581	20785	68110	27688	35389	65014	9566	50899	56015	7544	76880	21410	19070	17966	72087	18439	15780	14711	82120	56286	58597	59358	41295	74046	64990	11850	31314	29969	57286	47509	52606	44725	36410	36181	10938	13569	39390	33271	41757	15169	39684	30743	59542	43173	46645	59123	24835	54944	17977	44946	64772	79148	27747	36391	16116	66698	19716	26125	88277	35991	37565	45899	67258	9847	34562	70026	
20502	54947	68714	47622	89524	63517	51350	76384	91674	64670	110207	77718	70568	67830	43212	85894	52558	63536	109095	74164	16207	59700	0	23654	6794	71157	56698	66595	65132	45652	40841	58253	54458	93626	66731	109852	60329	31724	111873	63365	97676	75726	26385	73890	91552	70812	65558	55512	100042	10686	19472	66798	80646	30105	47678	22172	47747	38782	67322	35919	84304	58459	21767	67920	61776	69639	84030	26552	58916	65448	62089	75851	74128	68407	54230	22881	31189	68322	71224	120076	53002	68019	13758	55684	50140	87755	25406	34337	55821	118084	87537	92340	123077	71369	77675	69291	13407	31841	63898	69030	63869	15607	64032	61144	41142	127447	20781	33997	53567	108460	55687	51052	8410	74351	76682	8599	66872	9499	18021	52741	21193	62703	67416	66312	118750	59732	72886	61595	27923	97579	15055	18511	87958	19849	111653	60196	72608	71262	8630	31663	99268	93071	42825	84527	44184	54863	87736	74564	90103	69502	80977	78816	18695	91519	20818	105785	71498	103290	43640	93292	23925	125811	69040	77685	39796	113360	66379	81333	35017	82654	78858	27659	26411	63925	81225	116689	
31550	22854	54892	32573	75702	49694	23899	62562	77852	50848	96385	63896	56746	54007	26333	72072	26304	49714	95273	60342	19651	45878	23654	0	27297	56331	33630	39981	50306	31573	23623	43427	30523	78799	51904	95025	45502	8069	97046	48538	82850	49111	32247	59064	76726	55986	50732	40686	75731	14532	27174	51971	65820	13229	32851	21235	32920	22101	52495	11865	69477	43632	27982	53094	46949	54812	44995	28559	44089	50621	39614	61025	59301	53581	39403	37012	17272	43588	56398	105250	38176	53192	22247	40857	33046	44860	44341	20420	40994	103257	72711	77514	108250	56543	62848	54464	19629	28687	49072	54203	49043	29372	49206	46318	17488	112621	26642	17121	38741	93634	37488	22892	32229	59524	41235	17615	52046	14130	10645	34612	42247	37611	52589	51485	103924	44906	58059	46768	29054	73268	15545	24726	73132	21856	96827	45370	39540	56436	12178	20464	84442	78244	25355	69701	29357	40036	72910	49830	75276	54676	66151	63990	18686	76692	15260	90959	56671	88464	24532	78465	22988	110984	44306	51172	25718	98534	51553	66506	39942	67827	49225	18958	26685	49099	66399	101863	
18831	57176	70943	49852	91753	65746	53579	78614	93903	66900	112436	79948	72797	70059	45441	88123	54788	65766	111324	76393	26052	61929	6794	27297	0	74649	60191	70088	68625	49144	44333	61745	57950	97118	70223	113344	63821	35216	115365	66857	101168	79218	34129	77383	95044	74305	69051	59004	103534	17496	23385	70290	84138	40375	51170	24956	51239	42274	70814	39411	87796	61951	19947	71412	65268	73131	87522	36028	62408	68940	65582	79343	77620	71899	57722	18590	34682	71815	74716	123569	56494	71511	17671	59176	53632	91248	23585	37829	59313	121576	91029	95832	126569	74862	81167	72783	19710	41317	67390	72522	67361	19519	67525	64636	44634	130940	28524	44268	57059	111952	62121	54545	12323	77843	80175	14903	70365	12305	24831	56233	18959	66195	70908	69804	122242	63224	76378	65087	34357	101071	21359	16690	91450	29325	115145	63689	76100	74754	15441	38097	102761	96563	49259	88019	47676	58355	91229	78056	93595	72994	84469	82308	21479	95011	23602	109278	74990	106782	47132	96784	23076	129303	72532	81177	43289	116853	69871	84825	34541	86146	82351	36368	24383	67417	84717	120181	
79053	23819	7914	33371	44945	33681	26434	37320	24566	25606	65628	47882	18174	37994	34199	46830	21773	33700	45530	44328	58106	29864	71157	56331	74649	0	16273	7469	21925	33028	49301	26670	25397	50418	29944	71174	31869	42654	68665	24687	54468	7753	93791	30683	21172	4783	37098	25385	29661	75322	90127	38338	41969	40746	27743	76229	25226	47242	38862	44379	24121	29999	75824	13009	18568	13477	33426	58224	15671	22240	7787	32643	35450	3072	24102	84854	51029	10034	18600	76869	18293	39559	81811	27224	29867	37151	92183	50277	16369	79406	48860	34633	79869	42909	38997	40831	80813	50394	20690	40570	13540	91047	35572	6728	33309	84240	88187	41404	23440	38080	43270	25150	81319	31143	26078	78224	38412	64109	52834	30213	90089	9790	28738	27634	50091	8704	44426	27664	63116	27199	55879	72568	28906	61148	31454	26596	13377	12240	70496	43422	56061	54393	32323	45850	28178	16527	49059	23960	51425	36554	10597	35608	72751	52841	59854	42128	19675	64613	31187	54615	77982	55547	12675	16121	37365	36246	23171	48556	73583	39446	18068	59108	80468	32421	38017	51440	
64594	13158	14482	18913	39569	19222	11916	31944	41719	20230	60252	33424	20612	23535	19740	41454	7255	19242	59139	29869	43680	15405	56698	33630	60191	16273	0	10561	16843	19024	35297	15789	6852	45336	24862	66093	17865	28314	63583	19606	49387	19691	56395	25601	36105	11326	23094	11381	44594	61318	51322	24334	36887	26406	13739	62225	8042	33238	24858	30376	36014	15995	61820	19631	13486	21349	27996	52336	9133	17158	6959	27562	30369	15810	6918	70850	37025	12288	22935	71787	3606	25555	67808	13220	15863	31721	78179	36273	5586	74325	43778	44050	74787	28905	33916	26827	43224	44506	15608	26566	15579	55437	21569	8132	18969	79158	50790	26995	9436	60171	37840	10810	67315	26061	20648	64220	24408	50105	38494	16209	76085	4956	23657	22553	70461	6721	30422	22583	55118	42131	41610	58564	39669	47920	46387	21514	16573	19024	56492	37534	50979	49312	26435	40768	11994	1839	43977	18530	46344	31473	25530	30526	58748	47760	45850	57496	23208	59531	13500	49533	63978	77521	13006	21650	23361	65071	18090	43474	67695	34364	22824	45105	66464	21461	32936	68400	
74491	16475	15340	28810	47083	29119	18266	39459	29038	27745	67766	43321	28127	33432	29637	48968	15486	29139	66654	39766	50762	25302	66595	39981	70088	7469	10561	0	23658	28105	44378	24870	17784	52152	31678	72908	26946	35225	70399	26421	56202	9458	62194	32416	25871	10966	32176	20462	34361	70399	57121	33415	43703	33317	22820	71306	20303	42319	33939	39457	26990	25076	70902	26446	20302	19661	25997	50795	14184	23974	6229	34377	37184	5577	19180	79931	46106	2565	29750	78602	14955	34636	76889	22301	24944	29722	87260	45355	13030	81140	50594	50866	81603	37987	40731	35908	49938	42965	22424	35647	22395	61236	30650	9610	25880	85973	56589	33975	18517	42779	35841	17721	76397	32877	18649	73301	33490	59186	45405	25290	85167	7339	30472	29368	54791	13790	39503	29398	55687	31898	48450	67645	33605	53719	36153	28330	6439	18424	65573	35993	57794	56127	24894	47584	23255	13189	50793	16531	53159	38288	15296	37342	67829	54575	54931	64311	30024	66346	26264	56348	73059	60246	4077	14460	32442	40945	24905	50290	66154	41180	16408	54186	75545	30542	39751	75215	
73028	28735	12844	25174	27544	16771	30708	20314	29694	6833	48227	30973	8302	16908	28174	29824	22833	21519	47115	27419	76588	17682	65132	50306	68625	21925	16843	23658	0	26852	43125	6003	19221	33696	11727	54716	11275	52494	51942	4896	37746	30925	87615	13960	42549	21809	24185	19209	52626	69145	83951	21529	25511	51735	21567	70053	19050	41066	22053	38203	24374	13190	69648	11918	4545	15463	41727	87782	9513	5510	17198	15921	18992	19404	17926	78677	44853	26019	11294	60146	17765	22878	75635	12797	23691	45452	86007	44101	12028	62948	32402	32410	63146	26100	22539	24022	74637	62915	3822	23761	7867	84870	18763	12141	35001	67517	82011	43027	17264	48530	51571	26841	75143	14420	34379	72048	25499	57932	63048	24036	83913	20400	10521	11176	58820	10729	27617	11206	89153	50757	65630	66391	28028	81079	51723	7107	30305	15260	64319	55942	39338	37935	44843	29392	22002	15758	32601	32261	34967	20096	31974	18886	66575	36383	53678	45855	11567	48155	25010	38156	71806	65880	26737	35382	31189	53430	6449	32098	95310	22723	36555	52932	74292	12675	21295	56759	
53548	18685	28832	1350	49642	17215	15087	34942	51793	23228	57165	26837	30686	20037	4628	44451	17568	5708	69213	20533	46300	10544	45652	31573	49144	33028	19024	28105	26852	0	10340	17812	15942	55110	26289	69410	19887	31722	73357	22923	59161	37210	56204	35375	53037	32297	9139	9684	61526	49119	51131	14177	40205	30963	8434	30594	10075	13209	15617	17431	45788	18017	49622	29405	23260	31123	45515	55861	20400	26932	23574	37336	33686	29892	10899	58651	16996	29807	32709	81561	14487	11600	55609	12801	3392	49240	65980	16244	17305	77642	47096	53825	84561	19831	37233	14608	43587	50515	25383	15764	25353	64844	15301	22628	19972	88932	50600	34856	12002	69945	55359	16236	55117	35835	38167	52021	10453	37906	40854	3442	63887	24187	26974	25870	80235	21217	19339	21154	55811	59063	43436	35876	49443	49158	73138	19755	34092	32747	33269	39299	60753	52629	32443	44086	7889	16347	47295	36049	49661	27598	42462	40300	30757	51077	25821	67270	32982	62849	8824	52850	35059	87295	30525	39169	5931	74845	27864	31536	63900	44138	40343	25075	38756	23484	42710	78174	
48737	28439	45106	11255	65916	39908	27741	52776	68066	41062	86599	54110	46960	44222	8787	62286	28950	14707	85487	29533	38350	19543	40841	23623	44333	49301	35297	44378	43125	10340	0	36723	32928	72096	45201	88322	38799	27294	90343	41835	76146	54196	48024	52361	70022	49283	18560	19105	78512	30310	42951	23598	59116	26536	16492	18300	18132	2125	25037	13003	62774	36929	45194	46390	40246	48109	62500	47681	37386	43918	40559	54321	52598	46877	20320	54223	8576	46793	49694	98546	31472	21020	51181	34154	12469	66226	61553	4596	34291	96554	66007	70810	101547	29251	56145	24028	35406	49764	42368	25184	42339	60416	28727	39614	23996	105917	42420	30428	21423	86930	72344	24294	50689	52821	55152	47593	19874	33478	32674	13515	59459	41173	45886	44782	97220	38202	28759	40065	47631	76049	35256	27695	66428	40978	90123	38666	51078	49732	25089	39267	77739	71541	38661	62997	15947	33333	66206	53034	68573	47972	59447	57286	22577	69989	17641	84255	49968	81760	15041	71762	26879	104281	47510	56155	5044	91830	44849	59803	55720	61124	57329	11389	30576	42395	59695	95159	
66149	23370	17971	17399	32297	8802	23829	18676	34447	5160	40900	23004	16756	11890	18746	28186	17468	13744	51868	19450	69709	9907	58253	43427	61745	26670	15789	24870	6003	17812	36723	0	13606	39097	8071	53639	6132	45902	57343	7152	43147	35593	81024	14050	47217	26477	16407	10303	58027	62554	77360	12951	17124	45144	12661	63461	12526	34475	13475	31612	29775	4612	63057	16585	10441	18304	43179	81191	7141	10911	21866	20777	12413	24071	11402	72086	38261	27471	16695	65547	12151	14300	69044	5019	14785	46904	79416	37510	16695	61871	31325	37811	68547	17523	15574	15444	68045	54923	6089	15183	12534	78279	10186	16808	29568	72918	75419	49036	10740	53931	53023	21227	68552	19821	35831	65456	17721	51341	56457	15699	77322	21852	7333	10099	64221	15397	19039	4398	82561	56158	59039	59800	33429	74488	57124	3500	31756	19928	57728	47951	44739	36858	36852	28315	18535	14011	31524	33713	33890	10842	36642	22877	59984	35306	47087	51256	16968	47077	18419	37079	65214	71282	28189	36833	22283	58831	11850	23711	88719	28124	38007	46341	67700	7532	26696	62160	
62354	10051	21202	16672	42012	16981	8808	29849	44162	18135	62695	31183	23056	21294	14115	39359	4148	17001	61583	27629	40573	13164	54458	30523	57950	25397	6852	17784	19221	15942	32928	13606	0	47178	20334	64918	15395	25125	65425	18431	51228	29278	53206	27443	45104	24365	20625	8513	53594	53671	48133	21864	35713	23217	5333	54579	3694	25592	22388	22729	37856	13525	54174	21472	15328	23191	37582	49147	12468	19000	15642	29403	29194	21959	4839	63203	29379	21875	24776	73628	3116	23085	60161	10750	12995	41308	70533	28627	9373	73150	42604	45892	76629	26436	32741	24357	59163	41317	17450	24096	17421	52248	19099	14696	15780	81000	47601	23806	6568	62012	34684	7620	59669	27903	30235	56574	21939	42459	35305	13341	68439	14149	22482	21378	72302	13284	27952	18124	51929	51131	38421	50918	41510	44731	65205	15263	26160	24814	48845	34345	52821	48137	23246	39594	6646	5045	42803	28116	45169	24569	34529	32368	51101	46585	38204	59338	25050	58356	7850	48358	56332	79363	22592	31237	20493	66913	19931	36399	64506	36206	32411	37458	58818	17529	34777	70241	
101522	57229	31515	54455	7725	46052	59201	26639	12495	37881	15521	60254	27651	49067	56667	28982	51326	50800	21714	56699	105081	46963	93626	78799	97118	50418	45336	52152	33696	55110	72096	39097	47178	0	38191	45121	42082	80719	22142	34356	4323	34137	115840	25999	35082	34101	51704	47434	35862	97370	112176	49047	53030	79960	49792	98277	47275	69291	49572	66428	13614	40709	97873	27753	33998	25144	69952	116007	37738	29703	45423	23713	46511	47629	46151	106902	73078	54244	24630	27793	45990	50397	103860	40316	51916	73677	114232	72326	40253	45585	22574	7211	33346	53619	50058	51541	102862	91139	35127	51280	36092	113095	46282	40366	63226	37717	110235	71251	45488	23331	79796	55066	103368	19146	62604	100273	53018	86157	91273	52261	112138	48625	36985	34427	33621	38954	55136	38725	117378	33993	93855	94616	9919	109304	34959	37657	58529	25524	92544	84167	11614	16859	73068	30533	50227	43983	33742	60486	25485	47615	27043	22010	94800	34027	81903	18131	31294	33226	53235	24589	100031	40682	54962	63606	59414	36294	28609	59617	123535	8815	64780	81157	102517	43482	11143	31560	
74627	31848	21245	25877	32757	6253	32306	13676	34907	4881	39451	13638	17408	6535	23969	26737	25945	20759	52328	12782	78186	18385	66731	51904	70223	29944	24862	31678	11727	26289	45201	8071	20334	38191	0	49435	5751	51974	57860	8011	34020	40044	87095	10454	51668	30929	13244	16374	58544	68626	83431	11064	9053	51216	18732	69533	18598	40546	11283	37683	30292	9648	69128	21037	14893	22756	50846	87263	18633	13479	26318	15547	4342	28523	17474	78158	44333	35139	14342	66064	18222	14195	75115	11090	20856	54572	85487	43581	21147	57667	23275	38328	69064	11714	7503	13557	74117	60995	16022	12991	16986	84351	8021	21260	35639	73435	81491	55108	16811	54448	60690	27298	74623	20338	43499	71528	23792	57413	62529	21771	83393	29519	1356	4048	64738	19848	13231	4392	88633	56675	65110	65872	33946	80559	57641	7609	39424	24379	63800	54023	45256	32654	42924	21199	24607	20083	17990	41380	29686	2771	41093	18512	66056	31102	53158	51773	14073	42873	24491	32875	71286	71799	35856	44501	28354	59348	12384	15640	94791	28641	45675	52412	73772	3836	27213	62677	
117748	74969	62475	68998	45080	60595	75427	39546	78951	49617	29600	47245	61260	51927	70344	25382	69066	65342	81327	53301	121307	61506	109852	95025	113344	71174	66093	72908	54716	69410	88322	53639	64918	45121	49435	0	56899	96017	52631	48871	49022	79963	131138	47420	91588	70848	66522	60418	102398	112669	127475	63865	42647	95259	62776	113576	62641	84590	64389	81727	74145	55526	113172	60956	54812	62675	90765	131306	58552	55282	66237	46324	45828	68442	61517	122201	88376	75058	61066	60835	62266	65214	119159	55134	64900	94491	129531	87625	61066	10165	31354	82182	63869	54729	43153	66358	118160	105038	55941	66097	56905	128394	61100	61179	79683	68240	125534	87527	60855	66996	100610	71342	118667	64192	83418	115571	67836	101456	106572	65814	127437	69438	49894	47076	69009	59767	56245	53543	132676	100529	109154	109915	77800	124603	101495	50062	79343	64298	107843	98066	89110	33744	86967	29487	68650	64796	28851	81299	30776	46932	81012	40937	110099	18092	97201	95627	61339	11280	68534	26627	115329	76069	75776	84420	72398	103202	56221	40897	138834	52874	85594	96456	117815	53347	50728	66948	
68225	25446	22322	19475	36648	2685	25904	23027	38798	6340	45251	16129	21106	6251	19030	32537	19543	15819	56218	12575	71784	8307	60329	45502	63821	31869	17865	26946	11275	19887	38799	6132	15395	42082	5751	56899	0	47123	62144	11953	47948	36095	82244	18851	51921	31182	9668	11523	62828	63774	78580	8789	15003	46365	13881	64682	13747	35695	9313	32832	34576	2093	64277	21386	15242	23105	44399	82411	18982	15712	22458	25578	10245	28776	12623	73306	39482	28692	21496	70348	13371	10619	70264	6239	16005	48125	80636	38730	16190	66672	36126	42612	73348	10874	13453	11282	69266	56144	16371	11021	17335	79499	4780	21513	30788	77719	76640	50257	11960	58732	54243	22447	69772	24622	37051	66677	18941	52562	57677	16920	78542	23072	8075	10312	69022	20101	12391	3344	83782	60959	60259	61021	38230	75708	61925	6615	32977	24729	58948	49171	49540	41659	38072	33116	19756	15232	27847	34933	38691	8390	41346	27678	61204	40107	48307	56057	21769	51878	19640	41880	66435	76083	29409	38054	23503	63632	16651	23324	89939	32925	39228	47561	68921	1915	31497	66961	
