//--------------------------------------------------------------------------------------------------------------------
//-- données sur les Hautes Pyrénées  récupérés par le géocodeur (matrice symétrique)
//-- 
//-- C. Duhamel, P. Lacomme C. Prodhon - juillet 2009 : 33789 kg à collecter, flotte de capa 42500
//--------------------------------------------------------------------------------------------------------------------
222 3 999999 0 0 0
5 1500 180 6.2
5 3000 120 7.2
5 4000 180 9.2
0   // la ville qui represente le depot
0	25762	18511	75868	37798	21028	26157	9712	39726	23317	23282	15439	17892	36092	22687	39136	43975	75618	58565	42771	52888	28511	61945	15653	9441	53952	17215	12538	50531	6576	4622	77808	35060	44121	13772	17143	11920	25764	5645	20938	23336	7651	22045	31437	37340	86152	61333	14722	66390	19730	19655	17652	34083	19877	48247	35515	21980	13252	17336	50642	25639	96635	14560	8347	20965	66084	21807	37335	9286	29792	15892	44625	27553	51615	65794	55058	18932	18156	42348	9138	2808	33824	73156	22210	29356	42661	8365	15861	43672	81011	67810	64187	50476	49263	14401	24185	45361	42913	44402	75866	41930	27127	32117	54440	58836	55437	30864	31611	34701	26933	40285	39010	56336	29032	54107	31532	60796	34710	35726	23246	53510	24273	45805	20570	41738	79335	8070	15813	48020	79036	55568	7732	4597	12539	28749	57437	51579	34569	43172	23905	49683	49137	6286	43479	52371	31091	18951	33381	29565	6611	39280	55088	57932	5965	12947	95956	33305	9237	21017	50211	57132	28945	33890	28259	52001	65794	28004	44917	72797	47137	56617	61298	72387	40084	10091	21468	23280	11444	11553	16662	35230	10992	56569	27758	18864	72733	58496	65198	60355	51479	30966	14105	61694	20933	86592	17743	15788	27907	40186	27630	48347	10673	37890	28423	25620	86549	47779	53086	24735	26951	28583	83337	65794	52608	29363	57281	57923	48142	17664	83327	84489	24199	12752	
25762	0	44471	69485	56954	10737	3986	15225	31660	16418	4132	19135	8024	26142	6483	37285	44198	47742	35218	69670	45236	32746	55515	17095	17116	49397	15217	28050	45977	19372	31186	73253	61624	20134	18704	23862	15668	8310	18738	5469	49900	35403	28843	3646	17398	81597	56778	41286	61835	12606	13927	10363	29529	26596	33316	11528	48544	39816	18354	56995	18811	92080	19824	34911	47529	61529	48371	13348	35851	34096	28776	21059	54117	27628	61239	50504	45496	44720	68912	32101	29282	7893	68601	48774	35710	38106	21806	20165	31835	76457	63255	59633	36425	44709	40965	12756	40806	38358	20836	71312	17943	20299	8130	49885	42650	50882	15932	8587	19769	8143	35730	27764	51781	10907	49552	7969	56242	61274	62291	22704	80074	2142	72369	47134	24792	74780	25072	22539	43465	74481	51013	34296	31161	39103	36302	52883	27592	11006	19185	3886	45128	25151	23288	19493	28384	19132	45515	10356	20753	33175	15293	41426	53377	32439	25345	91402	26478	35801	24542	45656	33145	4031	16146	21431	47446	61239	32307	20930	53893	39471	52063	56743	67833	16098	36655	25772	28400	24885	38117	43226	30675	37556	52014	16766	45428	44000	37431	49016	55800	36548	7970	20286	57139	47497	82038	44307	16748	3138	16199	15671	24360	37238	14327	18126	2624	81994	23792	29100	51299	19021	7375	55920	61239	48053	4529	52726	53368	28771	21967	78772	79934	50763	24131	
18511	44471	0	79486	12363	38233	43810	26885	33814	40994	41844	31082	36163	53602	41227	39851	66501	94727	76953	24692	71872	36224	77818	33129	27190	71700	34963	25176	68280	24324	13121	95556	18811	61869	31521	27688	29669	43512	23393	38686	6036	17713	32127	49186	55089	88494	79081	23161	84139	37478	34894	35400	51832	28797	65996	53263	4680	5279	32033	67757	43387	98977	28941	17044	3697	83832	3781	55084	10788	37573	27419	62373	9526	69363	83542	72807	3626	1691	26099	21776	16325	51572	90905	6904	38276	60409	26113	30243	61420	98760	85558	81936	68224	67012	5027	41934	45862	60662	62150	81313	59678	44875	49865	72188	76585	73185	48612	49360	52449	44682	39031	56759	74085	46781	71855	49281	57332	18461	19477	38234	37261	42022	29556	2699	59486	81155	25819	28879	65768	96785	73317	15824	19690	14459	38393	75186	69327	52318	60920	41653	67431	66886	24034	61228	70119	48839	1650	51129	47313	16779	57029	72837	75681	19077	23419	101403	36750	11157	36005	67959	74880	46693	51639	46007	47112	83542	35574	62666	90546	64885	74366	79046	90136	57833	15289	30163	34037	23112	13054	4212	52978	19431	74317	45507	3558	90481	76245	82946	78103	69228	48715	29199	79442	3633	104341	5293	32544	45656	57934	45379	66095	14229	55638	43411	43369	104297	65527	70835	6708	44699	46332	101085	83542	70357	47112	75029	75672	58374	31166	85670	86832	8624	26667	
75868	69485	79486	0	90629	58693	67478	66569	37555	56959	65911	51083	69275	44574	64186	31440	25748	49111	101021	91089	39182	36033	14057	53614	67250	21996	60642	77781	27893	69736	58996	40090	60939	85937	52040	45041	68527	63972	69717	71798	73391	63588	40348	73253	75548	12523	27106	69036	7649	56691	57247	60821	37192	42300	52817	77330	75061	66381	59480	17986	52092	23006	49903	54026	77674	38216	82046	79151	62415	34421	47355	53345	87792	89761	30951	21872	78766	71285	53584	81832	76851	75233	45289	75110	33001	31518	55468	49959	38775	43293	6670	26564	45579	38460	67847	62394	30810	36393	53122	2238	83746	52667	73933	32270	45312	27569	57746	69819	56752	65142	39548	42116	32024	67240	23076	69740	21600	61869	60116	78932	80176	75134	72470	81107	44844	5707	54115	48041	33305	39473	19272	57471	56001	57964	43937	17115	93394	72778	84987	74765	30770	90953	70857	85295	94187	54191	77763	71589	52041	55305	82313	43489	17132	80008	47878	21917	50599	62683	89608	28619	98948	70579	57464	50735	28996	30951	41848	84014	44930	40495	22020	26510	34763	81900	64406	43212	45395	52389	64682	69791	35568	65306	28702	57375	77433	52040	46988	47252	32488	55369	81827	49813	29407	76117	53161	70872	52546	69307	77430	61344	87543	65857	64396	84373	76481	55372	89594	94902	72718	53835	79444	55470	30951	25401	69665	26250	30056	94574	48382	9698	10861	72958	50572	
37798	56954	12363	90629	0	50377	55953	39029	45958	53137	53987	43225	48306	65746	53371	51995	78645	106870	89097	36162	84015	48367	89961	45273	39333	83844	47107	37319	80423	36468	25265	107700	30281	74013	43664	39832	41812	55656	35537	50830	17506	29857	44271	61329	67232	99964	91225	35305	96282	49622	47038	47544	63975	40940	78139	65407	16150	17251	44176	79227	55530	110447	41085	29187	12450	95975	8823	67227	22931	49717	39563	74517	2837	81507	95686	84950	16855	13663	37569	33920	28469	63715	103048	20133	50420	72553	38257	42386	73564	110903	97702	94079	80367	79155	18256	54077	58005	72805	74293	92783	71822	57018	62009	84332	88728	85329	60756	61503	64593	56825	51174	68902	86228	58924	83999	61424	69476	29931	30947	50377	48731	54165	41026	12920	71630	92625	37962	41022	77912	108928	85460	27967	31833	26603	50536	87329	81471	64461	73063	53797	79575	79029	36178	73371	82263	60983	13120	63273	59456	28922	69172	84980	87824	31221	35563	112873	48894	23300	48148	80103	87024	58837	63782	58151	59255	95686	47717	74809	102689	77028	86509	91190	102279	69976	27433	42306	46181	35255	25198	17045	65122	31575	86461	57650	16787	102624	88388	95090	90247	81371	60858	41342	91586	13998	116484	15754	44688	57799	70077	57522	78239	26373	67782	55555	55512	116440	77671	82978	18178	56843	58475	113229	95686	82500	59255	87173	87815	70518	43309	97139	98302	20094	38811	
21028	10737	38233	58693	50377	0	8785	12458	21864	6348	8238	9339	5248	16072	5493	27490	34128	43090	42955	63580	40584	22951	45444	8427	10167	39327	6549	23167	35906	12423	25096	63183	55533	27871	9578	14067	8208	5279	15103	10273	43810	28034	19048	15263	16855	71527	46708	35196	51765	2536	4131	3843	19459	16800	28664	19265	42454	33726	8558	47200	8741	82010	10028	21926	41439	51459	42281	24649	29760	24300	18980	14154	48026	31068	51169	40433	39405	38630	61273	27218	23192	16540	58531	42683	25914	28036	14857	10369	22095	66386	53185	49563	25891	34638	34874	4602	30736	28288	13931	61241	25680	10229	15867	39815	37998	40812	11280	11126	15117	6449	25660	15651	41711	8653	39482	11047	46171	55183	56200	21278	73984	12009	66278	41043	13080	64710	14360	12744	33395	64411	40943	25371	25070	30410	26507	42812	35329	14085	28420	12527	35058	32887	17197	27230	36121	8097	39424	12896	9719	23205	23620	36774	43307	26348	15550	81331	16408	29710	21686	35586	40882	11886	14307	11361	37376	51169	22512	25322	58172	28937	41992	46673	57762	23835	30565	15976	18605	17936	32026	37136	20605	31465	41944	8175	39338	39348	32779	44364	45730	31896	18457	11161	47069	41407	71968	38217	6952	10614	18737	4288	28850	31147	17405	26719	13111	71924	31529	36837	45209	7367	17922	51268	51169	37983	10972	42656	43298	36508	12172	68702	69864	44672	14335	
26157	3986	43810	67478	55953	8785	0	15466	29233	13869	2028	16708	7149	23593	3697	34859	41649	46066	35496	69252	43561	30320	52966	16220	16241	46848	14342	28292	43428	18497	30768	70704	61205	20412	17829	21436	14793	4724	18979	5710	49482	33706	26417	6647	12641	79048	54229	40868	59286	10057	11500	9488	26980	24169	31641	11806	48126	39398	15927	54569	16262	89531	17397	29295	47111	58980	47953	13626	35432	31669	26349	19384	53698	26853	58690	47954	45077	44302	68493	32343	28864	7272	66052	48355	33283	35557	20931	17738	30160	73907	60706	57084	34750	43480	40546	9170	38257	35809	19160	68762	18221	17750	8408	47336	40975	48333	14257	6912	18094	4942	33181	26089	49232	9231	47003	6832	53693	60856	61872	24375	79656	7446	71950	46715	23117	72231	20434	20113	40916	71932	48464	33878	30742	38685	33876	50334	27870	9870	19463	7104	42579	25429	22869	19771	28662	16583	45096	8681	18204	32757	14003	39751	50828	32020	22919	88852	23929	35382	24783	43107	33423	3313	14471	18882	44897	58690	29880	21107	52218	37796	49513	54194	65283	16376	36237	23345	25974	24010	37698	42808	28126	37137	49465	10669	45010	42325	35756	47341	53251	34873	11188	19411	54590	47079	79489	43889	14321	2275	10985	12827	24636	36819	13190	21344	5842	79445	24070	29378	50881	13705	10593	54245	58690	45504	3606	50177	50819	29049	19541	76223	77385	50344	21704	
9712	15225	26885	66569	39029	12458	15466	0	26962	15386	13435	14858	9152	27995	13594	33383	40894	69119	48450	52423	46264	28844	52210	11249	4210	46093	9371	11801	42672	8321	13939	69949	44377	33366	12858	19211	8090	16236	3736	9662	32653	19154	24113	20682	30630	78293	53474	24039	58531	11886	11812	9808	26224	21944	40404	24760	31297	22569	17907	53093	17780	88776	16627	17663	30282	58224	31124	26580	18603	30193	25228	36766	36870	40860	57935	47199	28249	27473	51665	15852	12035	23069	65297	31526	31807	34802	14466	15684	35813	73152	59951	56328	42617	41404	23718	16342	37502	35054	36542	68007	31175	19267	21362	46581	50977	47578	23020	22509	26857	17831	32426	31151	48477	19609	46248	22430	52937	44027	45043	16796	62827	12998	55121	29886	33879	71476	14171	17881	40161	71177	47709	17049	13914	21856	30816	49578	40824	25467	32417	12629	41824	38383	12387	32725	41616	23232	28268	24278	21706	15928	28526	47229	50073	17901	22101	88097	25446	18554	17204	42352	46377	18190	26047	20400	44142	57935	37940	34162	64938	39278	48758	53439	64528	29330	19408	21869	24498	17545	20870	25979	27371	23716	48710	19915	28181	64873	50637	57339	52496	43636	19690	14440	53835	30250	78733	27060	12474	17152	29431	19771	37592	19990	28788	22237	14345	78690	37024	42332	34052	19107	17308	75478	57935	44749	19218	49422	50064	36866	18064	75468	76630	33516	18853	
39726	31660	33814	37555	45958	21864	29233	26962	0	17189	28543	13662	25844	18549	25360	6211	19079	52860	63653	58884	37484	2512	30845	16193	22548	26968	18072	33700	26403	18702	21645	54792	47349	48569	14618	7690	19070	26902	24694	30971	39114	26237	2997	35885	38479	46659	35274	31685	37166	20691	17475	22092	16779	4950	40415	39963	37758	29030	14613	25921	18831	57142	12482	16675	36743	41965	37585	41783	25064	3501	10004	27321	43331	52691	39735	26916	33117	33934	39994	30301	24850	38163	49038	37988	4636	26302	18117	12538	25491	57995	33601	38129	32295	31959	30496	25503	14581	25609	27097	39478	46378	19637	36565	30311	40656	31319	32181	32750	30727	28072	8535	21706	32208	30349	28048	32670	24965	48279	46526	39431	66586	32707	58881	36348	24433	39319	16764	10620	31400	56020	28585	20120	18650	20613	6586	29295	56027	35708	47620	33225	25554	53585	18581	47927	56819	22023	34729	34519	19873	17954	45243	37784	29842	27602	10527	59568	11890	25332	39838	23404	61580	32061	31440	17070	15831	39735	4293	46945	48679	29832	29634	35239	46328	44532	27055	5790	7840	15038	27331	32440	16803	27955	32451	26656	34642	48604	40316	41069	36237	43647	39154	12463	37575	36711	63577	33521	15125	30789	40360	22689	50474	28506	39028	44872	33809	63533	52227	57534	40513	23072	39337	59219	39735	21350	31147	31222	33805	57206	10961	43834	44996	39977	14846	
23317	16418	40994	56959	53137	6348	13869	15386	17189	0	13600	4220	10900	11910	11875	23131	32240	60466	48709	59776	34317	18592	43557	3827	16438	37439	4242	26969	34019	12416	27944	61296	51730	33625	4777	9708	6704	11661	18905	16028	40006	30882	14689	20942	23237	69639	44820	38043	49878	4380	2442	8510	14277	12442	33116	25019	38650	29922	2665	42841	4579	80122	5669	17567	37635	49571	38477	26840	25957	19942	14622	18670	44223	37450	49281	38546	35602	34826	56914	31021	26039	22922	56644	38880	21556	23584	12734	5045	23866	64499	51298	47675	28824	29457	31071	9055	26285	23107	18447	59354	31434	6066	21621	37927	37185	38924	15733	17508	19570	12830	23773	16086	39824	13901	37595	17429	44284	51380	52397	28120	70180	17763	62475	37240	16013	62823	10477	8385	28214	62524	39056	21012	19542	26052	22148	40925	41083	20466	32676	18282	33170	38642	12294	32984	41875	8944	35621	19277	8504	18846	30002	35372	41420	29196	11191	79444	12245	25907	38796	33698	46636	18268	18759	7199	26362	49281	18153	31703	56285	27331	40105	44786	55875	29589	33412	11618	14246	15813	28223	33332	16251	34313	40057	12627	35534	43801	37232	37931	43843	36348	24211	6360	45181	37603	70080	34413	2594	16996	25119	5484	35232	33995	23787	33562	18865	70036	37283	42591	41405	10699	28632	66825	49281	36096	17354	40769	41411	42263	7813	66814	67976	40869	9977	
23282	4132	41844	65911	53987	8238	2028	13435	28543	13600	0	16319	5208	23326	2351	34469	41382	46592	36451	67311	44087	29930	52699	14279	14299	46581	12401	26350	43161	16556	28827	70437	59264	21367	15888	21046	12852	4178	17038	3769	47541	31765	26027	8683	14803	78781	53962	38927	59019	9790	11111	7547	26713	23780	32166	12761	46185	37457	15538	54179	15995	89264	17008	28137	45170	58713	46012	14581	33491	31280	25960	16102	51757	28861	58423	47687	43136	42361	66552	30402	26922	9450	65785	46414	32894	35290	18990	17349	26878	73640	60439	56817	35276	41893	38605	8624	37990	35542	15879	68495	19176	17483	9363	47069	41500	48066	14783	9074	18620	4396	32914	21443	48965	6207	46736	8995	53426	58914	59931	22434	77715	5505	70009	44774	18871	71964	18493	19723	40649	71665	48197	31937	28801	36744	33486	50067	28825	12032	20417	6023	42312	26383	20928	20725	29617	16316	43155	10844	17937	30816	16526	40276	50561	30079	22529	88586	23662	33441	22842	42840	34378	4986	15604	18615	44630	58423	29491	23269	52743	38321	49246	53927	65016	17330	34296	22956	25584	22069	35757	40866	27859	35196	49198	10123	43068	42850	36281	47866	52984	35398	11952	17470	54323	45137	79222	41947	13932	3948	13163	12855	26798	34878	15353	22109	6607	79178	25025	30332	48940	13159	11418	54771	58423	45237	5783	49910	50552	30004	19151	75956	77118	48403	21315	
15439	19135	31082	51083	43225	9339	16708	14858	13662	4220	16319	0	12974	13934	13150	19024	26851	51780	51443	55669	36342	14485	47621	3609	9965	41504	5488	24008	38083	9674	18431	65360	47623	36359	2035	5601	6486	14692	15665	19107	35899	23381	10582	23675	26269	59472	48884	28470	53942	8481	5265	9508	16302	8335	37354	27753	34543	25815	1529	38734	7538	69955	1562	13460	33528	53635	34370	29573	21850	15835	10515	20695	40116	40481	53346	34688	31495	30719	52807	24868	18538	25953	60708	34773	17449	25609	9991	825	25890	68563	55362	51739	30849	31482	26964	13293	23525	25132	20471	52291	34168	8604	24355	41992	39210	42989	19971	20540	23808	15862	15133	18111	43888	18139	41659	20460	33910	47273	48290	26847	66073	20497	58368	33133	18038	52132	7735	4278	30238	66588	43120	16905	15435	21945	18041	37067	43817	23498	35410	21015	37235	41375	9552	35717	44609	12081	31514	22309	9931	14739	33033	37396	45484	21695	7084	72381	8512	21800	27255	37763	49370	19851	22997	7726	23603	53346	14046	34735	60349	29355	44169	48850	59939	32322	23840	7510	10139	13070	24116	29225	18276	24740	44121	16866	31427	48039	41470	39956	47907	40586	26944	3617	49246	33496	74144	30306	2915	18579	28150	10095	38263	25291	26818	32288	21599	74100	40017	45324	37298	13130	26753	70889	53346	30295	18937	44833	45475	44996	3158	56647	57809	36762	5870	
17892	8024	36163	69275	48306	5248	7149	9152	25844	10900	5208	12974	0	20515	4441	31658	43665	48582	40167	61540	46077	27119	54982	9347	9367	48864	7469	21787	45444	11624	23056	72720	53494	25083	10955	17308	7920	7083	11950	3749	41770	25995	23216	12399	22347	81064	56245	33156	61302	6979	8300	3986	28996	20042	34157	16477	40414	31686	12727	51368	13184	91547	14197	23205	39399	60996	40241	18297	27721	28469	21747	20181	45987	32577	60706	49970	37366	36590	60782	25838	21152	14786	68068	40644	30083	37573	14057	14538	38584	75923	62722	59100	32288	44176	32835	10629	40273	37825	19957	70778	22892	14672	13079	49352	43491	50349	16773	12931	20610	8253	35197	22048	51248	10457	49019	12852	55709	53144	54161	17870	71944	6404	64239	39004	19477	74247	13560	15978	42932	73948	50480	26166	23031	30973	30675	52350	32541	15889	24134	6372	44595	30100	15158	24442	33333	13505	37385	14700	15126	25045	20243	42267	52844	24309	18317	90868	20851	27671	18278	45123	38094	9907	17595	15804	46913	60706	26680	25880	67709	42049	51529	56210	67299	21047	28525	20145	22773	17136	29987	35096	30142	29426	51481	12114	37298	44841	38272	60110	55267	37389	13366	12538	56606	39367	81505	36177	10572	8870	21148	10044	29309	29108	19209	20663	8020	81461	28741	34049	43169	13394	12418	56761	60706	47520	10325	52193	52835	33721	16340	78239	79401	42633	17102	
36092	26142	53602	44574	65746	16072	23593	27995	18549	11910	23326	13934	20515	0	21616	24373	19316	47541	58450	79675	22584	19624	30632	14597	29686	24515	15095	40218	21094	32172	41192	48371	71629	43367	15548	17990	17474	18243	32153	34235	59906	44130	19023	30683	26435	56715	31896	51291	36953	14537	13294	18251	2543	20724	25588	34760	58550	49822	13315	44083	7699	67198	16440	28653	57535	36647	58377	34951	45856	21183	25392	8771	64122	40580	36357	25621	55501	54726	58156	44269	39287	27667	43719	58779	22797	13714	35373	14619	12132	51574	38373	34751	18926	17724	50970	13804	14550	11373	8548	46429	41176	8273	31363	25003	27287	26000	13172	20517	12178	22571	9986	4909	26899	20881	24670	23307	24934	71279	72296	41369	90080	27504	82374	57139	6114	49898	21248	19155	16480	49599	26131	32098	41166	36639	24631	28001	50824	23181	38722	37202	20246	48383	33293	42725	51617	9520	55520	20692	7648	29933	33923	23549	28495	42444	21962	66519	11388	45806	52045	15972	56378	25345	12890	6342	14628	36357	15501	34833	43360	15597	27180	31861	42950	39330	46660	19900	11706	38451	48122	53231	4516	47561	27132	12801	55433	36272	26946	26197	30918	28820	44263	17130	32257	57502	57156	54312	13364	26737	29040	13006	38665	47243	19822	46810	38917	57112	47024	52332	61305	9261	41880	53900	36357	23171	24431	27844	28486	52004	15034	53890	55052	60768	20747	
22687	6483	41227	64186	53371	5493	3697	13594	25360	11875	2351	13150	4441	21616	0	31259	38049	44141	38801	66558	41636	26720	49366	13526	13546	43248	11648	26242	39828	15803	28074	67105	58511	23717	15135	17836	12099	2642	19035	6119	46788	31012	22817	10175	14219	75448	50629	38174	55687	6457	7900	6794	23380	20570	29715	15111	45432	36704	12328	50969	12663	85931	13797	25695	44417	55380	45259	17309	32738	28070	22749	13652	51004	28431	55090	44355	42383	41608	65799	30293	26170	9550	62453	45661	29683	31957	18237	14138	24428	70308	57106	53484	32825	38560	37852	6174	34658	32210	13428	65163	21526	14150	11531	43736	39049	44733	12332	8490	16169	3812	29581	18992	45633	6016	43403	8411	50093	58161	59178	22325	76962	7855	69256	44021	16421	68632	17740	16513	37316	68333	44865	31184	28048	35991	30276	46734	31175	11448	21080	8373	38979	28733	20175	23075	31967	12983	42402	10259	14604	30063	16281	37826	47229	29326	19319	85253	20329	32688	22733	39507	36728	6798	13154	15283	41297	55090	26281	22685	50293	35871	45914	50594	61684	19680	33543	19745	22374	21316	35004	40114	24526	34443	45866	7672	42316	40400	33831	45416	49652	32947	15168	16717	50990	44385	75889	41195	10721	5526	16100	9534	26214	34125	14768	25325	9822	75845	27375	32682	48187	10708	14573	52320	55090	41905	5884	46577	47220	32354	15941	72623	73785	47650	18104	
39136	37285	39851	31440	51995	27490	34859	33383	6211	23131	34469	19024	31658	24373	31259	0	24754	58535	69328	71288	43158	4595	35218	21868	28835	32643	23746	39611	32077	24614	27557	60467	41138	54244	20293	13601	24745	32577	30605	36646	45026	32149	8909	41560	44153	40448	40948	37597	28810	26366	23149	27767	22454	10861	46090	45637	43670	34941	20288	19710	24505	50931	18157	22586	42655	47640	43496	47458	30976	2983	15916	32995	49242	58366	45410	32590	39028	39846	33783	36212	30761	43838	54713	43899	1561	31977	24028	18213	31166	63670	27390	43803	37970	37634	36407	31177	20334	31284	32772	33267	52053	25312	42240	35986	46331	36993	37856	38424	36402	33746	14210	27381	37882	36024	33723	38345	27285	42068	40315	45105	60375	38381	52670	42259	30108	33108	22675	16295	37075	61695	34259	26031	24561	26524	12497	32121	61701	41382	53294	38900	31229	59260	24492	53602	62494	27698	40640	40194	25548	23865	50918	43459	35517	33513	16438	53357	17565	31243	45513	29078	67255	37735	40882	22744	21506	45410	9968	52619	54354	35507	35308	40914	52003	50207	32967	11465	13515	20949	33242	38351	22478	33866	38126	34750	40553	54279	45991	46744	41912	49322	44829	18374	43250	42622	69251	39432	20799	36463	46035	28364	56148	34417	44703	50547	39483	69207	57901	63209	52918	28747	45011	64893	45410	27025	36821	36897	39480	62881	16635	37623	38785	45888	19132	
43975	44198	66501	25748	78645	34128	41649	40894	19079	32240	41382	26851	43665	19316	38049	24754	0	33781	76379	92597	18405	20130	11766	36120	42608	7889	36000	53139	7324	45094	54113	35713	66017	61295	30235	24307	43884	39330	45075	47156	72827	57052	19529	48611	50906	37848	16195	64213	18087	32049	32605	36179	12897	21482	29400	52688	71471	62743	34838	44589	27450	48331	28098	33207	70456	22886	71298	54509	58777	21689	26536	24724	77044	65119	20656	7836	68423	67647	58662	57190	52209	50591	29959	71700	23303	7223	48294	26555	14480	38916	19507	19050	21284	17476	47028	37751	8512	12098	28480	27563	59104	28025	49291	11232	24534	12240	33104	45177	32110	40499	13800	17821	13128	42598	8969	45098	13575	66946	65194	54290	85254	50492	77548	70060	20549	31032	47999	26236	12321	36941	9506	36652	54088	37145	25137	10216	68752	48135	60345	50123	6475	66311	46215	60653	69545	29549	68442	46947	27399	34486	57671	22711	10763	55366	27059	47653	21424	41864	64966	4325	74306	45937	32822	26093	3248	20656	16007	59372	29600	16262	10555	16160	27249	57258	59582	21407	17898	31570	61044	66153	11273	60483	13372	32733	68355	29525	26210	21990	17158	34592	57185	28867	18496	70424	44498	67234	34887	44665	52788	36702	62901	60164	39754	59731	51839	44454	64952	70260	74226	29193	54802	40140	20656	5386	45023	12143	14726	69932	24466	35023	36185	73690	30462	
75618	47742	94727	49111	106870	43090	46066	69119	52860	60466	46592	51780	48582	47541	44141	58535	33781	0	70308	120291	14994	54009	35083	50611	70301	28965	48733	80833	26136	72788	81807	55370	112244	55158	51762	63572	50392	42441	72768	49557	100521	84745	53409	45573	38532	61165	30076	91906	41404	43239	46316	47761	45856	55361	14700	46552	99165	90437	62531	66628	55144	71648	65656	85531	98150	14946	98992	46663	86471	55568	60416	29598	104737	56362	35870	32879	96116	95341	92541	84884	79902	41326	11869	99394	57182	29951	75988	64912	24886	58573	42824	34698	18082	19698	91585	38506	41063	26121	31488	50880	52967	42754	43543	24758	9721	25443	31836	36719	27995	42351	52057	35313	20576	40678	27766	40809	38113	111894	112911	81984	130695	48406	122989	97754	32782	54349	75693	68372	24853	45667	30582	84917	81781	89724	59016	34427	61086	36841	50434	48411	29086	60174	73908	54516	63408	39983	96135	38200	41729	83796	45634	15986	32946	83059	71178	70970	53651	86421	92660	36519	68169	41903	29685	53787	37127	35870	49886	45049	6151	22534	31631	32049	42898	51121	87275	55286	57050	79066	88737	93846	34240	88176	23911	35511	96048	3759	12251	13701	17422	12595	49900	53345	31129	98117	64155	94927	62581	42853	40751	42058	48906	87858	33154	62914	47149	64111	58816	64123	101920	38228	51900	8179	35870	33533	40989	28525	20002	63795	60457	58340	59502	101383	80375	
58565	35218	76953	101021	89097	42955	35496	48450	63653	48709	36451	51443	40167	58450	38801	69328	76379	70308	0	102402	69324	65022	87790	49371	49391	81672	47492	55367	78252	51648	63918	105529	94356	15091	50979	56138	47944	40585	52130	38861	82632	62720	61119	29834	31636	113872	89053	74018	94111	44881	46202	42638	61804	58871	55689	24630	81276	72548	50629	89271	51087	124355	52099	63228	80261	93804	81103	24271	68582	66371	61051	50294	86849	22584	93514	82779	78228	77452	101644	59418	62014	30410	82241	81506	67985	70382	54081	52440	63615	108732	95531	91908	62136	70866	73697	48027	73082	70634	48215	103587	22588	52575	28704	82160	66737	83157	45168	40854	45480	42451	68006	56999	76878	43173	81828	37152	88517	94006	95023	41850	112806	37408	105101	79866	54027	107056	53584	54815	72371	106757	83289	67028	63893	71835	68578	85158	11479	36377	19819	36435	77403	17699	56020	18241	9486	51407	78247	37771	53029	65907	24643	65514	85653	65171	57621	123677	58753	68533	44076	77931	5462	32736	44181	53707	79722	93514	64583	24397	76524	65181	84338	89019	100108	20736	69387	58047	60676	57160	70849	75958	62951	70288	84290	46001	78160	66631	61519	73104	88076	59179	27845	52562	89414	80229	114313	77039	49023	33777	30437	47947	21299	69969	36864	37296	35172	114269	13676	6245	84031	48719	35564	78551	93514	80329	33520	85002	85644	21320	54243	111047	112209	83495	56406	
42771	69670	24692	91089	36162	63580	69252	52423	58884	59776	67311	55669	61540	79675	66558	71288	92597	120291	102402	0	95851	60202	101797	57108	51168	95679	58942	49154	92259	48303	37100	119535	30331	85848	55500	51667	53648	67491	47372	62665	18514	41692	56106	73164	79068	100015	103060	47140	88377	61457	58873	59379	75811	52776	89974	77242	20184	30686	56012	79277	67366	110498	52920	41022	22797	107811	27169	79062	34766	61552	51398	86352	32915	93342	107521	96785	25951	25970	37619	45755	40304	75551	114883	22295	72767	84388	50092	54222	85399	122738	86957	105915	92203	90991	28086	65913	69840	84640	86129	92834	83657	68854	73844	96167	100564	97164	72591	73339	76428	68661	63009	80737	98063	70759	95834	73259	81311	29981	30998	62212	48781	66001	41076	26230	83465	92675	49797	52858	89747	120763	97295	39803	43669	38438	62371	99165	93306	76297	84899	65632	91410	90865	48013	85207	94098	72818	22886	75108	71292	40758	81008	96816	99659	43056	47398	112924	60729	33058	59983	91938	98859	70672	75617	69986	71090	107521	59553	86644	114524	88864	98344	103025	114114	81812	39268	54141	58016	47091	37033	28492	76957	43410	98296	69485	24618	114460	100223	106925	102082	93206	72693	53177	103421	21240	128320	29065	56523	69635	81913	69357	90074	38208	79617	67390	67348	128276	89506	94814	18229	68678	70311	125064	107521	94335	71090	99008	99650	82353	55145	97190	98352	20144	50646	
52888	45236	71872	39182	84015	40584	43561	46264	37484	34317	44087	36342	46077	22584	41636	43158	18405	14994	69324	95851	0	38591	24331	48851	55338	18213	48731	65870	11257	57824	66844	43490	97281	53570	49801	37675	56615	39919	57805	59887	85558	69782	37991	43051	36443	50413	21597	76943	30652	33180	45335	48910	19923	39943	13635	44964	84202	75474	47568	55876	29702	60896	50693	51668	83187	18906	84029	45075	71508	40151	44998	22447	89774	55296	27390	21359	81153	80378	77123	69921	64939	39413	18958	84431	41764	14966	61025	36622	14678	46693	32071	26218	7874	4713	76622	35983	26973	11210	28966	40128	51379	29353	41630	9879	6245	16963	29314	34196	25472	39829	28093	23058	7554	38156	17785	38286	26594	96931	97948	67021	115732	45883	108026	82791	21414	43597	60730	53409	9868	44718	19829	69954	66818	55606	43598	23235	60021	34928	48846	45889	14772	58586	58945	52928	61820	26658	81172	35678	28328	68832	44046	4307	22193	68096	45520	60218	28935	71458	77697	17865	66581	39381	27163	28345	21710	27390	34468	44841	13240	7533	20879	23569	34418	49534	72312	39868	33087	64103	73774	78883	19256	73213	15431	32988	81085	11235	7805	3780	12639	12136	48312	51384	22650	83154	52275	79964	47618	40330	39163	30467	48079	72895	31241	72462	44627	52231	57228	62536	86957	26398	49378	23156	27390	22013	38467	20045	15946	62207	35742	47588	48750	86420	65412	
28511	32746	36224	36033	48367	22951	30320	28844	2512	18592	29930	14485	27119	19624	26720	4595	20130	54009	65022	60202	38591	0	30440	17535	23891	28310	19414	36158	27745	20832	24104	56134	45734	49911	15961	10032	20412	28244	26824	32313	41573	28696	5456	37227	39821	45043	36616	34144	33406	22034	18817	23434	18121	7408	41757	41305	40217	31489	15955	24306	20173	55526	13824	19134	39202	43307	40044	43125	27523	1612	12463	28663	45790	54033	41077	28129	35576	36393	38379	32759	27308	39505	50380	40446	3978	27644	20575	13880	26834	59338	31986	39471	33637	33301	32955	26845	15739	26951	28439	37862	47720	20979	37907	31653	41998	32661	33523	34092	32070	29414	9877	23048	33550	31692	29390	34013	22690	46663	44911	40773	64971	34049	57265	38806	25775	37704	18894	11962	32742	57362	29927	22579	21109	23072	9045	27526	57369	37050	48962	34567	26896	54927	20711	49270	58161	23365	37188	35861	21215	20413	46585	39126	31761	30060	12986	57952	13232	27791	41181	24746	62922	33403	36550	18412	17173	41077	5635	48287	50021	31174	30976	36581	47670	45875	29514	7132	9182	17497	29790	34899	18145	30414	33793	30418	37101	49946	41658	42412	37579	44989	40497	14593	38917	39170	64919	35980	16467	32131	41702	24032	51816	30965	40370	46214	35151	64875	53569	58877	42972	24414	40679	60561	41077	23269	32489	32564	35147	58548	12303	42218	43380	42436	16188	
61945	55515	77818	14057	89961	45444	52966	52210	30845	43557	52699	47621	54982	30632	49366	35218	11766	35083	87790	101797	24331	30440	0	46789	53276	8022	46669	63807	13920	55762	64782	38345	64713	71963	47739	36081	54553	49998	55743	57824	83496	67720	31303	59279	61575	26165	16328	74881	6404	42717	43273	46848	23218	33256	38843	63357	82140	73411	45506	31628	38119	36648	39872	44981	81125	24242	81966	65177	69446	30251	38310	39372	87712	75787	18204	7590	79091	78315	57358	67859	62877	61259	31315	82369	35077	17544	58962	38329	24801	41548	7824	13816	31605	24487	74560	48420	16837	22419	39148	15880	69772	38693	59959	18297	31338	13596	43772	55846	42779	51168	25574	28142	18050	53266	9102	55766	7627	65643	63890	64958	83950	61160	76245	80729	30870	19349	58668	38010	19331	26726	5882	48426	64756	48919	36911	3141	79421	58804	71014	60792	16796	76979	56883	71321	80213	40217	79110	57615	38067	46260	68339	29515	3028	66034	38833	35970	36625	69396	75634	14646	84974	56605	43491	36761	15022	18204	27781	70041	30956	26521	9621	13763	22016	67927	70250	33181	29672	62041	71712	76821	21594	71151	14728	43401	79023	38066	33014	33278	18514	41396	67853	49322	18629	81092	47129	77902	45556	55333	63456	47371	73570	70833	50423	70399	62507	47085	75621	80928	84895	39861	65470	41496	18204	11428	55691	12276	16082	80600	36240	23340	24502	84358	42236	
15653	17095	33129	53614	45273	8427	16220	11249	16193	3827	14279	3609	9347	14597	13526	21868	36120	50611	49371	57108	48851	17535	46789	0	6356	41273	1879	19356	37852	9247	20016	65129	49509	32292	1608	7961	2877	13065	11292	15498	37785	22954	12863	19608	24642	62581	48654	30116	53711	7751	3889	5899	18111	10695	35728	23686	36429	27701	3272	41843	8412	73064	5377	15346	35414	53405	36256	25506	23735	18944	12401	21218	42002	38854	53115	42379	33381	32605	55916	23407	18112	21995	60477	36659	20558	27418	9565	4434	27699	68332	55131	51509	32658	33291	28850	11666	26635	26941	20995	55400	30101	9900	20288	41761	45062	42758	18344	18913	22181	14235	18242	19920	43657	16513	41428	18834	37019	49159	50175	23238	67959	16430	60254	35019	19846	55241	7309	6631	32047	66357	42889	18791	17321	23831	19567	44759	39750	21871	31343	18466	37004	37308	9126	31650	40542	14277	33400	20682	12338	16625	27451	43838	45253	21269	8970	75490	12121	23686	23646	37532	45303	18224	21371	11335	26712	53115	17155	33108	60118	31164	43938	48619	59708	28255	25485	10620	13248	12644	26002	31111	20084	26386	43890	15239	33313	46412	39843	41765	47676	38960	22877	3191	49015	35382	73914	32192	1225	16952	26523	10816	36637	27177	25191	28679	17532	73870	35950	41257	39184	14431	23144	58332	53115	39929	17310	44602	45244	40929	6815	59756	60918	38648	7755	
9441	17116	27190	67250	39333	10167	16241	4210	22548	16438	14299	9965	9367	29686	13546	28835	42608	70301	49391	51168	55338	23891	53276	6356	0	47319	5247	13086	43898	3378	13588	71175	44026	34320	10402	14388	3965	15464	5022	14305	32302	20440	19290	21636	27041	79519	54700	23688	59757	9430	9356	6789	27451	17122	37948	25713	30946	22218	12066	47887	19006	90002	11804	14959	29931	59451	30773	27534	18252	27737	16574	23438	36519	41814	59161	48425	27898	27122	51314	17138	11684	24022	66523	31176	26601	36028	5812	13228	37039	74378	61177	57555	43843	42631	23367	13886	38728	36280	23215	69233	32129	20494	22316	47807	52204	48804	20564	21312	24401	16634	33652	32377	49703	18733	47474	21233	54164	43676	44692	21439	62476	17641	54771	29536	21928	72702	5315	13058	41387	72403	48935	16698	13563	21505	25994	50805	41778	24270	33370	17272	43050	39336	5372	33678	42570	15956	27917	23081	22932	15895	29479	48455	51299	14841	13447	89323	26672	18203	20115	43578	47331	19144	23591	21626	45368	59161	39166	35507	66164	40504	49984	54665	65754	30283	19057	19413	22042	8891	20519	25628	28597	19958	49936	17459	27830	48632	42063	58565	53722	41180	24333	11984	55061	29899	79960	26709	10018	18106	28923	12496	38546	19639	27590	26880	18987	79916	37978	43285	33701	16651	21950	76704	59161	45975	19562	50648	51290	42957	15609	76694	77856	33165	10199	
53952	49397	71700	21996	83844	39327	46848	46093	26968	37439	46581	41504	48864	24515	43248	32643	7889	28965	81672	95679	18213	28310	8022	41273	47319	0	40518	57657	7394	49612	58631	32194	89068	65812	41589	32139	48402	43848	49592	51674	77345	61569	27362	53128	55424	34000	8305	68730	14239	36567	37122	40697	22680	29314	32317	57206	75989	67261	39355	39463	31968	44483	42480	41039	74974	18092	75816	59027	63295	29521	34369	33221	81561	69637	12767	6832	72940	72165	66494	61708	56726	55108	25164	76218	31135	13602	52812	41736	20859	35397	15658	11160	24503	18251	68409	42269	15016	18477	32998	23715	63621	32542	53808	12061	24812	5893	37622	49695	36628	45017	28881	27606	11899	47116	1080	49616	10621	88718	89735	58808	107519	55010	99813	74578	30334	27184	52517	34069	13096	21289	2560	61741	58605	44977	32969	7262	73270	52653	64863	54641	10355	70829	50732	65171	74062	34067	72959	51464	31917	60620	62189	22989	4564	59883	34891	43805	30475	63245	69484	10704	78823	50454	37340	30611	11080	12767	23839	63890	24805	20285	3133	8271	19360	61776	64099	29239	25730	55890	65561	70670	23826	65000	7419	37250	72872	31915	26488	27128	12363	34869	61702	43171	10607	74941	40979	71751	39405	49182	57306	41220	67419	64682	44272	64249	56356	40935	69470	74778	78744	33711	59319	35345	12767	7486	49541	4254	9931	74450	37281	31175	32337	78207	57199	
17215	15217	34963	60642	47107	6549	14342	9371	18072	4242	12401	5488	7469	15095	11648	23746	36000	48733	47492	58942	48731	19414	46669	1879	5247	40518	0	18190	44139	7446	21752	71415	52189	30413	3487	9839	1915	11906	10125	13620	40466	24690	14741	17729	23483	64459	54940	31851	59998	5872	2908	4020	27691	12573	34389	21807	39110	30381	5150	43721	7775	74942	7255	17224	38095	59691	38937	23628	26416	20822	14279	19880	44682	37695	59401	48666	36061	35286	57795	22241	19847	20116	66763	39339	22436	36268	11443	6312	37279	74619	61417	57795	31181	42871	31530	10328	28513	36521	19656	69474	28222	9263	18409	48047	43723	49044	17006	17753	20843	13076	20120	19283	49943	15174	47714	17674	38897	51839	52856	21359	70640	14551	62934	37699	18370	57119	9187	8509	41627	72644	49175	20669	21726	25709	21445	51045	37871	20712	29464	16587	43290	35430	11004	29772	38663	12398	36080	19523	11701	18503	25573	42500	51539	23004	10848	89564	13999	26366	21767	43818	43424	15237	20032	10395	28590	59401	19033	31949	66404	40744	50225	54905	65995	26377	27220	12498	15126	14522	28682	33791	28837	28121	50176	13900	35993	45074	38505	58805	53962	37621	20999	5069	55301	38062	80200	34872	3103	14200	25364	8938	35477	27803	24032	26800	15653	80156	34071	39379	41865	13093	21265	56994	59401	46216	15930	50888	51530	39051	8693	61634	62796	41328	9634	
12538	28050	25176	77781	37319	23167	28292	11801	33700	26969	26350	24008	21787	40218	26242	39611	53139	80833	55367	49154	65870	36158	63807	19356	13086	57657	18190	0	53936	14666	12051	81212	42488	41068	21863	25234	16967	29168	8343	22698	30765	7826	31497	29738	43667	89556	64737	15604	69795	23134	23060	21056	37488	29329	51652	31764	29409	20680	29170	60094	29043	100039	22650	17576	28394	69488	29236	39617	16715	38106	26897	48029	34981	50175	69198	58463	26360	25585	49776	4524	9730	36105	76561	29638	38808	46065	15331	26932	47076	84416	71214	67592	53880	52668	21829	27590	48765	46318	47806	79271	35086	30531	34399	57844	62241	58841	34268	35016	38105	30338	43689	42415	59741	32437	57511	34937	64201	42138	43155	13521	60939	26034	53233	27998	45142	82740	16160	23904	51424	82441	58973	16962	18083	19968	38201	60842	50138	37974	40119	25586	53087	37672	14376	38243	42070	34495	26379	36785	32969	17311	41562	58493	61337	6573	23952	99361	36710	16665	11291	53615	49524	31436	37295	31663	55405	69198	49204	47199	76202	50541	60022	64702	75792	35592	16040	30695	31370	18410	16722	24090	38634	12388	59973	31163	26292	76137	61901	68602	63759	54884	27869	22195	65098	28361	89997	25171	23722	30189	42467	31035	45294	16623	41294	18698	25550	89953	41694	45281	32164	30355	21048	86741	69198	56013	32255	60685	61328	33661	25754	86731	87893	31627	19718	
50531	45977	68280	27893	80423	35906	43428	42672	26403	34019	43161	38083	45444	21094	39828	32077	7324	26136	78252	92259	11257	27745	13920	37852	43898	7394	44139	53936	0	46762	55781	32268	86219	62963	38739	31706	45553	40998	46743	48824	74495	58720	26928	50279	52574	39191	10911	65881	19430	33717	34273	37847	19830	28880	24891	54356	73139	64411	36506	44654	29118	49674	39631	40606	72124	14260	72966	56177	60445	29088	33935	30371	78712	66787	16705	10137	70091	69315	66061	58858	53877	52259	21333	73368	30702	10905	49962	38886	15558	35471	20849	15826	19010	10792	65560	39420	15911	10986	30148	28906	60772	29693	50959	4773	17386	6437	34772	46845	36729	42168	26031	24757	6628	44266	6563	46766	15372	85869	86885	55958	104669	52160	96964	71729	27484	32375	49667	42347	5807	33496	8608	58891	55756	44544	32536	12013	70421	49804	62013	51791	3710	67979	47883	62321	71213	31217	70110	48615	29067	57770	59339	15563	10972	57034	34458	48996	27625	60396	66634	8857	75974	47605	38420	27761	10647	16705	23406	61041	20974	12997	9657	12937	24026	58926	61250	28806	25297	53041	62712	67821	16607	62151	4746	34401	70023	22377	19062	14843	8532	27444	58853	40322	11964	72092	41053	68902	36555	46333	54456	38370	64569	61832	42498	61399	53507	41009	66621	71928	75894	30861	56470	31514	16705	10791	46691	8920	6100	71600	34432	36366	37528	75358	54349	
