//--------------------------------------------------------------------------------------------------------------------
//-- données sur la Marne récupérés par le géocodeur (matrice symétrique)
//-- 
//-- C. Duhamel, P. Lacomme C. Prodhon - juillet 2009 : 25722 kg à collecter, flotte de capa 50500
//--------------------------------------------------------------------------------------------------------------------
128 3 999999 0 0 0
10 1000 100 2.5
12 1500 80 5.2
5 4500 180 6.2
0   // la ville qui represente le depot
0	92461	14745	46123	11476	24970	20514	46077	12157	23267	33624	37057	28128	11908	67103	49042	45511	3799	38480	30053	28437	36443	47860	88424	20871	33749	4872	105630	73217	54427	22670	46257	37754	55637	23287	53831	25581	29450	22245	58194	27317	76550	21917	53274	55956	63123	87072	29239	38455	24705	50690	43475	10317	45332	12879	35327	46555	69653	27730	30575	13444	59499	49512	16777	22505	16501	41870	104908	26799	42162	15541	14858	81269	40152	60275	38599	21469	15027	27894	39107	38649	25432	19961	46902	78987	24975	80876	18315	41528	28079	45045	20698	17754	27191	20051	54873	35395	98845	33976	26131	30377	77723	46391	67718	32716	83830	26914	65565	31069	35668	22946	70355	33484	8674	47130	14658	32364	62777	34574	12580	10244	82687	42349	22267	6108	62118	59876	45492	34687	
92461	0	62902	132341	67001	53708	67060	132236	107844	126891	119372	123216	117630	64628	72580	135201	131670	72008	124639	117464	65328	122600	75127	101682	65225	61053	88912	12667	21214	140584	111497	132414	75591	75512	56387	89940	67555	65350	65952	65600	62531	30628	62163	29640	96850	73938	13680	55359	124612	68114	136847	129634	84983	131489	84716	73164	75020	137939	49477	120078	96201	68328	135669	80486	64099	80209	64608	9822	66495	66904	61335	80209	95317	126309	43741	45533	99577	99659	57592	125264	65421	50968	57268	47369	92245	59533	14899	61815	69605	122394	131202	120632	72291	115083	117259	76998	121551	6946	58655	68555	68214	86190	132548	136003	68600	97088	75763	17599	117238	109336	113303	84644	119641	67867	64740	111858	73120	70373	47362	124142	79684	150973	79116	78206	105352	75376	71386	131651	120846	
14745	62902	0	53870	16189	11384	15347	50719	29026	39642	48823	41699	32780	7408	72702	53685	50153	10068	43122	35947	23316	41095	37481	82296	10491	22540	7863	77072	43788	59079	27322	50909	33578	49508	12907	48310	19803	23167	17078	47815	16938	66171	17911	36477	55545	74060	57643	15653	43107	19753	55342	48117	4982	49984	15388	31151	40427	78581	14144	35227	22809	68451	54163	21429	15738	21153	30443	76350	18851	31782	10523	10852	75141	44804	49895	28220	30833	24391	17515	43759	28269	11845	9581	36522	72859	14595	51447	5258	35400	44453	49697	36657	20263	33578	24703	48745	40046	69416	23596	23731	26201	86312	51043	76646	26587	77702	27548	55186	35721	49978	31594	64227	38136	5928	36751	30618	26081	38954	20987	21957	19835	91615	39238	29991	18338	55990	71509	50135	39329	
46123	132341	53870	0	44237	62027	43819	9980	32007	24854	27160	11596	24923	51746	115669	8023	3990	45108	14609	17538	63286	28913	55978	123273	57928	71353	50571	144590	112177	19659	27626	9921	72603	90486	60344	36880	44002	44508	40331	59658	45832	138072	62388	92234	35666	97973	126032	53622	24783	41738	15922	13009	55534	26722	65174	66857	81404	101430	64788	31016	44949	111417	10807	34479	42251	36998	74920	143868	45220	58978	52598	62946	116118	18703	85444	81840	48858	44331	48036	30654	61208	62489	57018	77622	113836	46842	119836	58194	76378	24874	25099	29148	59841	17544	33388	89723	17046	137805	70093	60980	65226	112572	17159	99494	67565	118679	31966	127490	28765	57675	29432	105205	25873	49641	61486	36468	61801	53130	71631	32658	35672	114464	54183	28607	37646	96967	94726	14883	12209	
11476	67001	16189	44237	0	15557	6669	45142	18104	30712	44016	36122	24122	6919	85550	48107	44576	7677	37545	30370	31935	35517	32930	104121	11457	35388	14195	78038	47962	53502	21745	45332	53451	71334	13873	38726	17687	21556	9087	42426	11482	67137	30759	40651	45962	78820	61817	19826	37529	15974	49765	42540	19364	40558	21721	51024	62252	85350	18317	26570	29142	81299	48586	15851	9347	15575	43291	77316	18905	32730	4028	23700	96966	39227	50861	29186	37166	30724	18481	38182	29217	16018	10547	37488	94684	15561	55620	11723	57225	35802	44120	24454	26595	28001	18935	70570	34469	73589	24562	30063	46074	93420	45466	83415	48413	99527	14220	56152	30143	51365	26017	86052	32559	10158	37698	21967	24469	39902	25161	18412	15050	98384	29655	16662	18939	77815	75573	44557	33752	
24970	53708	11384	62027	15557	0	14655	58272	31235	43843	61361	49252	34266	13124	72487	61238	57706	20504	50675	43500	37175	48648	33725	96155	7895	32899	20400	67101	34688	66632	34875	58462	47437	63368	1990	47618	16155	19411	16387	41151	11131	60583	28270	27377	54854	73845	48543	4442	50660	19061	62895	55670	17952	57537	27926	45010	54286	91550	4707	36714	35347	68235	61717	28982	15047	28706	43226	66379	15095	28026	9831	23821	89000	52357	43231	18586	43371	36929	10851	51312	23699	4052	5764	29858	86718	7852	42347	10311	49259	48933	57250	37584	32800	41131	32256	62604	47599	60316	16932	36268	40060	86097	58596	89615	40447	91561	24364	44480	43274	62948	39147	78086	45689	16363	32995	35097	22325	35198	10241	31543	28181	104584	38547	26806	30875	69849	71293	57688	46882	
20514	67060	15347	43819	6669	14655	0	48677	23874	36482	49785	32346	23635	8436	87067	51643	39349	13447	41081	33482	33452	34664	27648	105638	10465	36905	15712	70262	46946	52648	27514	44478	54968	72851	12858	34587	6906	10775	3570	31645	7191	59361	32276	39635	41823	80337	56707	14565	31965	6030	48911	46076	18349	36419	23238	52541	63769	86867	17302	26082	30659	82816	47732	21621	3830	21345	44808	69540	8124	21949	4888	25217	98483	38373	43086	21410	38683	32241	10705	37328	18436	15003	9532	29713	96201	7786	54605	10708	58742	41572	43266	30223	28112	26625	18447	72088	33615	72615	16787	31580	47591	94937	44612	84932	49930	101044	13732	48376	33537	52882	31786	87569	31705	11675	26918	27737	13689	29121	24145	24182	20820	99901	25516	16174	26187	79332	77090	48093	37288	
46077	132236	50719	9980	45142	58272	48677	0	36278	19542	19096	14217	29974	48061	115591	3550	10901	41422	11342	19257	63209	34943	64126	123196	54243	71275	46886	144513	112100	26984	23940	17246	72526	90409	56659	52332	49053	49559	45382	67806	50883	137994	62310	92156	54456	97895	125955	62611	36955	46789	23247	4945	51849	43832	54412	66780	81327	101352	61102	32421	59614	111340	18132	30794	47302	33313	74842	143790	50271	67126	48913	62868	116041	26028	93593	71971	62990	48602	61266	37607	69356	58804	53333	85770	113759	58347	119758	54509	76300	16810	43545	33419	59763	27427	29703	89645	26559	137727	67348	60903	65149	112495	24484	99417	67488	118602	37017	127413	28687	72749	25746	105127	31984	45955	69634	40738	51952	61278	67946	36929	39943	114386	62331	33658	41917	96890	94648	6819	13394	
12157	107844	29026	32007	18104	31235	23874	36278	0	14583	24316	24683	20826	20251	68850	36668	33136	13613	26106	17678	30184	25796	54978	90171	27134	35496	21541	119375	86962	33445	14793	25275	39501	57384	29551	43184	30647	34516	27311	58658	33581	112857	37173	67019	45308	64870	100817	35503	27807	29771	29707	31101	26985	34685	21966	37074	48302	71401	33994	23274	13634	61246	28529	11061	27571	8353	43617	118653	31865	57978	21805	31527	83016	29505	66538	44863	21659	13108	34158	28460	60209	31696	26225	53165	80734	31238	94621	27400	43276	18771	34398	8324	26739	14816	14335	56621	24747	112589	40240	27878	32124	79470	25409	69465	34463	85577	27869	102275	19539	30888	10572	72102	22837	18146	60486	4935	37429	52130	40838	5117	3998	84435	53183	24510	6049	63865	61624	33118	22313	
23267	126891	39642	24854	30712	43843	36482	19542	14583	0	14347	18010	24360	33640	79705	22499	20935	27002	12327	11119	41039	29329	58512	101027	39822	46352	32396	138898	106485	35183	18326	27013	50357	68239	42238	46718	43438	43945	39768	62192	45269	132380	56696	86542	48842	75726	120340	48191	31341	41175	31446	17110	37840	38218	32821	38822	59158	59011	46682	26807	21823	72101	30268	17321	41688	16039	54473	138176	44656	61512	34492	57254	93872	33038	87978	57550	21706	17179	46845	31993	63742	44383	38912	80156	91590	43926	114144	40088	54131	8802	37931	9887	37594	18350	24089	67476	28281	132113	52927	38733	42980	90325	27147	93802	45318	88471	31403	121799	23073	29398	17912	82958	26370	31535	64020	9316	46338	55664	53525	15087	18101	64652	56717	28044	17187	74720	72479	15888	13788	
33624	119372	48823	27160	44016	61361	49785	19096	24316	14347	0	27169	33344	49451	82992	21872	29291	37202	20683	22470	44326	43593	72776	94926	50307	49638	42416	132527	100114	44002	32590	35832	48031	71526	52723	60982	52423	52930	48753	76456	54253	126009	50324	80171	63106	79012	113969	58676	45605	50160	40264	16483	47860	52482	42841	43554	62444	52398	57167	35792	31843	75388	36644	30722	50672	29440	57759	131805	53641	75776	44977	50882	92399	37510	102242	68035	23195	27198	57330	46257	78006	54868	49397	94420	88475	54411	107772	55858	57417	5905	52195	22934	40881	26530	38353	70763	32386	125741	63412	42020	46266	93612	35966	60709	48605	89171	40387	115427	37337	24932	31313	86244	40634	46217	78284	19335	55323	69928	64010	28488	27078	58039	70981	37028	27206	78007	75766	19199	22144	
37057	123216	41699	11596	36122	49252	32346	14217	24683	18010	27169	0	13307	39427	106957	13686	7879	32788	8797	6817	54575	14426	44283	114562	45609	62641	38252	135878	103466	18846	15306	13766	63892	81775	48025	33684	32386	32892	28716	47963	34216	129360	53676	83522	35808	89261	117321	53977	18307	30122	19767	17660	43215	25184	45778	58146	72693	92718	52468	12960	32422	102706	14652	22160	30635	24679	66208	135156	33604	47283	40279	54234	107407	12354	73750	48850	36331	31804	36420	18959	49513	50170	44699	65927	105125	35226	111124	45875	67666	24755	24897	16621	51129	5928	21069	81011	7231	129093	58398	52268	56515	103861	10810	90782	58854	109968	20350	118779	20053	45148	17112	96493	11467	37321	49791	23941	50107	41435	59312	20131	23145	105752	42488	16991	25119	88256	86014	19677	6987	
28128	117630	32780	24923	24122	34266	23635	29974	20826	24360	33344	13307	0	30244	101315	32516	20223	23605	21954	14356	48932	15537	27265	108919	29860	56999	29069	130236	97823	33521	5971	25351	58249	76132	33005	24595	23932	24438	20262	48399	25762	123718	48034	77880	29007	83619	111678	33552	10162	21668	19661	26949	34032	18383	36595	52503	67050	87076	39971	2779	45338	97063	28606	12977	22181	15496	60566	129514	25150	32255	26914	48592	101764	13601	60411	40397	48714	32706	27966	12158	35462	37672	32201	50465	99482	26772	105482	33377	62024	33933	18096	17524	45487	7498	10384	75369	8297	123451	37539	46626	50872	98218	14673	85140	53211	104325	11896	67363	14411	58473	10243	90851	4065	28138	50227	24843	26831	41871	46814	21033	20805	100110	18158	8537	26022	82613	80372	28966	18161	
11908	64628	7408	51746	6919	13124	8436	48061	20251	33640	49451	39427	30244	0	78631	50996	47465	7380	40434	33259	25016	38407	35952	97202	8963	28469	7276	75543	45467	56391	24634	48221	46532	64415	11379	41354	13673	17542	10337	46286	15409	64642	23840	38156	48590	71901	59322	17331	40418	12797	52654	45429	12239	47295	14802	44105	55333	78431	15822	32539	22223	74380	51475	18740	10597	18464	36372	74821	14891	30254	3633	16781	90047	42116	48367	26691	30247	23805	15986	41071	26741	13524	8053	34994	87765	13067	53126	9229	50306	43867	47009	27343	19676	30890	22014	63651	37358	71094	22068	23144	39155	86501	48355	76496	41494	92608	20499	53657	33032	44446	28906	79133	35448	3239	35223	30031	20456	37426	22666	19269	17147	91465	32283	22941	17751	70896	68654	47446	36641	
67103	72580	72702	115669	85550	72487	87067	115591	68850	79705	82992	106957	101315	78631	0	118700	115168	68665	108137	100962	40842	106098	135281	38669	81777	35421	72410	85636	53223	124082	94995	115913	42650	12499	84193	123487	91088	94453	88364	97837	88223	79118	40389	49079	125611	10570	67078	74798	108110	91038	120345	113132	68481	114987	52563	48113	21580	66732	68916	103576	59196	6883	119167	101849	87024	75156	27726	84914	90137	103068	82492	63707	32303	109807	92231	77070	63646	64272	88800	108762	99555	70407	80867	84471	29232	85881	60882	76544	27210	84333	114700	76538	47229	98582	100758	20952	105050	78850	94882	45602	39683	21055	116046	64103	35278	34075	108172	68536	100736	62349	96801	21631	103139	75625	96977	70498	97367	132433	66801	71954	70237	76402	133486	104813	66414	12363	8373	115150	104344	
49042	135201	53685	8023	48107	61238	51643	3550	36668	22499	21872	13686	32516	50996	118700	0	8944	44390	14309	19562	66176	37911	67093	126163	57210	74243	49854	147480	115067	25458	26908	15721	75493	93376	59626	55299	52020	52526	48350	70773	53850	140962	65278	95124	57423	100862	128922	65579	39922	49756	21721	7913	54816	32521	57379	69747	84294	104319	64070	35389	62582	114307	16606	33761	50269	36280	77809	146758	53238	70093	51880	65836	119008	24503	96560	74938	65958	51569	64234	40575	72324	61771	56300	88737	116726	61314	122726	57476	79267	19778	30899	36386	62730	18672	32670	92613	20672	140694	70315	63870	68116	115462	22958	102384	70455	121569	39984	130380	31654	75717	28714	108094	34952	48923	72601	43706	54919	64245	70913	39896	42910	117353	65298	36625	44884	99857	97615	9786	12796	
45511	131670	50153	3990	44576	57706	39349	10901	33136	20935	29291	7879	20223	47465	115168	8944	0	41391	10892	13821	63177	26696	53760	123164	54211	71244	46855	144481	112068	17442	23909	7704	72494	90377	56627	34663	39389	39896	35719	57440	41219	137963	62279	92125	33448	97864	125923	62580	22566	37126	13704	13568	51818	24504	54380	66748	81295	101320	61071	28798	39426	111308	8589	30763	37638	33281	74811	143759	40607	56760	48882	62837	116009	16486	83227	79623	43335	38807	43423	28437	58991	58772	53301	75405	113727	42229	119727	54477	76269	25234	22882	23625	59732	12931	29671	89614	14829	137696	67876	60871	65117	112463	14942	99385	67456	118570	27353	127381	28656	52151	25715	105096	23656	45924	59268	30944	59584	50912	67914	27135	30148	114354	51965	23994	32123	96858	94617	15953	8492	
3799	72008	10068	45108	7677	20504	13447	41422	13613	27002	37202	32788	23605	7380	68665	44390	41391	0	33846	26671	29992	31818	41000	89979	16749	27401	6208	83330	74072	49803	18046	41633	39309	57192	19165	49207	20261	24131	16926	43984	23196	72429	22772	54128	51331	64679	87927	25118	33830	19386	46066	38841	11171	40707	13734	36882	48110	71209	23609	25951	15000	73312	44887	12152	17186	11876	35304	82607	21479	34288	11419	15713	82824	35527	56153	34477	23025	16582	23773	34482	30775	21310	15839	42780	80542	20853	81730	17015	43084	31667	40420	20755	18608	24302	15426	56429	30770	99699	29854	22076	31932	79278	41767	69273	34271	85385	22289	61444	26444	37224	22318	71911	28859	5277	39257	17475	27044	58153	30452	12681	10559	84243	37724	17642	9695	63673	61432	40858	30053	
38480	124639	43122	14609	37545	50675	41081	11342	26106	12327	20683	8797	21954	40434	108137	14309	10892	33846	0	7787	54691	26426	55608	114678	45725	62758	38369	135995	103582	26915	15423	18746	64009	81891	48142	43814	40535	41042	36865	59289	42365	129477	53793	83639	45939	89378	117437	54094	28438	38272	23178	10875	43332	35315	45894	58262	72809	92835	52585	23904	51097	102822	18141	22277	38785	24795	66325	135273	41753	58608	40396	54351	107524	20424	85075	63454	54473	29539	52749	29090	60839	50287	44815	77253	105241	49829	111241	45991	67783	18384	35028	15823	51246	10839	21186	81128	15300	129210	58830	52385	56631	103977	18879	90899	58970	110084	28500	118896	20170	64232	17229	96610	23467	37438	61117	21676	43435	52760	59429	19333	22347	105869	53813	25141	24321	88372	86131	12892	3641	
30053	117464	35947	17538	30370	43500	33482	19257	17678	11119	22470	6817	14356	33259	100962	19562	13821	26671	7787	0	42155	19753	48936	102142	38048	56085	33511	129323	96910	24064	8750	15894	51472	69355	40465	37142	32324	32830	28654	52616	34154	122805	47120	76967	39266	76841	110765	46417	21765	30060	20327	15959	38956	28642	33936	51590	60273	86162	44908	15692	25605	96150	19149	15547	30573	14266	55588	128601	33542	51936	32719	47678	94987	17572	78403	55777	29514	24987	45072	22418	54166	42610	37138	70580	92705	42152	104568	38314	55246	19977	28356	9804	38709	6431	14513	68591	12449	122537	51153	39849	44095	91441	16028	84227	46434	97548	20288	112223	13497	38330	10556	84073	16795	29761	54444	17123	35223	46088	51752	13314	16328	99196	47141	16929	18302	75836	73594	17977	6681	
28437	65328	23316	63286	31935	37175	33452	63209	30184	41039	44326	54575	48932	25016	40842	66176	63177	29992	54691	42155	0	53409	82591	62262	31121	7542	29923	79558	47145	71393	42305	63223	11547	29475	33537	70797	41210	45079	37874	86271	37568	73039	11189	37098	72921	36962	61000	41725	55420	40334	67656	60443	17825	62297	13581	9120	20393	53608	35159	50887	20214	33337	66477	49159	38134	36174	15663	78836	42428	85591	31170	13051	55107	57118	70304	53442	24665	25290	38145	56073	48899	35312	30211	60842	52825	35225	54803	25888	15367	45352	62011	37556	8248	45892	48068	28712	52360	72772	44226	5286	4170	51561	63357	51673	6554	57668	55482	62458	48046	23367	44111	44194	50450	24303	88099	31517	47992	79743	37960	32972	31256	52041	80796	52123	27433	35956	33715	62460	51655	
36443	122600	41095	28913	35517	48648	34664	34943	25796	29329	43593	14426	15537	38407	106098	37911	26696	31818	26426	19753	53409	0	45154	122456	53672	70535	46316	143773	111360	17984	23370	9814	71786	89669	56088	34555	43836	44342	40166	48834	45666	137255	61571	91417	36679	97155	125215	53456	19178	41572	14247	25843	51278	26055	64357	66040	80587	100612	60532	20192	58875	110600	13069	30223	42085	32742	74102	143051	45054	48154	48342	62128	115301	11492	74621	71016	62251	36763	47870	19830	50384	58233	52762	66798	113019	46676	119019	53938	75560	33710	19395	21580	59023	9976	29132	88906	7529	136987	59269	60163	64409	111755	9948	98677	66748	117862	31800	126673	27947	72010	25176	104387	15050	45385	50662	28900	50978	42306	67375	25090	28104	113646	43359	28441	30078	96150	93908	27861	15167	
47860	75127	37481	55978	32930	33725	27648	64126	54978	58512	72776	44283	27265	35952	135281	67093	53760	41000	55608	48936	82591	45154	0	141532	25604	89611	36620	73690	57312	51006	42445	42836	90862	108744	27826	20965	15452	13086	20145	16097	19150	57309	80646	56932	29299	116231	60135	27726	38253	18164	47269	59561	36762	25418	44145	85116	99663	119688	34254	26513	77950	129676	46090	49299	20701	51818	93178	72968	18255	5900	25795	42631	134377	39951	34056	28762	81326	65742	20649	38906	8130	33416	27945	24544	132095	22589	64591	29121	94636	66968	29045	50559	78099	37712	33770	107981	36036	76043	17015	79238	83484	130830	42970	117752	85823	136938	25808	51804	47023	91085	44251	123463	34125	32583	10868	57879	8723	11185	32010	54069	57083	132722	11833	31497	59057	115225	112984	61578	50773	
88424	101682	82296	123273	104121	96155	105638	123196	90171	101027	94926	114562	108919	97202	38669	126163	123164	89979	114678	102142	62262	122456	141532	0	97130	65781	90554	114776	82363	132023	102936	123854	52871	34148	99546	131427	101840	105709	98505	146902	103577	108258	69466	78219	133552	29281	96219	100002	116051	100965	128286	121073	78367	122928	74212	60600	42772	53156	93437	111517	72613	36023	127108	109790	98765	96805	58086	114054	103058	146222	91800	73593	9233	117748	121371	106211	75989	85921	104153	116703	114908	93589	96220	113611	10272	101234	90022	86430	48859	105982	122641	98187	68878	106523	108699	34854	112991	107991	110235	67251	61332	32364	123987	50527	56927	7420	116113	97677	108677	70178	104742	19868	111080	84933	148730	92147	108623	140374	95941	93603	91886	64471	141427	112754	88063	28260	30522	123091	112285	
20871	65225	10491	57928	11457	7895	10465	54243	27134	39822	50307	45609	29860	8963	81777	57210	54211	16749	45725	38048	31121	53672	25604	97130	0	31352	16242	68306	42146	62474	30717	54304	42389	58320	6513	39618	11111	14476	8900	32787	8172	57405	26722	34835	46854	82872	54750	8202	36996	11061	58737	51512	13794	41450	23768	39962	49238	87393	12164	31207	31189	77262	57559	24824	7047	24548	39254	67584	10160	23091	5673	19663	83952	48199	41129	19454	39213	32771	8749	47154	19578	10448	4977	27756	81670	6925	49804	6153	44212	44775	53092	33426	28642	31750	23572	57557	43442	70659	14830	32110	35012	95124	54438	85457	35399	86513	18857	46420	39116	58790	34989	73038	41531	12206	28060	30939	17389	30263	17699	27385	24023	100427	30546	21299	26717	64801	80320	53530	42725	
33749	61053	22540	71353	35388	32899	36905	71275	35496	46352	49638	62641	56999	28469	35421	74243	71244	27401	62758	56085	7542	70535	89611	65781	31352	0	20347	72781	40368	78358	49271	70188	17840	33771	30466	77762	39025	42390	36301	67431	36161	66263	4412	30322	79887	41257	54223	34948	62386	38975	74621	67408	16418	69263	16151	15413	24689	75713	28383	57852	33976	30868	73443	37192	34961	36916	13629	72059	38074	51005	30429	11644	59403	64083	63528	46665	37351	31583	36737	63038	47492	28535	28804	54065	57121	33818	48026	25568	19662	51645	68976	58406	14541	52858	55034	33008	59326	65995	42819	10804	10463	50848	70322	73778	10850	61964	62448	55681	55012	29660	51077	48489	57415	23562	55974	37809	45304	86708	31183	39265	37549	58334	87762	59089	33726	40252	38010	69425	58620	
4872	88912	7863	50571	14195	20400	15712	46886	21541	32396	42416	38252	29069	7276	72410	49854	46855	6208	38369	33511	29923	46316	36620	90554	16242	20347	0	101166	68753	55491	23734	47321	30480	48363	18823	54895	21117	24986	17782	53730	22854	72086	17454	48810	57020	55849	82608	24776	39519	20242	51754	44529	5853	46396	7944	28053	39281	71449	23267	31639	15240	67994	50575	17841	18042	17564	29985	100444	22335	37698	11077	10394	73995	41216	55811	34135	23265	16822	23430	40171	34185	20968	15497	42438	71713	20511	76412	13851	34254	36884	46109	29089	12818	29990	21114	47599	36458	94381	29512	16286	23103	70449	47455	69513	25442	76556	27978	61101	32133	37464	28006	63081	34548	4210	42667	23049	27900	44870	30110	18369	16247	84483	39727	23330	10769	54844	52602	46547	35741	
105630	12667	77072	144590	78038	67101	70262	144513	119375	138898	132527	135878	130236	75543	85636	147480	144481	83330	135995	129323	79558	143773	73690	114776	68306	72781	101166	0	34557	153919	124832	145749	88926	88847	68355	93525	71140	68935	69538	69185	66116	25665	75498	42975	100436	87273	21659	68254	137947	71699	150182	142969	98318	97979	98051	86499	88355	151274	62812	91699	109537	81663	149004	91725	67685	91448	77943	2980	70080	70489	72574	93544	108652	139644	45839	49118	112912	112994	61178	138599	69007	64303	71878	50955	105581	63118	32103	73054	82940	135730	144537	133967	85626	128419	84064	90334	134887	9767	62240	81890	81549	99525	145883	149339	81936	110424	79349	21184	130573	122671	126638	97979	132976	79106	68325	125193	76705	73958	58652	94285	90924	164308	82701	81791	93618	88711	84721	144986	134181	
73217	21214	43788	112177	47962	34688	46946	112100	86962	106485	100114	103466	97823	45467	53223	115067	112068	74072	103582	96910	47145	111360	57312	82363	42146	40368	68753	34557	0	120711	91624	112541	55718	55639	36514	120115	50742	54107	48018	53139	44529	28700	42290	9767	122240	54065	15860	35486	104739	50692	116974	109761	65110	111616	64843	53291	55147	118066	29604	100205	76328	48455	115796	60613	46678	60336	44735	34496	49791	54443	41462	60336	75444	106436	41813	37759	79704	79786	43535	105391	51364	31095	37395	34908	72372	41249	7105	41942	49732	102521	111329	100759	52418	95211	97386	57125	101679	27632	44597	48682	48341	66317	112675	116130	48727	77215	58488	18119	97365	89463	93430	64771	99768	47994	52279	91985	57020	57912	27489	104269	59812	131100	66655	101442	85479	55503	51513	111778	100973	
54427	140584	59079	19659	53502	66632	52648	26984	33445	35183	44002	18846	33521	56391	124082	25458	17442	49803	26915	24064	71393	17984	51006	132023	62474	78358	55491	153919	120711	0	30562	12796	78979	96861	63281	25502	51029	51535	47358	56027	52859	144447	68763	98609	22999	104348	132408	60648	21152	48765	9754	34798	58471	18048	71549	73233	87780	107805	67724	27384	66067	117793	11032	37416	49278	39935	81295	150243	52246	55346	55535	69321	122494	15072	81813	78209	69443	53859	55063	27023	57577	65426	59955	73991	120212	53869	126211	61131	82753	55085	15336	38676	66216	18928	36325	96098	17362	144180	66462	67355	71602	118947	13528	105869	73940	125055	38993	133866	35140	79202	32368	111580	22242	52577	57855	45996	58170	49498	74568	42186	45200	120839	50552	35634	47174	103342	101101	36816	24595	
22670	111497	27322	27626	21745	34875	27514	23940	14793	18326	32590	15306	5971	24634	94995	26908	23909	18046	15423	8750	42305	23370	42445	102936	30717	49271	23734	124832	91624	30562	0	23583	52233	70116	34168	31157	27878	28384	24207	46631	29708	117702	42018	71864	33281	77602	105662	40121	15780	25614	28016	20791	29358	22657	31921	46487	61034	81059	38612	11246	27590	91047	26837	8303	26127	10822	54549	123498	29096	45951	26422	42575	95748	17477	72418	49480	42698	26972	38776	16432	48181	36313	30842	64595	93466	35856	99465	32018	56007	28198	22370	11789	39470	6252	7212	69353	12720	117434	44857	40610	44856	92202	23717	79124	47195	98309	15842	107120	8394	52457	4267	84834	10809	23465	48459	19108	30777	40103	45455	15299	18313	94093	41156	12483	20287	76597	74355	22808	12003	
46257	132414	50909	9921	45332	58462	44478	17246	25275	27013	35832	13766	25351	48221	115913	15721	7704	41633	18746	15894	63223	9814	42836	123854	54304	70188	47321	145749	112541	12796	23583	0	70744	88626	55046	33512	42793	43300	39123	47792	44624	136212	60528	90374	35636	96113	124172	52413	12917	40530	9076	19996	50236	25013	63314	64998	79545	99570	59489	19149	57832	109558	3978	29181	41043	31700	73060	142008	44011	47111	47300	61086	114259	6837	73578	69974	61208	45624	46828	18788	49342	57191	51720	65756	111977	45634	117976	52896	74518	46850	14739	30441	57981	10693	28090	87863	9127	135945	58227	59120	63367	110712	5293	97634	65705	116820	30758	125631	26905	70967	24133	103345	14007	44342	49620	37761	49935	41263	66333	33951	36965	112604	42316	27399	38939	95107	92866	22014	14920	
37754	75591	33578	72603	53451	47437	54968	72526	39501	50357	48031	63892	58249	46532	42650	75493	72494	39309	64009	51472	11547	71786	90862	52871	42389	17840	30480	88926	55718	78979	52233	70744	0	31477	46585	80519	50932	54801	47596	95994	49174	82381	20531	46440	82644	38964	70341	51067	65143	50056	77378	70165	29432	72020	23303	7106	22395	34642	44501	60609	25723	31999	76200	58882	47857	45896	22823	88177	52150	95313	40892	24658	47375	66840	79646	62783	29098	35012	49751	65795	60505	44654	41817	70184	43452	46831	64145	37494	14706	55074	71733	47279	17970	55615	57790	26796	62083	82114	55832	16343	11529	53563	73079	35411	15896	46979	65205	71800	57769	23287	53834	46196	60172	34025	97822	41239	57715	89465	47302	42695	40978	42682	90518	61846	37155	37958	35717	72182	61377	
55637	75512	49508	90486	71334	63368	72851	90409	57384	68239	71526	81775	76132	64415	12499	93376	90377	57192	81891	69355	29475	89669	108744	34148	58320	33771	48363	88847	55639	96861	70116	88626	31477	0	66037	97918	68331	72200	64995	113392	70067	85891	35957	55852	100043	12252	73851	66493	82542	67455	94777	87564	44858	89419	40702	36253	13989	80729	59927	78008	47336	8968	93598	76280	65255	63295	24577	91687	69549	112712	58291	40084	30398	84239	99004	78210	51786	52411	70644	83194	81399	60080	62711	85610	28116	67725	67655	52921	15350	72473	89132	64678	35369	73013	75189	9092	79481	85623	76726	33742	27823	26851	90478	56955	23418	32959	82603	75309	75167	50488	71233	19484	77571	51424	115220	58638	75114	106864	62728	60094	58377	69255	107917	79245	54554	11247	9005	89581	78776	
23287	56387	12907	60344	13873	1990	12858	56659	29551	42238	52723	48025	33005	11379	84193	59626	56627	19165	48142	40465	33537	56088	27826	99546	6513	30466	18823	68355	36514	63281	34168	55046	46585	66037	0	45989	14773	18029	14757	39769	9750	58125	29251	30135	53224	85400	51300	7179	49030	17432	61265	54040	16322	55907	26296	42490	51766	89921	7243	37577	33717	79790	60087	27352	13417	27076	41782	68304	13713	26644	8202	22191	86480	50727	41849	20174	41741	35299	9469	49682	22317	5502	4134	28476	84198	6470	45104	8681	46740	47303	55620	35954	31171	39502	30626	60085	45970	63073	15550	34638	37540	97652	56966	87985	37927	89041	25227	47140	41644	61318	37517	75567	44059	14734	31613	33468	20943	33816	12777	29913	26551	102955	36917	27670	29246	67329	82849	56058	45253	
53831	89940	48310	36880	38726	47618	34587	52332	43184	46718	60982	33684	24595	41354	123487	55299	34663	49207	43814	37142	70797	34555	20965	131427	39618	77762	54895	93525	120115	25502	31157	33512	80519	97918	45989	0	31305	30235	32177	30181	38781	76941	71162	101008	8780	106747	79766	47357	16235	28705	21415	50077	51251	10115	73948	75631	90178	110203	50204	22104	68466	120191	28276	39815	32824	42333	83694	92599	32523	25531	37856	71720	124892	24189	53687	48393	71842	56258	40281	16036	27761	47905	42434	44175	122610	42221	84223	43610	85152	57484	15180	41075	68615	28228	38724	98497	25502	95675	36646	69754	74000	121346	25261	108268	76339	127453	26729	71436	37539	81601	34767	113978	24201	44643	32009	48394	28355	23653	51641	44585	47599	123237	13981	29929	49573	105741	103500	52094	41289	
25581	67555	19803	44002	17687	16155	6906	49053	30647	43438	52423	32386	23932	13673	91088	52020	39389	20261	40535	32324	41210	43836	15452	101840	11111	39025	21117	71140	50742	51029	27878	42793	50932	68331	14773	31305	0	4127	4951	24997	6350	60225	35831	44189	38534	85585	57570	15436	28676	2970	49040	46205	22902	33130	28486	57789	69017	106332	21855	26211	35906	86370	47861	22829	5104	27002	48362	70404	3250	15301	10136	28771	103731	38502	43306	22273	43931	37489	9850	31108	11788	19556	14085	26791	101449	8656	59158	15261	63990	53188	33534	36779	33360	26754	18577	77335	33744	73479	13865	36828	52839	104232	44741	104396	55178	106292	13861	49240	33667	77729	28732	92817	31834	16923	20270	34413	7041	22473	27942	29839	27497	119366	22227	16303	31435	84580	82338	48222	37417	
29450	65350	23167	44508	21556	19411	10775	49559	34516	43945	52930	32892	24438	17542	94453	52526	39896	24131	41042	32830	45079	44342	13086	105709	14476	42390	24986	68935	54107	51535	28384	43300	54801	72200	18029	30235	4127	0	8779	22672	8803	57900	39343	47701	37470	95493	55245	18662	27612	6798	39293	46592	26415	32067	32314	72147	72845	106719	25367	27183	39735	89883	48249	26657	8932	30830	51875	68079	7078	12976	13964	32284	107559	35307	40981	19949	47759	41317	13757	30044	9463	23069	17598	24466	105277	11883	59702	18774	67818	53576	32470	37167	37188	27142	22405	81163	35222	71154	11540	40656	56667	107745	36379	104784	59006	110120	14894	46915	34054	78116	32560	96645	30990	20751	17945	44486	3838	20148	25617	33667	31325	119753	15266	20131	35263	88408	92941	48610	37805	
22245	65952	17078	40331	9087	16387	3570	45382	27311	39768	48753	28716	20262	10337	88364	48350	35719	16926	36865	28654	37874	40166	20145	98505	8900	36301	17782	69538	48018	47358	24207	39123	47596	64995	14757	32177	4951	8779	0	29701	6064	58234	33425	41783	39612	82252	55580	13438	29754	3819	45410	42574	20496	34208	25153	54456	65684	102701	19449	22581	32573	83965	44231	19198	2070	23372	45957	68413	6179	20005	6803	26366	100398	34872	48009	20283	40598	34156	9578	33827	16491	17151	11680	28586	98116	6659	56752	12855	60657	49558	39765	33149	30027	23124	14946	74002	30114	71488	15660	33495	49506	96852	41111	100766	51845	102959	10231	47249	30036	54797	25101	89484	28204	13590	24973	31080	11744	27177	26293	26209	24164	115735	23305	12673	28102	81247	79005	44592	33787	
58194	65600	47815	59658	42426	41151	31645	67806	58658	62192	76456	47963	48399	46286	97837	70773	57440	43984	59289	52616	86271	48834	16097	146902	32787	67431	53730	69185	53139	56027	46631	47792	95994	113392	39769	30181	24997	22672	29701	0	28111	47114	64444	52166	34303	98633	55369	38746	44391	28747	53406	65698	45723	35575	53106	91253	105800	125825	39635	45405	84088	93024	52227	55436	29662	57955	99315	68202	27215	12760	34756	51592	140514	46088	26772	23996	87463	71879	31670	45043	19297	40502	36906	19778	138232	33610	59825	38082	100773	73105	50981	56696	84236	43850	54345	114118	42173	71277	26935	85376	89622	110886	49107	123890	91961	143075	39638	47038	53160	97222	50388	129600	40262	41544	9352	64016	20478	7825	36536	60206	63220	138859	21941	42080	65194	121363	96082	67716	56910	
27317	62531	16938	45832	11482	11131	7191	50883	33581	45269	54253	34216	25762	15409	88223	53850	41219	23196	42365	34154	37568	45666	19150	103577	8172	36161	22854	66116	44529	52859	29708	44624	49174	70067	9750	38781	6350	8803	6064	28111	0	54971	32562	37950	46852	88712	52317	10175	32987	8087	50447	47612	19634	37441	29608	45802	55078	93233	15280	27618	37029	83102	49269	24236	4072	27052	45094	65150	4482	17413	9166	25503	89792	39909	38696	17020	45053	38611	4590	38864	13900	16288	10817	25323	87510	3396	56773	11993	50051	54596	44802	38187	34482	28161	19984	63397	35151	68225	12397	37950	40852	100964	46148	91297	41239	92353	15268	43986	35074	64630	30139	78878	33241	18045	22382	33444	11712	24585	19052	29889	26527	106267	27101	17710	32557	70641	86160	49629	38824	
76550	30628	66171	138072	67137	60583	59361	137994	112857	132380	126009	129360	123718	64642	79118	140962	137963	72429	129477	122805	73039	137255	57309	108258	57405	66263	72086	25665	28700	144447	117702	136212	82381	85891	58125	76941	60225	57900	58234	47114	54971	0	68719	36196	83817	80494	20867	56840	93905	60284	102920	136190	69280	81360	91272	79720	81576	144495	56033	80284	102757	74884	101741	80310	56270	80034	71164	27507	58665	53871	61160	86765	101873	95602	21093	37704	106133	106215	49763	94557	57592	57524	60463	33392	98801	51703	25324	61639	76161	128950	100495	127188	78847	121639	72650	83554	128107	36776	48431	75111	74770	92746	98621	142559	75156	103644	67934	11968	123794	115892	119859	91200	126197	67692	51706	118414	60086	57340	47238	82871	79509	157529	66082	70376	82204	81932	77942	138207	127402	
21917	62163	17911	62388	30759	28270	32276	62310	37173	56696	50324	53676	48034	23840	40389	65278	62279	22772	53793	47120	11189	61571	80646	69466	26722	4412	17454	75498	42290	68763	42018	60528	20531	35957	29251	71162	35831	39343	33425	64444	32562	68719	0	33051	72621	42141	56952	31901	55120	35928	67355	60142	13371	61997	13104	16297	25573	68447	25336	50586	26709	31752	66176	34146	31914	33869	14513	74788	35027	47958	27382	8597	60287	56817	60481	43618	30085	30167	33691	55772	44445	25488	25757	51018	58005	30771	50755	22521	20546	52902	61710	51140	15425	45591	47767	33892	52059	68724	39772	9860	11347	51732	63056	66511	11734	62848	55181	58410	47745	30544	43811	49373	50149	20515	52927	38693	42257	79442	28136	40149	32552	81481	80495	51822	27776	41136	38894	62159	51354	
53274	29640	36477	92234	40651	27377	39635	92156	67019	86542	80171	83522	77880	38156	49079	95124	92125	54128	83639	76967	37098	91417	56932	78219	34835	30322	48810	42975	9767	98609	71864	90374	46440	55852	30135	101008	44189	47701	41783	52166	37950	36196	33051	0	102582	49745	24444	29105	85081	44312	97317	90104	45452	91958	45185	44066	50827	98408	23223	80547	56671	44135	96138	78820	40297	81339	38049	42279	43410	53449	35082	40679	71124	86779	49596	31378	60047	60128	37155	85734	44984	24715	31014	38779	68053	34869	18247	35561	48315	82864	91672	81102	43193	75553	77729	52806	82021	36216	38217	39457	39116	61997	93018	96473	39502	72896	52107	25902	77707	69806	73772	60451	80111	41614	51285	66462	50640	56918	21109	67918	66201	111442	65661	81784	62378	51183	47193	92121	81316	
55956	96850	55545	35666	45962	54854	41823	54456	45308	48842	63106	35808	29007	48590	125611	57423	33448	51331	45939	39266	72921	36679	29299	133552	46854	79887	57020	100436	122240	22999	33281	35636	82644	100043	53224	8780	38534	37470	39612	34303	46852	83817	72621	102582	0	107095	85591	55711	19812	35941	19728	50426	61219	11008	74297	75980	90527	110552	57439	26165	68815	120540	26589	40164	40060	42682	84042	98424	39758	35721	45091	72069	125241	24538	59146	54217	72191	56606	48634	16385	36115	55141	49669	49999	122959	44649	128959	50845	85500	57833	15529	41424	68963	28577	39072	98846	25851	101499	45000	70103	74349	121695	25610	108617	76688	127802	33964	77260	37887	81950	35116	114327	24550	55325	35187	48743	36708	26831	59995	44934	47947	123586	22455	38381	49922	106090	103848	52443	41638	
63123	73938	74060	97973	78820	73845	80337	97895	64870	75726	79012	89261	83619	71901	10570	100862	97864	64679	89378	76841	36962	97155	116231	29281	82872	41257	55849	87273	54065	104348	77602	96113	38964	12252	85400	106747	85585	95493	82252	98633	88712	80494	42141	49745	107095	0	68265	75985	90496	75410	102732	95519	69668	97374	48657	44208	21944	62696	70103	85963	55291	8070	101553	84235	73210	71250	28553	86101	91324	120667	66246	64894	23934	92194	93418	78258	59741	60366	89987	91149	100742	71594	82054	85658	24394	87068	62069	77731	23305	80428	97087	72632	43324	80968	83144	17047	87436	80038	96069	41697	35777	12815	98433	60066	31373	29237	90558	69723	83122	58443	79188	11937	85526	59379	98164	66593	83069	114819	67988	68048	66332	72366	115872	87199	62509	8326	3770	97536	86731	
87072	13680	57643	126032	61817	48543	56707	125955	100817	120340	113969	117321	111678	59322	67078	128922	125923	87927	117437	110765	61000	125215	60135	96219	54750	54223	82608	21659	15860	132408	105662	124172	70341	73851	51300	79766	57570	55245	55580	55369	52317	20867	56952	24444	85591	68265	0	49970	119223	58169	131458	124245	79594	126100	79327	67775	69631	132550	44088	114689	90812	62939	130279	75096	54155	74820	59219	20917	56550	56960	55946	74820	89928	120920	33797	35589	94188	94270	47648	119875	55477	45579	51879	37425	86856	49588	6490	56425	64216	117005	125813	115243	66902	109694	70535	71609	116162	19677	48710	63166	62825	80801	127159	130614	63211	91699	65819	9518	111848	103947	107914	79255	114252	62478	54796	106469	63175	60429	41973	118753	74295	145584	69172	68261	99963	69987	65997	126262	115457	
29239	55359	15653	53622	19826	4442	14565	62611	35503	48191	58676	53977	33552	17331	74798	65579	62580	25118	54094	46417	41725	53456	27726	100002	8202	34948	24776	68254	35486	60648	40121	52413	51067	66493	7179	47357	15436	18662	13438	38746	10175	56840	31901	29105	55711	75985	49970	0	41722	15787	58616	59939	22221	46176	32195	48483	57759	95820	9826	35787	39616	70266	57437	33251	11773	32975	46698	64410	14168	25950	14101	28090	97254	48078	40782	16280	47640	41198	8402	47033	21250	7780	10033	27409	94183	6925	44377	14580	52732	53202	52971	41853	37070	36330	28152	66077	43320	62346	14484	40537	43533	88127	54317	93884	43919	99026	23437	43246	47543	67217	43416	81559	41410	20633	29319	39367	21398	34271	9896	35812	32450	108854	36787	25879	35145	77314	73324	61957	51152	
38455	124612	43107	24783	37529	50660	31965	36955	27807	31341	45605	18307	10162	40418	108110	39922	22566	33830	28438	21765	55420	19178	38253	116051	36996	62386	39519	137947	104739	21152	15780	12917	65143	82542	49030	16235	28676	27612	29754	44391	32987	93905	55120	85081	19812	90496	119223	41722	0	25878	11680	32945	43738	9637	56816	58500	73047	93072	52991	7765	51334	103060	16186	22683	29997	25202	66562	135510	29696	30051	40802	54588	107761	7695	68759	47357	54710	39126	36746	3413	32282	50693	45222	48696	105479	34586	111478	46398	68020	40352	9351	23943	51483	11097	21592	81365	8564	129447	41167	52622	56869	104214	8767	91136	59208	110322	15637	119133	20407	64469	17635	96847	7070	37844	44800	31263	29801	36444	59835	27453	30467	106106	15955	20901	32441	88610	86368	34962	24157	
24705	68114	19753	41738	15974	19061	6030	46789	29771	41175	50160	30122	21668	12797	91038	49756	37126	19386	38272	30060	40334	41572	18164	100965	11061	38975	20242	71699	50692	48765	25614	40530	50056	67455	17432	28705	2970	6798	3819	28747	8087	60284	35928	44312	35941	75410	58169	15787	25878	0	37763	44046	22573	30537	27528	56831	68059	104173	21526	25653	34949	86042	45703	21198	4147	25371	48033	70490	5311	19137	9178	28442	102773	33777	47141	22360	42973	36531	10895	28514	15623	19227	13756	30626	100491	8736	58829	14932	63033	51030	30941	34621	32403	24596	16418	76378	31586	73565	17700	35871	51881	99227	34849	102238	54220	105334	13364	49326	31508	57173	26573	91860	29460	15966	24105	33456	10876	26309	28370	28208	26539	117207	19633	14145	30478	83622	81381	46064	35258	
