//--------------------------------------------------------------------------------------------------------------------
//-- données sur l'Orne récupérés par le géocodeur (matrice symétrique)
//-- 
//-- C. Duhamel, P. Lacomme C. Prodhon - juillet 2009 : 17283 kg à collecter, flotte de capa 26000
//--------------------------------------------------------------------------------------------------------------------
110 3 999999 0 0 0
3  1000 100 2.5
2 1500 80 5.2
5 4000 180 6.2
0   // la ville qui represente le depot
0	42872	47925	74415	67999	52815	58877	41259	43659	59202	59182	34772	74194	57773	79134	28549	63671	4378	78641	69175	57409	77604	72835	4557	32633	47368	62807	3038	65290	55288	53857	69832	83555	48577	8632	40768	55157	65875	72095	52149	54472	59899	10991	70193	45098	68381	75289	66608	53015	69805	81658	37868	22398	40202	47432	60704	58573	55707	56568	74089	5855	42255	68675	82102	49517	65961	8775	77590	42216	26957	49287	53676	36137	78058	68980	10740	69943	57743	38150	66803	62711	67824	72731	83381	13828	71372	74594	49006	4938	39546	26115	40407	73905	41314	48311	67196	75877	82727	80788	70465	59796	72670	47518	22008	48484	88054	51568	62900	52783	4490	66045	
42872	0	12911	62534	33889	57632	22562	35611	56971	47767	72585	23564	80014	43675	65036	33366	82577	41094	64543	141636	62225	72235	78035	47878	24225	58229	48130	34754	71268	24177	21911	59371	69458	21716	52743	65302	61241	39822	63578	60763	57485	56414	54329	43658	49914	74193	61192	80011	57832	55708	67560	59572	30748	12840	52632	33843	72881	42717	62177	79901	47696	47072	82983	87914	57649	57061	52096	63492	44832	9445	34099	65550	7034	83870	36246	29600	37302	53296	34278	72690	57026	64560	66673	77879	52337	83752	60496	70167	46941	47232	34246	45606	79717	57980	53128	45523	63821	68629	67883	48072	26002	59399	16203	11950	40714	73814	49325	23267	13409	30269	39183	
47925	12911	0	49783	63403	42948	12044	48789	70179	35016	85793	15451	95898	30924	52285	25704	67553	46259	51792	146801	47542	59484	91213	53043	38495	43546	77645	52822	56243	50693	9160	46620	56707	43982	57908	96984	46557	69337	50827	46080	70663	43663	59494	65598	35231	59168	48441	93219	39503	42957	54809	94084	43956	33112	65810	56109	86089	72231	78272	58949	52861	35304	152692	72889	70857	44310	57261	50741	58010	13935	48088	78758	19098	68846	23495	34090	65348	68479	21527	88508	44276	51809	53922	65128	57502	68728	47745	105222	52106	61250	47455	58785	64693	71188	37297	75037	51070	55878	55132	74035	55201	46648	5469	25158	55897	61063	64509	16068	5951	43477	33349	
74415	62534	49783	0	108348	36206	47927	93734	122832	16897	138446	47936	148187	20486	10104	47493	43826	91204	13680	191746	28025	19096	146828	72748	83440	39831	122590	72396	32320	95638	39153	11283	18594	75117	78985	141929	39756	114281	15489	39278	128466	19739	72048	97059	33834	31251	10328	145872	27474	10608	16697	139029	96391	72456	121425	87244	138742	117176	130561	29436	69805	37281	197637	46847	123510	11682	74488	8566	116210	56032	93033	131411	73991	42804	27863	74314	99161	113424	37086	140797	14911	22888	18584	29791	67490	46679	6732	150167	75876	113539	100108	114400	38651	123842	29395	105857	12957	13796	8109	105495	100146	4616	46558	63928	100842	22951	125561	51335	49809	78753	68616	
67999	33889	63403	108348	0	101605	56916	25116	47794	94676	63408	67102	50278	90584	111945	77339	126551	65120	111452	74306	106199	119144	55918	71904	23872	102203	15306	71684	115241	14084	68820	106280	116366	24591	76769	56125	105214	6998	110487	104737	43770	103323	78356	14614	93888	118166	108100	70834	101805	102617	114469	50395	32256	21088	38918	29931	63704	11790	32441	118609	71722	91046	73807	131887	43362	103970	76122	110401	31118	53419	13108	52324	26891	127843	83944	64453	5220	17860	81187	42954	103935	111469	113582	124788	76363	127726	107405	60990	70968	27246	35447	31892	123691	48803	97102	12699	110730	115538	115581	15248	10257	107096	62481	38187	18067	120723	24537	50729	46233	67530	44744	
52815	57632	42948	36206	101605	0	51390	75477	95589	17696	111203	30779	120943	22754	40311	23962	21119	52342	35321	122101	9807	30233	119585	44693	65956	5356	109556	48864	18849	89234	32651	28327	40236	82524	47344	93225	6746	94537	30111	6268	101222	18393	42332	104140	6370	21774	31970	118629	9251	27773	35302	90325	69148	67555	94182	94650	111499	102456	103317	27483	46274	10981	121601	35495	96267	24455	43581	38767	88966	46844	75549	104168	63489	31451	31478	50783	92017	104492	21389	113553	21205	20223	25678	36775	37774	31334	31385	108785	48333	86295	72864	87156	27299	96598	12218	113946	35678	39407	41965	102787	80717	40822	40057	50768	83358	41448	98317	54786	44670	50500	72067	
58877	22562	12044	47927	56916	51390	0	60968	82358	42140	97972	25299	99377	36775	59399	35552	74677	58438	55445	158980	57390	63136	103392	65222	41484	53394	63683	65001	63367	40542	19008	50273	60359	29466	70087	109163	56405	55880	54479	55928	82842	50787	71673	51036	45079	66292	52093	105398	46627	46609	58462	106263	56135	30098	77989	38646	98268	62080	81541	68427	65040	45152	164871	80013	83036	47963	69440	56093	70189	26114	51358	90937	26316	75969	22479	46269	53139	70011	31375	100687	51399	58932	57574	68781	69681	75851	51398	117401	64285	73429	59633	70963	71817	83367	47145	59835	54722	60614	52020	59473	43261	45631	15317	37337	60077	64716	68689	8765	11133	55656	26046	
41259	35611	48789	93734	25116	75477	60968	0	26146	75356	41760	48390	44142	71264	92625	53654	97883	36948	92131	52659	82514	99823	42673	43580	15682	81579	32756	43360	99502	25257	49500	86960	97046	35764	46489	34478	89369	28757	91166	86360	22123	85004	50032	35135	70203	102592	88780	49186	78120	83296	95148	28747	11020	26349	17270	43286	42056	20829	26516	108301	43398	67361	52159	116313	21715	84650	47798	91081	9470	32570	12169	30676	32152	112269	68645	45917	30205	27691	63255	36752	84615	106721	94261	117593	48039	105583	88085	39343	42795	9494	18139	10245	108117	27156	73417	32319	91409	96218	94279	37007	20150	91797	47182	25035	11365	101403	21516	55917	51494	39206	54779	
43659	56971	70179	122832	47794	95589	82358	26146	0	105275	16093	81398	28823	103846	125207	74622	107190	46255	124714	27740	103482	125247	28370	52887	40940	90886	44430	52667	108809	47816	69906	115905	129628	58323	47424	7969	98676	51316	118168	95667	16523	105972	59339	57694	91171	111899	121362	23519	99088	115878	127731	4465	26277	51493	8964	65845	17137	38128	27420	117608	52705	88328	27240	125620	10312	112034	57105	123663	18887	52976	34728	10588	57296	121576	110274	55224	52764	39366	84223	21995	108784	116028	118804	126900	57346	114890	120667	14424	43730	21967	22727	18537	117424	2874	94384	49618	121950	128800	141910	52886	42709	133426	88811	45066	33924	131573	33191	83323	94077	48513	77338	
59202	47767	35016	16897	94676	17696	42140	75356	105275	0	125358	34848	135098	8130	21005	34405	32610	78115	20512	178658	17006	24225	133740	59660	70352	21391	109501	59307	21300	82549	26065	11650	25426	75839	65897	128841	21316	101193	15165	20839	115377	8720	58960	97455	15395	24226	17160	132784	10204	8880	23529	125941	70003	64968	108337	87965	125654	104088	117472	24006	56717	18841	184549	37947	110422	9944	61400	19461	103121	42943	79945	118323	60903	33903	21253	61225	97205	100336	23997	127708	9333	16866	19352	30929	54402	33785	16465	137079	62788	100450	87020	101312	29750	110753	10955	106894	17915	24598	22659	105891	87057	21019	33470	50840	87754	35602	112472	48199	38083	65665	65481	
59182	72585	85793	138446	63408	111203	97972	41760	16093	125358	0	97868	23023	120316	141677	91092	123660	62725	141184	19476	119952	141717	14391	69357	51745	107356	47634	69137	125279	58271	86376	132376	146098	68777	64164	23371	115146	58034	134638	112137	24056	122442	75809	68385	107641	128369	137832	9540	115558	132348	144201	21205	42747	61948	25434	76299	14834	47992	26578	134078	69176	104798	13240	142090	16644	128504	73576	140133	28213	69446	45183	7211	67750	138046	126744	71694	59482	42570	100693	14945	125254	132498	135274	143370	73817	131361	137137	20924	60470	31293	39197	28992	133894	18602	110854	52011	138420	145270	158381	60254	53163	149896	105281	61536	42694	148043	38111	93778	110547	64983	87793	
34772	23564	15451	47936	67102	30779	25299	48390	81398	34848	97868	0	108492	30705	52066	10253	59465	39891	51573	109650	39113	59264	107133	33053	38729	35117	87318	32700	48155	60366	10963	46401	56487	53655	41465	80773	38128	79009	50607	37651	88770	41603	32627	75271	26802	51080	48221	106177	34719	42737	54590	77874	56696	42785	81730	65782	99047	65595	90865	56788	30110	23959	109150	64801	83815	44091	37271	50522	76514	15929	48322	91716	38719	60757	27695	27500	75021	92041	11860	101101	44415	49528	53702	66080	28070	60639	47526	96334	36181	73843	60413	74705	56605	84147	30015	84710	50850	55659	53720	83708	64874	45602	11779	23826	56131	60844	85865	28640	18523	31939	45921	
74194	80014	95898	148187	50278	120943	99377	44142	28823	135098	23023	108492	0	130195	151556	100971	133539	72604	151063	31710	129831	151596	7774	79236	57224	117236	40259	79016	135158	59832	96255	142255	155977	70338	82146	36839	125025	50659	144517	122016	24764	132321	85688	61010	117520	138248	147711	25854	125437	142228	154080	34672	52776	66836	31695	77158	31501	40617	18969	143957	79055	114677	26135	151969	26346	138383	83455	150012	35505	79325	46744	21751	72638	147926	136623	81573	52107	35194	110572	12341	135133	142377	145153	153249	83696	141240	147016	37591	78451	36607	46952	34483	143773	32070	120733	44636	148299	155149	168260	52879	54724	159775	115160	71415	41980	157922	30795	95338	91980	74862	89354	
57773	43675	30924	20486	90584	22754	36775	71264	103846	8130	120316	30705	130195	0	24573	29159	40582	72869	24079	173412	24977	31771	128494	54414	65106	24648	104255	54061	29272	77303	20818	18908	28994	70592	60651	123594	26338	95947	23114	25860	110131	16692	53713	92209	16333	32197	20728	127538	15225	15244	27096	120695	64757	59722	103091	82719	120408	98842	112226	37061	51470	19658	179303	45918	105176	16597	56154	23029	97875	37697	74699	113077	55657	41874	16007	55979	91959	95090	18751	122462	17304	24837	26209	37416	49156	41756	20033	131832	57541	95204	81774	96065	37722	105507	15259	101647	23357	28165	26226	100645	81811	21250	28224	45594	82508	33351	107226	42953	32836	60419	60234	
79134	65036	52285	10104	111945	40311	59399	92625	125207	21005	141677	52066	151556	24573	0	51424	44937	95134	4670	195677	31956	12585	150759	76679	87371	43761	126520	76326	34214	99568	43083	11917	11266	92858	82916	145860	43744	118212	16600	43209	132396	23670	75979	114474	37765	28402	9157	149803	31405	14538	10185	142960	100322	81987	125356	104984	142673	121107	134491	22243	73736	41211	201568	47958	127441	15613	78419	3533	120140	59962	96964	135342	77922	43914	35275	78244	114224	117355	41016	144727	18842	23998	18273	16946	71421	47790	6775	154097	79806	117469	104039	118330	39762	127772	33325	123913	10901	5312	7528	122910	104076	14513	50489	67859	104773	14879	129491	58848	55102	82684	76129	
28549	33366	25704	47493	77339	23962	35552	53654	74622	34405	91092	10253	100971	29159	51424	0	50239	33120	51119	102878	29887	50082	100362	26282	43021	25891	90334	25929	38929	66299	21891	42311	56033	59588	32047	74002	28902	71602	44573	28425	81999	32377	25109	81204	17576	41854	47768	99406	25493	42284	54136	71103	49925	44620	74959	71715	92276	83234	84094	47562	23339	14734	102379	55575	77044	38439	27550	50068	69743	23908	52614	84945	40554	51531	27241	27847	69082	85270	10628	94330	35190	40303	45209	56855	20552	51413	47072	89563	29410	67072	53642	67934	47379	77375	20789	77302	48355	55205	53266	79852	57782	45149	22037	27833	60423	61527	79094	38898	28781	32287	56179	
63671	82577	67553	43826	126551	21119	74677	97883	107190	32610	123660	59465	133539	40582	44937	50239	0	64575	41758	175716	23969	30888	131817	56926	92225	20591	121789	59111	14873	115503	58657	36696	38199	108793	59577	105458	15624	124857	31557	15991	113455	26461	54565	130409	33460	17540	36784	181383	30568	35289	35957	102558	81381	93824	106415	120920	123732	114689	115550	23249	57076	37392	181607	16060	108499	31971	55814	47136	101199	73113	108270	116400	89758	11491	53846	77052	118286	116725	47658	125786	28721	21669	27066	32541	50007	7815	37609	121018	60566	98528	85097	99389	14182	108831	37198	126179	35762	46484	50334	129447	106987	49191	66063	77037	107466	37214	110550	80792	70675	62733	98073	
4378	41094	46259	91204	65120	52342	58438	36948	46255	78115	62725	39891	72604	72869	95134	33120	64575	0	94732	106022	60373	82139	71078	9779	30876	47778	61050	6707	65700	53531	52100	72797	99646	46820	12163	39936	55568	64118	75059	52559	52715	62863	16230	68436	48062	68791	91380	70122	55979	85896	97748	37036	20641	38445	45675	58947	57741	53950	54811	74499	9597	45220	67843	82512	47760	68926	13997	93681	40459	36698	47530	55661	34380	78468	67223	12115	68186	55986	41114	65046	65676	72919	75695	83791	14238	71782	90685	48173	8469	37788	24358	38650	74316	40482	51276	65439	94009	98818	98860	68708	58039	90376	45760	22922	46727	88464	49811	61143	51026	4784	64288	
78641	64543	51792	13680	111452	35321	55445	92131	124714	20512	141184	51573	151063	24079	4670	51119	41758	94732	0	195326	27500	9143	150408	76328	87020	39305	126170	75976	30351	99218	42733	8054	8318	92507	82565	145509	39880	117861	12736	38753	132046	19214	75628	114123	33308	24960	4717	149452	26949	10047	6743	142609	99971	81637	125005	104634	142322	120756	134141	18801	73385	36755	201217	42589	127090	11157	78068	7261	119790	59612	96613	134991	77571	38546	37921	77894	113873	117004	40666	144377	14385	20135	14831	13504	71070	42421	5503	153747	79456	117119	103688	117980	34393	127422	28869	123562	7459	4893	15440	122560	103726	15938	50138	67508	104422	11687	129141	64867	54751	82333	82149	
69175	141636	146801	191746	74306	122101	158980	52659	27740	178658	19476	109650	31710	173412	195677	102878	175716	106022	195326	0	130098	151863	24053	79503	67556	117502	65272	79283	135425	74432	154296	191756	201842	84939	104547	24125	125292	77932	144784	122283	41694	132588	85955	84310	117787	138515	193576	12517	125704	188092	199945	31341	52893	78109	35580	92461	11067	64744	44216	144224	79322	114944	8633	190807	36703	138650	83722	195877	45504	79592	61344	24021	83912	191979	169420	81840	79380	60207	110839	32583	135400	142644	145420	153516	83962	183338	192881	17157	104636	48583	49343	45153	144040	28738	121000	69649	196205	201014	201056	77892	69325	192572	147957	71682	60540	158189	55749	163339	153223	75129	103954	
57409	62225	47542	28025	106199	9807	57390	82514	103482	17006	119952	39113	129831	24977	31956	29887	23969	60373	27500	130098	0	20426	129192	55112	71851	15964	119164	54759	12637	95129	38546	20215	27736	88419	61349	102833	13829	100432	20303	13352	110829	10229	54412	110035	13086	15562	23859	128236	10184	19662	25495	99933	78755	73450	103789	100545	121106	112064	112925	16824	52169	17017	131209	29283	105874	16344	56852	30656	98573	52739	81444	113775	69384	25239	38219	56678	97912	114100	27284	123160	13094	10416	15871	26071	49854	25121	23274	118393	58240	95902	82472	96764	21086	106206	13619	106133	25871	31296	33854	108682	86612	32710	45952	56663	89253	30744	107925	60681	50565	61117	77962	
77604	72235	59484	19096	119144	30233	63136	99823	125247	24225	141717	59264	151596	31771	12585	50082	30888	82139	9143	151863	20426	0	149179	74287	94282	37952	139151	74858	19435	106480	49995	14744	7310	99769	76939	122820	28965	125124	11635	32126	130816	18675	71926	121385	33669	17146	9441	148223	27310	16737	5069	119920	98742	88899	123776	111896	141093	132051	132912	10986	72267	37116	151196	34775	125861	15006	73176	15222	118560	66874	103875	133762	84833	30731	45183	76776	121135	134087	47928	143147	19019	11347	6655	6045	67369	34606	15534	138380	77928	115890	102459	116751	26579	126193	29230	130824	5387	14582	25129	129822	110988	25330	57400	76762	111684	7727	127912	72130	62013	80095	89411	
72835	78035	91213	146828	55918	119585	103392	42673	28370	133740	14391	107133	7774	128494	150759	100362	131817	71078	150408	24053	129192	149179	0	76286	56887	114285	45945	76066	132208	63413	90704	139304	138250	73919	79195	36029	122075	56345	141567	119066	24415	129370	82738	66696	114569	135298	129984	18585	122487	124500	136353	33863	49826	67089	31346	81441	24232	46303	24656	141007	76104	111727	18865	149019	25997	135433	80504	132285	33355	73774	50324	15362	72892	144975	109849	78623	57793	40881	107622	11992	132183	139427	142203	150299	80745	138289	129289	30322	75501	36435	46603	34134	140823	31260	117783	50322	132613	137422	135483	58566	58305	133002	88386	66239	47666	154971	36482	98919	92234	71912	92934	
4557	47878	53043	72748	71904	44693	65222	43580	52887	59660	69357	33053	79236	54414	76679	26282	56926	9779	76328	79503	55112	74287	76286	0	42101	39911	67843	4885	57834	60955	43930	67475	81197	54244	8498	44166	47701	70911	69737	44692	59508	57541	6520	75860	42740	60924	72931	76915	50657	67448	79300	41267	27434	45869	52468	66371	69785	60743	61603	66632	3032	39897	79888	74645	54553	63603	4305	75232	47252	28409	54323	62454	41804	70601	52405	12193	72359	62778	35792	71839	60353	65052	70373	75924	6371	63915	72236	52404	4191	44581	31151	45443	66449	54884	45953	72232	73519	80369	78430	75500	62304	70312	53185	26304	53519	80597	56603	68567	58450	8787	71712	
32633	24225	38495	83440	23872	65956	41484	15682	40940	70352	51745	38729	57224	65106	87371	43021	92225	30876	87020	67556	71851	94282	56887	42101	0	69047	30532	36502	82085	15355	40028	77488	87575	24083	40516	48911	72058	27779	81695	71581	37502	75533	48779	32287	60732	85010	79309	63620	68649	73825	85677	43180	14664	11385	32649	36210	56490	28381	40380	90718	42146	57889	66592	98731	37094	75178	46546	81609	24849	23098	11108	46055	17188	94687	59173	33518	29227	31499	53784	50893	75144	82677	84790	95996	46787	94569	78613	53776	36822	20912	17855	25623	90535	41589	63945	33480	81938	86746	84807	36029	19172	82326	37711	15564	18917	91931	27529	40953	36530	29544	41550	
47368	58229	43546	39831	102203	5356	53394	81579	90886	21391	107356	35117	117236	24648	43761	25891	20591	47778	39305	117502	15964	37952	114285	39911	69047	0	105487	42809	22211	91169	34586	31607	43517	84458	43275	89156	11802	108555	33870	9069	97153	21674	38262	106074	8304	25301	35251	114559	12532	31054	41619	86256	65078	69489	90112	96585	107429	98387	99248	31010	40773	9605	117532	39022	92197	27736	39512	42048	84896	48778	91967	100098	65424	34978	33413	52717	93951	100423	23323	109484	24486	29430	34827	40302	33705	28292	34666	104716	44264	82226	68795	83087	30826	92529	12760	109876	37652	42688	45246	113145	82652	44102	41991	52703	91164	44975	94248	56721	46604	46431	74002	
62807	48130	77645	122590	15306	109556	63683	32756	44430	109501	47634	87318	40259	104255	126520	90334	121789	61050	126170	65272	119164	139151	45945	67843	30532	105487	0	67654	123796	27991	82726	120186	130273	37959	70783	53233	113663	11882	124393	110654	29063	117229	74326	22234	106157	126886	122007	55269	114075	116523	128375	47503	41414	34994	36026	38382	60563	5736	22394	132594	67692	103315	58970	140607	34404	117876	72092	124307	27797	52046	19432	42234	40797	136563	97850	70211	13331	7813	95093	32907	117842	125375	127488	138695	72333	129877	121311	58098	67089	24108	42433	28898	132411	45911	109371	6569	124636	129444	129487	14103	24163	121002	76387	44511	15249	134629	14696	61447	60139	63500	49702	
3038	34754	52822	72396	71684	48864	65001	43360	52667	59307	69137	32700	79016	54061	76326	25929	59111	6707	75976	79283	54759	74858	76066	4885	36502	42809	67654	0	64156	57498	42250	67538	81261	50787	9408	42978	54129	67067	69801	48067	55665	57604	11637	72403	42803	67081	72995	73072	50720	67511	79363	40078	23591	38332	48625	62914	60783	56899	57760	72790	3009	39961	70885	80802	50709	63667	9421	75296	43409	25211	50480	58610	34267	76758	52468	8994	72153	58935	35855	67996	60417	65530	70436	82082	9747	67291	72299	51215	5722	40738	27307	41599	72606	43524	46017	68389	73583	80432	78493	71657	62006	70376	38743	21541	49676	86755	52760	54125	44008	4023	68255	
65290	71268	56243	32320	115241	18849	63367	99502	108809	21300	125279	48155	135158	29272	34214	38929	14873	65700	30351	135425	12637	19435	132208	57834	82085	22211	123796	64156	0	104171	47325	24510	27467	97461	61222	107103	13248	109474	20826	16409	115100	15129	56210	119077	22128	6809	26053	132507	19236	23957	25226	104204	83026	82492	108060	109587	125377	116335	117195	12518	58721	26059	135480	20530	110145	20639	57460	34950	102844	61781	90486	118046	78426	16486	42514	65720	106954	118371	36326	127431	17389	10938	16335	21810	51652	16009	26878	122664	62212	100173	86743	101035	12334	110476	25866	127824	25031	35753	38148	117724	95654	37005	54730	65705	109111	26482	112195	69460	59343	64379	86741	
55288	24177	50693	95638	14084	89234	40542	25257	47816	82549	58271	60366	59832	77303	99568	66299	115503	53531	99218	74432	95129	106480	63413	60955	15355	91169	27991	57498	104171	0	56069	93529	103615	11840	64018	55919	92463	19630	97736	91986	43564	90572	65605	19430	81137	105415	95350	70628	89054	89866	101718	50189	32049	11338	38712	19362	63498	22525	41985	105858	58971	78295	73601	119136	43156	91219	63371	97650	30912	40668	12883	52118	17140	115092	71193	51702	17110	33104	68436	52498	91184	98718	100831	112037	63612	114975	94654	60784	58217	27039	35241	31686	110940	48597	84351	25331	97979	102787	102830	27880	5494	94345	49730	33362	20522	107972	29133	36840	36614	54779	30855	
53857	21911	9160	39153	68820	32651	19008	49500	69906	26065	86376	10963	96255	20818	43083	21891	58657	52100	42733	154296	38546	49995	90704	43930	40028	34586	82726	42250	47325	56069	0	37617	47704	49932	63857	102934	37554	75286	41824	37077	76612	34660	46336	71548	26228	50166	39438	93359	30501	33954	45806	100034	44096	39061	71759	62058	86229	78181	78413	49946	40020	26301	158642	63887	70997	35307	47181	41738	63960	17036	54038	78898	34996	59843	18911	36011	71298	74429	12524	88649	35273	42806	44919	56126	41778	59725	38742	111171	58056	61391	47595	64734	55690	71329	28294	80986	42067	46875	44936	79984	61150	36819	7563	24933	61847	52060	70458	22292	12176	43617	39573	
69832	59371	46620	11283	106280	28327	50273	86960	115905	11650	132376	46401	142255	18908	11917	42311	36696	72797	8054	191756	20215	14744	139304	67475	77488	31607	120186	67538	24510	93529	37617	0	12646	87467	73836	115319	31979	112821	6173	31502	123316	11963	66899	109083	26057	21935	4380	140723	19698	2617	10749	112420	91242	76597	116276	99594	133593	115716	125411	19379	64656	29504	143696	37531	118361	3906	69339	9345	111060	54572	91573	126262	72531	33487	32881	69164	108833	126586	35626	135647	7134	13572	9268	19733	62341	37363	3796	130879	70727	108389	94959	109251	29335	118692	21618	118522	6158	11818	12542	117520	98686	12402	45098	62468	99382	17003	120411	59827	49711	73604	77109	
83555	69458	56707	18594	116366	40236	60359	97046	129628	25426	146098	56487	155977	28994	11266	56033	38199	99646	8318	201842	27736	7310	138250	81197	87575	43517	130273	81261	27467	103615	47704	12646	0	97448	87506	150450	36303	122803	16312	39464	136987	24155	80569	119064	38250	23047	8892	154394	31890	14988	6138	147551	104913	86578	129947	109575	147264	125697	139082	16887	78326	41696	206158	40676	132032	16098	83010	12860	124731	64553	101555	139932	82512	36632	42863	82835	118814	121945	45607	149318	19327	21215	13196	10539	76012	40507	11429	158688	84397	122060	108629	122921	32480	132363	33810	128503	7951	6543	17090	127501	108667	23786	55080	72450	109363	6884	134082	69809	59692	87274	87090	
48577	21716	43982	75117	24591	82524	29466	35764	58323	75839	68777	53655	70338	70592	92858	59588	108793	46820	92507	84939	88419	99769	73919	54244	24083	84458	37959	50787	97461	11840	49932	87467	97448	0	58920	66773	87365	29138	92638	86888	54418	85474	60507	24294	76039	100317	90251	81482	83956	84767	96620	61042	38030	13365	49565	14474	74352	33378	52839	100760	53873	73197	84454	114038	54010	86121	58273	92552	41766	35569	23737	62972	14686	109994	66095	46604	26397	43957	63338	63352	86086	93620	95732	106939	58514	109877	89556	71638	53119	37893	41221	42540	105842	59451	79252	33093	92880	97689	97731	32731	16348	89247	44632	28264	31375	102874	39987	26207	27406	49681	20222	
8632	52743	57908	78985	76769	47344	70087	46489	47424	65897	64164	41465	82146	60651	82916	32047	59577	12163	82565	104547	61349	76939	79195	8498	40516	43275	70783	9408	61222	64018	63857	73836	87506	58920	0	45726	52595	83314	76038	49587	62263	63842	7537	79575	49041	64336	79233	71566	56958	73749	85601	42826	30189	49584	55223	70086	63531	63498	64358	70044	10370	46199	73634	78056	57308	69904	4743	81533	50007	34631	57078	58634	45519	74013	78362	18414	79325	65534	42093	74594	66655	68464	73861	79336	11524	67327	78537	53964	3770	47336	33906	48198	69860	46272	52255	74987	79821	86670	84731	88012	69178	76614	56899	29799	56274	84009	59358	72282	62165	12281	75426	
40768	65302	96984	141929	56125	93225	109163	34478	7969	128841	23371	80773	36839	123594	145860	74002	105458	39936	145509	24125	102833	122820	36029	44166	48911	89156	53233	42978	107103	55919	102934	115319	150450	66773	45726	0	107016	59656	126508	104008	25269	114312	50585	66034	99511	120240	141936	20255	107428	136452	148304	10648	34617	59833	17304	74185	13220	46469	35494	125948	61046	96669	23323	133961	19057	120374	48369	144237	27228	61317	43068	17988	65636	129917	117779	50869	61104	47707	92563	30069	117125	124368	127144	135240	65687	123231	141241	10132	42153	30307	31067	26878	125765	8045	102724	57958	144565	149374	149416	61226	51049	140932	96317	53406	42265	139913	41531	91663	101582	56853	85678	
55157	61241	46557	39756	105214	6746	56405	89369	98676	21316	115146	38128	125025	26338	43744	28902	15624	55568	39880	125292	13829	28965	122075	47701	72058	11802	113663	54129	13248	92463	37554	31979	36303	87365	52595	107016	0	99927	30719	6457	104902	22011	46012	109530	11760	16703	35588	122309	12869	31392	35119	94006	72828	72945	97862	100040	115179	106137	106998	22411	48523	16371	125282	30424	99947	28073	47262	42385	92646	52234	80939	107848	68879	26380	36868	56172	97407	108173	26779	117233	24824	20831	26228	31703	41455	25902	35003	112466	52014	89976	76545	90837	22228	100279	15837	117626	34925	43026	45583	108177	86107	44440	45447	56158	98914	36376	101998	60176	50059	54181	77457	
65875	39822	69337	114281	6998	94537	55880	28757	51316	101193	58034	79009	50659	95947	118212	71602	124857	64118	117861	77932	100432	125124	56345	70911	27779	108555	11882	67067	109474	19630	75286	112821	122803	29138	83314	59656	99927	0	116359	97768	39543	109196	77576	14433	86919	111198	113973	65749	94837	108489	120342	53959	35820	26961	42482	30581	67268	12557	32874	124482	70942	84077	69450	124919	46926	109843	75342	116274	31245	59291	16672	55888	32764	120875	89816	59706	5297	18292	87060	43387	109808	117341	119454	130661	75583	120757	113278	64554	70339	28765	39011	35456	116722	52367	90133	6632	116602	121411	121453	6062	16130	112969	68354	41751	19906	126596	25175	52584	53783	55732	41901	
72095	63578	50827	15489	110487	30111	54479	91166	118168	15165	134638	50607	144517	23114	16600	44573	31557	75059	12736	144784	20303	11635	141567	69737	81695	33870	124393	69801	20826	97736	41824	6173	16312	92638	76038	126508	30719	116359	0	32794	124360	12107	67942	113351	27101	18252	10767	141767	20741	7402	14153	113463	92286	80865	117319	103862	134637	125594	126455	16925	65699	30547	144739	33848	119404	5713	70382	17928	112104	58840	95841	127305	76799	29804	37149	70208	113101	127630	39894	136691	8308	9888	6073	17280	63384	33679	8401	131923	71770	109433	96002	110294	25652	119736	22661	122790	8698	16636	21126	121788	102954	19983	49366	66736	103650	21952	121455	64096	53979	74647	81377	
52149	60763	46080	39278	104737	6268	55928	86360	95667	20839	112137	37651	122016	25860	43209	28425	15991	52559	38753	122283	13352	32126	119066	44692	71581	9069	110654	48067	16409	91986	37077	31502	39464	86888	49587	104008	6457	97768	32794	0	101953	21536	43063	109054	11284	19494	35113	119360	12394	30916	37911	91056	69879	72469	94913	99565	112230	103187	104048	25202	45574	15896	122332	33215	96998	27598	44312	41910	89697	51758	80463	104898	68404	29171	36393	55697	96931	105223	26303	114284	24348	23622	29019	34495	38505	28694	34528	109516	49064	87026	73595	87887	25019	97329	15361	114677	37716	42550	45108	117945	85632	43964	44971	55683	95964	39167	99048	59701	49584	51231	76982	
54472	57485	70663	128466	43770	101222	82842	22123	16523	115377	24056	88770	24764	110131	132396	81999	113455	52715	132046	41694	110829	130816	24415	59508	37502	97153	29063	55665	115100	43564	76612	123316	136987	54418	62263	25269	104902	39543	124360	101953	0	109728	63095	51869	94927	115656	110342	31668	102844	104858	116710	22638	30184	47447	11803	61798	32182	29321	12141	121364	56462	92085	35368	129377	7500	115790	60862	112643	11130	54132	30682	17607	53250	125333	90206	58980	40774	20481	87979	17385	112541	119784	122560	130656	61103	118647	109646	29468	55859	16158	31202	14491	121181	21046	98140	33303	112971	117779	115840	41546	38662	113359	68744	46597	24560	135329	15213	79277	72591	52269	73292	
59899	56414	43663	19739	103323	18393	50787	85004	105972	8720	122442	41603	132321	16692	23670	32377	26461	62863	19214	132588	10229	18675	129370	57541	75533	21674	117229	57604	15129	90572	34660	11963	24155	85474	63842	114312	22011	109196	12107	21536	109728	0	56932	106136	16091	18055	15574	130757	9732	11378	21942	102453	81276	73650	106310	96647	123627	114584	115445	17623	54690	19538	133730	31776	108395	8059	59373	22371	101094	55259	83965	116296	69584	27732	29934	59198	105886	116620	28605	125681	4809	10483	12969	24547	52375	27614	14989	120913	60760	98423	84993	99284	23580	108726	11652	115575	17901	23011	25569	114573	95739	24426	42151	59184	91773	29219	110445	56880	46764	63638	74162	
10991	54329	59494	72048	78356	42332	71673	50032	59339	58960	75809	32627	85688	53713	75979	25109	54565	16230	75628	85955	54412	71926	82738	6520	48779	38262	74326	11637	56210	65605	46336	66899	80569	60507	7537	50585	46012	77576	67942	43063	63095	56932	0	81989	42663	59889	72855	83044	50581	67371	79223	47697	33563	51998	58597	72500	75914	66871	67732	65597	9462	39821	86016	73610	60681	63527	3728	75156	53381	40059	60452	68582	47932	69566	52329	18623	78487	68907	35715	77968	60277	64017	69414	74890	5595	62880	72160	58834	10130	50710	37279	51571	65414	61013	45877	78360	73443	80293	78354	81629	68432	70236	59313	32433	59648	79562	62732	74695	64579	14915	77840	
70193	43658	65598	97059	14614	104140	51036	35135	57694	97455	68385	75271	61010	92209	114474	81204	130409	68436	114123	84310	110035	121385	66696	75860	32287	106074	22234	72403	119077	19430	71548	109083	119064	24294	79575	66034	109530	14433	113351	109054	51869	106136	81989	0	96043	120321	110255	76045	103960	104771	116623	60407	42268	27778	48930	17358	73716	25128	43169	120763	73877	93200	79745	134042	53375	106125	78277	112556	41130	55573	23120	62336	36619	129998	86098	66608	13755	28588	83342	53682	106090	113623	115736	126943	78518	129880	109560	71002	73122	37258	45459	41904	125846	58815	99256	18411	112884	117693	117735	16972	20243	109251	64636	48268	30740	122878	35471	45880	48967	69684	28679	
45098	49914	35231	33834	93888	6370	45079	70203	91171	15395	107641	26802	117520	16333	37765	17576	33460	48062	33308	117787	13086	33669	114569	42740	60732	8304	106157	42803	22128	81137	26228	26057	38250	76039	49041	99511	11760	86919	27101	11284	94927	16091	42663	96043	0	25012	29620	115971	9112	25423	35988	87668	66490	61185	91524	88280	108841	99799	100660	30721	39904	4675	118944	38733	93609	22105	44587	36417	86308	40474	69179	101510	57119	34689	25108	44413	85647	101835	15019	110895	18855	23461	28875	40013	37589	34572	29035	106128	45975	83638	70207	84499	30537	93941	4455	93868	32021	37057	39615	96417	74347	38217	33687	44398	76988	44686	95660	48416	38300	48852	65698	
68381	74193	59168	31251	118166	21774	66292	102592	111899	24226	128369	51080	138248	32197	28402	41854	17540	68791	24960	138515	15562	17146	135298	60924	85010	25301	126886	67081	6809	105415	50166	21935	23047	100317	64336	120240	16703	111198	18252	19494	115656	18055	59889	120321	25012	0	24083	135458	22022	23282	20809	107155	85977	85278	111011	112373	128328	119286	120147	6296	63997	28845	138431	18114	113096	19541	60411	33808	105795	64567	93272	120997	81212	14070	45300	68506	109740	121322	39112	130382	18941	8341	14389	15588	54604	17945	24281	125615	65163	103125	89694	103986	9918	113428	28652	130775	22023	29531	37006	120510	98440	35863	57516	68491	112063	20261	115147	72246	62129	67330	89527	
75289	61192	48441	10328	108100	31970	52093	88780	121362	17160	137832	48221	147711	20728	9157	47768	36784	91380	4717	193576	23859	9441	129984	72931	79309	35251	122007	72995	26053	95350	39438	4380	8892	90251	79233	141936	35588	113973	10767	35113	110342	15574	72855	110255	29620	24083	0	146128	24074	7172	6995	139285	96647	78312	121681	101309	138998	117431	130816	18844	70060	33880	197892	42633	123766	8282	74744	10131	116465	56287	93289	131667	74247	38589	34597	74569	110548	113680	37341	141052	11511	15445	9177	13755	67746	42464	4582	150422	76131	113794	100364	114655	34437	124097	25994	120237	3867	9121	13329	119235	100401	14744	46814	64184	101098	13249	125816	61543	51426	79009	78824	
66608	80011	93219	145872	70834	118629	105398	49186	23519	132784	9540	106177	25854	127538	149803	99406	181383	70122	149452	12517	128236	148223	18585	76915	63620	114559	55269	73072	132507	70628	93359	140723	154394	81482	71566	20255	122309	65749	141767	119360	31668	130757	83044	76045	115971	135458	146128	0	119628	136419	148271	25275	46818	72033	29505	86385	7415	55608	34194	138148	73246	108869	4670	146161	23281	132575	77646	144204	39428	73517	55269	13849	77836	142117	130814	75764	67098	50185	104763	22561	129325	136568	139344	147440	77887	135431	141208	13505	64540	42508	43267	39078	137965	22673	114925	59627	142491	149340	162451	67870	63249	153967	109351	65606	54465	152113	45727	103863	114617	69053	97879	
53015	57832	39503	27474	101805	9251	46627	78120	99088	10204	115558	34719	125437	15225	31405	25493	30568	55979	26949	125704	10184	27310	122487	50657	68649	12532	114075	50720	19236	89054	30501	19698	31890	83956	56958	107428	12869	94837	20741	12394	102844	9732	50581	103960	9112	22022	24074	119628	0	19085	29649	96000	74823	69517	99857	96613	117174	108131	108992	27842	48236	13084	127276	35854	101941	15766	52919	30078	94641	48806	77511	109842	65451	31810	25685	52745	93979	110167	21693	119228	12517	20050	22536	34113	45921	31693	22696	114460	54307	91970	78539	92831	27658	102273	4740	102200	25682	30719	33276	104749	82680	32133	37902	52730	85320	38786	103992	52631	42514	57184	69912	
69805	55708	42957	10608	102617	27773	46609	83296	115878	8880	132348	42737	142228	15244	14538	42284	35289	85896	10047	188092	19662	16737	124500	67448	73825	31054	116523	67511	23957	89866	33954	2617	14988	84767	73749	136452	31392	108489	7402	30916	104858	11378	67371	104771	25423	23282	7172	136419	19085	0	12772	133809	91171	72836	116205	95833	133522	111955	125340	21408	64584	28883	192416	38819	118290	3285	69268	12493	110989	50811	87813	126191	68771	34775	29121	69093	105072	108204	31865	135576	6513	14859	10555	21762	62270	38650	9497	144946	70655	108318	94888	109179	30623	118621	20997	114761	8805	13842	15691	113759	94925	14548	41338	58708	95622	19027	120340	56067	45950	73533	73348	
81658	67560	54809	16697	114469	35302	58462	95148	127731	23529	144201	54590	154080	27096	10185	54136	35957	97748	6743	199945	25495	5069	136353	79300	85677	41619	128375	79363	25226	101718	45806	10749	6138	96620	85601	148304	35119	120342	14153	37911	116710	21942	79223	116623	35988	20809	6995	148271	29649	12772	0	145653	89715	84681	128049	107678	145366	123800	137184	14646	76429	39634	204261	38435	130134	14201	81112	12775	122833	62656	99657	138035	80615	34391	40965	80938	116917	120048	43710	147420	17429	18974	10955	8298	74114	38266	9531	156791	82500	120162	106732	121024	30239	130466	31748	126606	5613	10408	17900	125603	106769	21112	53182	70552	107466	8118	132185	67911	57795	85377	85193	
37868	59572	94084	139029	50395	90325	106263	28747	4465	125941	21205	77874	34672	120695	142960	71103	102558	37036	142609	31341	99933	119920	33863	41267	43180	86256	47503	40078	104204	50189	100034	112420	147551	61042	42826	10648	94006	53959	113463	91056	22638	102453	47697	60407	87668	107155	139285	25275	96000	133809	145653	0	23592	48922	11487	68368	20693	40652	33302	114922	50020	85643	30796	122935	14611	109349	45469	141337	21411	50291	37251	15796	54725	118891	114880	47969	55287	41890	81537	27877	106099	113343	116119	124215	54661	112205	138341	17979	39253	24490	20041	21061	114739	3434	91699	52141	141665	146474	146516	55409	45232	138032	93417	42381	36448	128887	35714	108799	98683	45828	79861	
22398	30748	43956	96391	32256	69148	56135	11020	26277	70003	42747	56696	52776	64757	100322	49925	81381	20641	99971	52893	78755	98742	49826	27434	14664	65078	41414	23591	83026	32049	44096	91242	104913	38030	30189	34617	72828	35820	92286	69879	30184	81276	33563	42268	66490	85977	96647	46818	74823	91171	89715	23592	0	25330	21337	50154	42129	34133	34994	92380	27478	63101	52232	100393	26897	86807	31878	85267	20643	26756	19309	34798	31133	96349	64890	29996	37345	36169	58995	45230	83557	90800	93576	101672	32119	89663	82271	39416	26875	17972	3495	18833	92197	27228	69157	45622	85596	90404	88465	44146	27289	88043	43427	18846	26910	106345	29994	54897	48693	23285	55495	
40202	12840	33112	72456	21088	67555	30098	26349	51493	64968	61948	42785	66836	59722	81987	44620	93824	38445	81637	78109	73450	88899	67089	45869	11385	69489	34994	38332	82492	11338	39061	76597	86578	13365	49584	59833	72945	26961	80865	72469	47447	73650	51998	27778	61185	85278	78312	72033	69517	72836	84681	48922	25330	0	46064	25491	67156	29877	49337	91752	45090	58923	77259	99765	50509	75166	49490	81598	38264	21296	21259	59470	5803	95721	46247	35460	24462	40456	52384	59850	75132	82665	84778	95985	49731	95603	78602	64443	44335	34392	28522	39039	91568	52256	64979	32683	81926	86734	77884	35232	13163	69399	33677	17120	27874	91920	36486	29568	25145	35438	30831	
47432	52632	65810	121425	38918	94182	77989	17270	8964	108337	25434	81730	31695	103091	125356	74959	106415	45675	125005	35580	103789	123776	31346	52468	32649	90112	36026	48625	108060	38712	71759	116276	129947	49565	55223	17304	97862	42482	117319	94913	11803	106310	58597	48930	91524	111011	121681	29505	99857	116205	128049	11487	21337	46064	0	56870	24880	29154	23895	116436	51534	87156	34983	124448	6524	110862	55934	107714	9913	49203	25754	16054	48321	120405	85278	54052	43790	30392	83051	24876	107612	114856	117632	125728	56175	113719	104718	22166	50930	12993	17851	9563	116252	9979	93212	40643	108043	112851	110912	43912	33734	108431	63816	41669	24950	130401	24217	74348	67663	47341	68364	
60704	33843	56109	87244	29931	94650	38646	43286	65845	87965	76299	65782	77158	82719	104984	71715	120920	58947	104634	92461	100545	111896	81441	66371	36210	96585	38382	62914	109587	19362	62058	99594	109575	14474	70086	74185	100040	30581	103862	99565	61798	96647	72500	17358	88280	112373	101309	86385	96613	95833	107678	68368	50154	25491	56870	0	81874	41274	59316	113742	66856	86179	91976	127021	61532	99104	71256	105535	49288	48552	31259	70494	26824	122977	61089	59587	29072	44734	76321	69828	99069	106602	108715	119922	71497	122859	102539	79160	66101	45415	53358	50062	118825	66973	92235	34558	105863	90311	81717	33118	23870	76949	57614	41247	38897	115857	47509	29870	39171	62663	12669	
58573	72881	86089	138742	63704	111499	98268	42056	17137	125654	14834	99047	31501	120408	142673	92276	123732	57741	142322	11067	121106	141093	24232	69785	56490	107429	60563	60783	125377	63498	86229	133593	147264	74352	63531	13220	115179	67268	134637	112230	32182	123627	75914	73716	108841	128328	138998	7415	117174	133522	145366	20693	42129	67156	24880	81874	0	54043	39474	133522	68620	104243	10469	141535	26002	127949	73020	139578	34802	68891	50643	17175	73211	137491	126188	71139	68679	55281	100137	27841	124699	131942	134719	142815	73261	130805	136582	6456	59904	37882	38641	34452	133339	18037	110299	65533	137865	144715	157825	68801	58623	149341	104726	60980	49839	147487	49106	99238	109991	64427	93253	
