//--------------------------------------------------------------------------------------------------------------------
//-- données sur la Morbihan récupérés par le géocodeur (matrice symétrique)
//-- 
//-- C. Duhamel, P. Lacomme C. Prodhon - juillet 2009 : 23325 kg à collecter, flotte de capa 26000
//--------------------------------------------------------------------------------------------------------------------
152 4 999999 0 0 0
5  100 100 2.5
5 500 80 5.2
8 1000 180 6.2
10 1500 180 9.2
0   // la ville qui represente le depot
0	41431	55913	71509	50343	70371	62505	100143	11135	80625	128020	64119	65109	77407	76401	114359	14494	90481	64206	26863	76375	34655	101946	115111	104377	67153	70734	77249	46440	36557	81882	83982	35352	113097	148560	64569	124937	57074	125956	90313	39118	116359	114412	56799	68107	149520	98775	120540	104008	55134	93281	39022	21172	78290	31746	81520	83837	102047	145724	97245	59777	138557	110980	137116	111202	94134	20656	76532	75077	103010	81693	60873	105884	60079	13185	31235	100693	27565	74343	108205	80413	92207	128931	55931	46794	81408	73947	32899	82526	99703	23663	87317	31119	88190	21637	11593	43257	52034	58438	25815	68518	74130	112292	133871	58036	53039	120369	59270	80148	86505	142459	21694	49090	94355	85491	68490	66254	83454	113320	91904	105753	24151	107473	93355	106647	79684	97241	5933	81482	26515	47474	101680	16996	67668	7238	60300	5310	20182	42079	75439	89381	97665	11982	65797	61039	51714	40993	33922	49355	57728	42768	38498	49138	
41431	0	31686	30609	77292	46143	38277	75638	27177	56398	103792	54086	40881	53180	99915	91925	26930	66253	76608	53908	52148	66660	77718	90883	89804	44394	46507	71441	6641	36063	57654	59754	23621	88870	124333	40342	100709	62885	103810	64426	89204	82592	90185	69202	80510	125292	74547	93722	79780	73551	69053	59734	49332	54062	22001	57292	59610	77819	121497	73017	78194	114330	86753	112889	86974	79561	19699	52305	52318	78782	57466	38114	81657	72482	33203	36425	86120	20589	86746	82318	91500	67979	104703	33172	31722	58668	51188	6076	65427	85130	26820	63090	11048	75011	17389	40879	26648	41255	34211	38890	66503	49902	88064	117812	33809	65442	96142	35042	55921	62277	128833	31019	48596	67435	59604	44263	42027	59227	89093	77331	81526	23067	83246	69128	84213	66035	73013	41798	78362	49178	27167	75793	30735	26768	41951	45773	46492	41745	28575	51211	65154	71779	46589	41569	20139	23978	57441	17510	8454	70131	14728	22401	23231	
55913	31686	0	41623	65410	19142	8043	48636	58745	29396	76791	35285	11033	26178	62279	64923	47786	39252	64726	67334	25146	54778	50717	63882	71002	25592	19505	52639	36123	24181	30653	32753	51756	61869	97331	17707	73708	43458	76808	45625	77322	73915	63183	57320	68628	98291	47546	66721	52779	61669	42052	47852	67189	27061	28912	30291	32608	50818	94495	46016	53076	87329	59752	85887	59973	72072	47990	25303	33516	51781	30464	19313	54655	60600	45541	45650	77374	48724	74864	63934	79618	40978	77702	13347	19840	39867	32387	34367	46626	66329	54956	36088	39339	56210	48956	53217	54783	22454	11575	42890	47701	22901	61063	90810	6608	53560	69140	8041	28919	35276	101831	43357	36714	48633	40802	18291	15025	32225	62092	58530	54524	35876	56244	42126	57212	47233	46012	59607	59561	53977	11703	55264	58871	37782	54289	26971	60084	59733	16693	24210	38152	52977	58927	15598	31153	11625	45559	27228	27083	58249	17986	22329	6945	
71509	30609	41623	0	86412	55263	47397	84757	56912	65518	112912	63206	50001	62299	109035	101045	56664	75373	85728	88336	61267	75779	86838	100003	98923	53514	55626	80561	33991	45183	66774	68874	53355	97990	133453	49462	109829	72005	112930	73546	98324	91712	99305	78322	89630	134412	83667	102842	88900	82671	78173	68854	88191	63182	43001	66412	68729	86939	130617	82137	87314	123450	95873	122009	96094	88680	49434	61425	61438	87902	66585	47234	90777	81602	66543	66651	95240	50323	95866	91438	100620	77099	113823	42292	40842	67788	60308	35811	74547	94250	56555	72210	40783	84131	47123	74219	56382	50375	43330	63892	75623	59022	97184	126932	42929	74562	105261	44162	65040	71397	137953	64359	57716	76555	68724	53383	51146	68346	98213	86451	90646	46578	92365	78247	93333	75154	82133	71533	87482	74979	36287	84913	60470	7218	75291	54893	76226	80735	37695	60331	74273	80899	79929	50689	12537	33097	66561	36321	23769	79251	29615	37289	32351	
50343	77292	65410	86412	0	79381	71516	70355	65077	89636	105942	51284	74120	86418	46612	84570	55982	71825	7617	18354	85386	12034	95174	108339	74588	59467	79745	47460	80658	43426	90892	92993	72041	106326	130799	67819	118165	33061	96167	60525	12010	86570	107641	22368	23868	142749	86640	90751	88246	26917	89785	20518	26827	87300	50965	97350	82392	95276	122585	78161	31267	131786	104209	130345	120213	64345	54442	85543	51229	96238	90704	58777	99113	18808	47722	21771	70904	61954	24752	78416	37826	98489	122160	64776	55817	51620	56712	60763	52737	69914	75724	94374	52486	58401	58191	31251	75068	57988	67449	37050	38729	83141	105521	104082	67047	10691	98174	68280	89159	101737	112670	42088	43708	64567	55702	72753	75265	72868	106549	62115	98982	44072	100702	102366	76858	49895	97076	51853	51693	15872	59363	71892	60809	82317	37363	49380	49155	24043	51102	84449	98392	67876	38397	74807	75688	60725	30041	52173	71618	16445	62521	50139	58149	
70371	46143	19142	55263	79381	0	11881	33162	72841	13875	61317	39178	7390	8879	62538	49450	61883	21952	78823	81431	9756	68874	35243	48408	72664	26950	6321	53791	50219	38278	15263	17231	65853	46395	81858	18900	58234	57555	61335	41734	91419	58442	47710	71417	82725	82817	32072	51247	37305	57666	26578	61949	81286	11671	43008	14817	17135	35344	79022	30542	60761	71855	44278	70414	44583	56599	62087	12119	31935	36307	14990	33410	39182	74697	59638	59746	61900	62821	88960	48461	82080	25504	62228	28467	33936	39615	28195	48464	46374	67982	69052	20615	53436	60964	63053	67314	68880	36551	17274	56987	52682	7379	45589	75337	15139	67657	53666	11785	13529	19754	86358	57454	50811	46376	32295	12000	4366	14926	46618	58364	39051	49973	40771	26736	41738	52214	30538	73703	59819	68074	25799	39791	72967	51879	68386	41068	74180	73830	30789	11026	22762	53571	73024	6789	45250	30545	59655	41324	41180	72345	32083	36426	22790	
62505	38277	8043	47397	71516	11881	0	39817	65287	27535	74929	41827	4833	19674	69537	58024	54328	32573	71269	73876	23284	61320	48855	62020	79319	32135	15868	59182	42665	30723	28791	30891	58299	60007	95470	25899	71846	50000	69909	46778	83864	65096	61322	63862	75171	96429	45684	64859	50917	68211	40190	54395	73731	25199	35454	28429	30746	48956	92634	44154	67760	85467	57890	84026	58111	63253	54532	21666	38934	49919	28602	25855	52793	67143	52083	52192	68555	55267	81406	55116	89079	39116	75840	19889	26382	46615	35195	40910	53373	74637	61498	34227	45881	62957	55498	59760	61326	28996	18118	49433	54244	21039	59201	88948	12211	60103	67278	7269	27057	33414	99970	49900	43257	53031	39294	18999	11353	26764	60230	65019	52663	42418	54382	40264	50312	53776	44150	66149	66818	60520	18245	46445	65413	44324	60831	33514	66626	66276	23235	20573	36290	60226	65469	13777	37695	18167	52101	33770	33625	64791	24529	28872	13487	
100143	75638	48636	84757	70355	33162	39817	0	87209	31608	43061	25792	41873	22690	45971	19749	98676	6996	65999	81257	39546	63466	30130	43295	40776	23619	38045	40841	64587	52646	36931	34964	80221	41282	66938	20630	53121	38889	31634	9846	78595	26553	42597	49432	57778	67897	21596	25930	20496	40886	24741	63213	81112	41461	57376	20180	17563	30231	57935	13117	43981	56935	39165	55494	74373	24710	76455	43843	19640	31194	25803	27968	34068	54999	90416	70710	30012	77189	65527	16573	65300	33445	47308	29393	34738	24522	22490	62832	28582	36094	83420	29330	67804	29076	77421	85536	83248	32906	29933	79744	35902	37169	40476	39431	44895	54833	33353	41541	43319	36693	48020	84782	39397	14488	14480	22478	29362	12847	41505	26476	33938	86766	35657	56526	12037	35434	32031	110497	43252	70156	33332	7902	87335	66247	91648	33747	97309	78328	40853	42750	52552	21683	90721	23175	59618	44913	60672	55692	55548	51289	46451	50794	35880	
11135	27177	58745	56912	65077	72841	65287	87209	0	83520	130914	64966	68003	80301	88359	119046	7725	93375	65053	32164	79269	40411	104840	118005	116335	71515	73628	89208	35721	37404	84776	86876	24633	115992	151454	67463	127831	63936	130931	91548	47437	109713	117307	57646	68955	152414	101669	120844	106902	61995	96175	48179	26473	81184	30894	84414	86731	104941	148618	100139	66638	141452	113875	140011	114096	106092	12339	79426	79439	105904	84587	65236	108778	60926	14032	32331	112652	16847	75190	109440	79944	95101	131825	60293	58843	85790	78309	22180	92549	111662	25329	90212	24001	100148	10918	16894	32539	52881	61332	26662	80477	77024	115186	144933	60931	53886	123263	62164	83042	89399	155955	22541	49937	94556	86725	71385	69148	86348	116215	103863	108648	25524	110367	96249	111335	91642	100135	9696	93440	33564	54289	102915	20759	56950	11822	72894	13831	26130	42926	78333	92275	98900	20720	68691	50321	51099	45885	32674	38636	58575	41849	39345	50353	
80625	56398	29396	65518	89636	13875	27535	31608	83520	0	59434	47344	22663	15463	75976	47567	72430	25650	89370	91978	13030	79422	33360	46525	70781	37491	18836	81814	60767	48825	5883	3917	76400	44512	79975	32732	56351	68102	59452	39851	101966	56559	45827	81964	98751	80934	21130	49364	35422	81860	15206	72496	91833	16593	53556	12934	15252	21483	77139	28659	84954	69972	42395	68531	43237	54716	72634	24634	40101	15620	6162	43957	37299	85244	70185	70294	60017	73368	99508	46578	106274	12482	60345	39015	44484	47782	36362	59011	69555	66099	79600	18732	63983	59081	73600	77861	79427	47098	31106	67534	76876	8505	43706	73454	25686	78204	51783	22332	11117	6440	84475	68001	61358	44493	40462	25832	19273	18624	44735	56481	15786	60520	38888	25390	39855	76408	13331	84251	73257	78621	36347	37908	83515	62426	78933	51616	84728	84377	41337	23541	21416	51688	83571	23138	55797	41093	70203	51872	51727	82893	42630	46973	33338	
128020	103792	76791	112912	105942	61317	74929	43061	130914	59434	0	64868	69078	62486	62009	25419	118845	49039	105075	120332	66752	102542	23963	19402	33004	66954	65251	57832	107181	95240	51557	49586	122815	31713	27722	62673	52522	77964	17798	51031	117671	27493	39539	88507	96854	28682	28973	12883	26309	79962	32427	118911	120187	68667	99971	47386	46825	29445	24886	30469	83057	17720	38566	16278	101579	37702	119049	71049	58716	37199	53009	90372	33469	94074	116600	116708	32666	119783	104603	30800	88543	39450	9669	85429	90899	63597	64199	105426	53683	41525	126015	44410	110398	45115	120015	124276	125842	93513	77521	113949	63618	64375	39877	17877	72101	93909	10178	68747	70525	42698	22032	114416	78472	43399	53556	72247	65688	58262	26587	39142	39943	106935	35058	83732	32734	58343	38036	130666	59291	109231	82762	39194	129930	108841	125348	72823	131143	117403	87752	69956	79758	51000	129986	69553	102212	87508	116618	98287	98142	90364	89045	93388	79753	
64119	54086	35285	63206	51284	39178	41827	25792	64966	47344	64868	0	41548	37896	31401	42997	55244	30251	47060	62317	48787	44526	53601	66766	43223	9331	43146	21761	57640	27866	54293	50453	73274	64753	89226	17731	76592	16474	54594	18951	59655	44997	66068	30492	38838	101175	45067	49178	46673	21947	48212	44273	62172	50701	37466	55776	40818	53702	81012	36588	25041	90213	62636	88772	83614	32980	53704	48944	7042	54665	41291	18695	57540	36059	53000	34567	39539	70242	46587	36843	46360	56916	80586	24694	21836	9393	12525	55885	18846	38549	76473	52801	48622	28430	70473	53862	76301	17906	30236	42327	16823	46542	63947	62509	37749	35893	56600	38982	52560	60164	71097	47366	14948	22993	14129	28566	35450	28681	64976	30750	57409	43334	59129	65767	35285	16355	55502	67064	28682	51216	26717	30318	80388	59299	61747	9298	67542	59388	28968	47850	61793	25198	59571	32631	52670	35593	25291	38675	48600	32349	39504	42722	29302	
65109	40881	11033	50001	74120	7390	4833	41873	68003	22663	69078	41548	0	15175	65038	53525	57279	28075	74219	76827	18786	64270	44356	57521	74820	29450	11370	56292	45615	33674	24292	26392	61249	55508	90971	21400	67347	52951	65410	42279	86815	60597	56823	66813	78121	91930	41185	60360	46418	60166	35691	57345	76682	20700	38404	23930	26248	44457	88135	39655	63261	80968	53391	79527	53612	58755	57483	17168	34435	45420	24104	28806	48295	70093	55034	55142	64056	58217	84356	50617	84580	34617	71341	23863	29332	42116	30696	43860	48874	70138	64449	29728	48832	58458	58449	62710	64276	31947	19775	52383	55182	16540	54702	84450	10535	63053	62780	5915	22558	28915	95471	52850	46207	48532	34796	14500	6855	22265	55731	60520	48164	45369	49884	35766	45813	54714	39651	69099	62319	63470	21195	41947	68363	47275	63782	36464	69577	69226	26185	16074	31791	55727	68420	9278	40646	21149	55051	36720	36576	67741	27479	31822	16469	
77407	53180	26178	62299	86418	8879	19674	22690	80301	15463	62486	37896	15175	0	59221	40805	68846	16436	85786	88394	16753	75837	30242	43407	62100	26008	15252	50475	57182	45241	22260	18838	72816	41394	76857	17392	53233	52351	52690	28830	98382	47877	42709	78380	71241	77816	27071	46986	32304	54349	21577	68912	88249	18668	49971	11410	13745	30343	74021	22937	57444	66854	39277	65413	51580	46034	69050	21050	28618	31306	9677	24730	34181	81660	66601	66709	51336	69784	78990	37896	78763	20503	57227	21877	40900	36298	24879	55427	43057	57418	76016	15614	60399	50400	70016	74277	75843	43514	17626	63950	49365	11574	40588	60487	22102	74620	48666	18748	20526	21361	69075	64417	57774	35811	28978	10736	11828	9409	41617	47800	34050	56936	35770	33733	33093	48897	25537	80666	56502	75037	32763	29226	79930	58842	75349	48031	81144	80793	37752	19956	29759	43007	79987	7475	52213	37508	66619	48288	48143	79309	39046	43389	29754	
76401	99915	62279	109035	46612	62538	69537	45971	88359	75976	62009	31401	65038	59221	0	46337	76762	51191	44085	59343	72431	41552	74871	88037	36047	38925	66790	10154	101438	64206	93797	91831	92821	86023	79244	47277	97863	22879	44611	39004	56681	36258	87338	25733	26114	87441	66337	52662	67944	18351	69482	36735	59198	74346	71745	77047	61758	74973	71030	57858	14693	76478	83906	75037	107258	28146	75222	72588	30687	75935	82670	45622	78810	33085	68502	42606	33153	82734	33500	40970	23677	78186	69177	51621	48763	24505	36170	81543	18732	25901	96505	74071	73266	17248	78971	61448	95848	44833	57162	57830	11514	94036	85218	52527	64676	32919	60085	65909	76204	81434	61115	62868	35173	34001	34181	52211	59095	57043	86246	24177	78679	64852	80399	89411	56555	17334	76773	88583	7837	48242	53644	40898	100419	103097	67790	36225	73451	56413	71882	71495	85437	29264	67158	56276	96468	81505	38490	72953	92398	30340	83301	70919	56229	
114359	91925	64923	101045	84570	49450	58024	19749	119046	47567	25419	42997	53525	40805	46337	0	116703	25770	84027	99284	65867	81493	28636	24075	27388	45905	64365	40224	106296	70342	63251	61285	121930	36385	46697	39404	67316	56916	12182	29983	96622	13556	43695	67459	75805	49963	23550	8258	17605	58914	38936	81240	99139	67781	99085	46500	36337	34118	38483	20020	62008	39001	53360	37560	100693	19822	115164	70164	37667	45389	52123	54449	48264	73026	108443	88737	20663	118898	83554	7313	83328	47640	29636	48166	62702	42549	43151	104541	46609	32030	125129	43525	109512	29156	119129	103563	124957	60383	48707	97771	53930	63490	54671	19980	71215	72860	15681	67862	69639	50888	28568	102809	57424	22324	32507	41252	64802	31621	33805	24007	48133	104794	49853	82847	9465	53462	46227	128524	44447	88183	52106	15707	129044	107955	109675	51775	115336	96355	59626	69070	78872	29925	108748	41949	101326	86622	78699	97401	97256	69316	88160	92503	54653	
14494	26930	47786	56664	55982	61883	54328	98676	7725	72430	118845	55244	57279	68846	76762	116703	0	82233	55958	29923	68128	32040	93698	106863	107241	58905	62487	80113	35906	28310	73634	75735	24818	104850	140313	56322	116689	54841	128820	93178	43292	119223	106165	48552	59860	141273	90527	123404	95761	52901	85033	39084	25347	70042	23498	73272	75590	93800	137477	88997	57544	130310	102733	128869	102955	96998	7784	68285	66829	94762	73446	52626	97637	51832	5886	23960	103557	17032	66096	111069	70850	83960	120683	47683	38547	84273	65700	22365	85390	102567	25514	79070	18248	91054	11103	15049	32724	43787	50191	18291	71382	65883	104045	136735	49789	44792	112122	51022	71901	78258	145323	14170	40843	97220	88355	60243	58007	75207	105073	94768	97506	15904	99226	85108	109511	82548	88994	18220	84346	25193	39227	104545	29283	57135	12902	52053	18697	18860	33832	67191	81134	100529	21800	57549	50506	43467	36791	25675	38821	49480	34520	30251	40891	
90481	66253	39252	75373	71825	21952	32573	6996	93375	25650	49039	30251	28075	16436	51191	25770	82233	0	76365	91622	29707	73831	35928	49094	46429	18709	28206	51206	70137	58195	30981	29015	85770	47080	72323	15720	58920	49254	37019	13159	88960	32206	48395	59797	68143	73282	27394	31315	25881	51252	30539	73578	91477	31622	62926	16867	14818	36030	63320	18915	54346	62320	44963	60879	64534	30364	82004	34004	21319	36992	19854	23057	39867	65364	79555	81075	35665	82738	75892	22226	75665	24801	52693	24482	29827	34887	17580	68382	38947	41747	88970	19912	73353	34729	82970	95901	88797	27995	25023	76904	46268	27330	46275	44816	35056	65198	38738	31702	33480	31591	53405	77371	34883	20141	15149	18606	20809	6616	47303	32129	39736	69890	41456	46687	17422	45799	29835	93621	48905	80521	28422	13556	92885	71796	88303	28845	94098	88693	35942	32911	42713	27336	101086	16944	65167	50463	45227	61242	61097	61654	52001	56343	30969	
64206	76608	64726	85728	7617	78823	71269	65999	65053	89370	105075	47060	74219	85786	44085	84027	55958	76365	0	24314	85020	19175	94809	107974	74222	59101	79379	47095	80292	43060	90527	92627	71675	105960	130434	67453	117800	32695	95801	60159	19542	86205	107275	22003	18974	142383	86274	90385	87881	26552	89419	20153	36821	86935	50599	96984	82026	94910	122220	77796	30902	131420	103843	129979	119847	63979	54076	85177	50863	95873	90338	58412	98747	16790	47356	27650	70538	61588	19858	78051	29964	98123	121794	64410	55451	51254	56346	60397	52371	69548	75359	94008	52120	58035	57825	46493	74702	57622	67083	36684	38364	82775	105155	103716	66681	9807	97808	67914	88793	101371	112304	41722	43342	64201	55336	72388	74899	72503	106184	61750	98616	43706	100336	102000	76492	49529	96710	67437	51327	25865	58997	71526	79273	81951	52834	49014	56656	34036	50737	84084	98026	67510	52202	74442	75322	60359	29675	51808	71252	15302	62156	49773	57783	
26863	53908	67334	88336	18354	81431	73876	81257	32164	91978	120332	62317	76827	88394	59343	99284	29923	91622	24314	0	87634	19232	106493	119658	85906	70786	81993	58779	58861	45674	93141	95241	60355	117645	142118	75828	129484	44380	107485	71843	12322	97889	118960	33687	40312	154067	97959	102069	99565	38236	101104	25449	7682	89549	42013	92779	93710	106594	133904	89480	42586	143105	115528	141664	122461	75663	34445	87791	62548	107557	92952	61977	110431	32284	24631	22199	82223	48483	46548	89735	61943	103466	133478	67190	58065	62938	68031	49077	64056	81233	46090	98576	44601	69719	42850	15728	63382	49918	69697	29040	50048	85389	116839	115401	69295	27139	109492	70528	91407	97764	123989	28170	45623	75885	67020	79749	77513	84187	117868	73434	110301	34419	112020	104614	88177	61214	108394	30467	63012	12913	61611	83210	39423	84565	21840	52580	27769	12902	53351	86698	100640	79195	17011	77056	77936	62973	31957	54422	73866	29920	64770	52387	60397	
76375	52148	25146	61267	85386	9756	23284	39546	79269	13030	66752	48787	18786	16753	72431	65867	68128	29707	85020	87634	0	75449	41507	54672	78928	46264	11236	63651	56794	44853	12415	16428	72428	52659	88122	28759	64498	64130	67599	47998	97994	64705	53974	77992	89300	89081	38336	57511	43569	82341	32842	68524	87861	6079	49583	21081	23398	41608	85286	36806	70620	78119	50542	76678	38639	62862	68662	12599	41794	42571	14511	39985	45445	81272	66213	66321	68164	69396	95535	54725	91939	31768	68492	35042	40511	49475	38055	55039	56234	74246	75627	26879	60011	67228	69628	73889	75455	43126	27134	63562	62541	5953	51853	81600	21714	74232	59930	18360	7586	18901	92622	64029	57386	52640	42155	21860	15300	23015	52882	64628	28247	56548	47034	20793	48002	62073	25792	80278	69679	74649	32374	46055	79542	58454	74961	47643	80755	80405	37364	9174	16819	59835	79598	19166	51825	37120	66230	47899	47755	78920	38658	43001	29365	
34655	66660	54778	75779	12034	68874	61320	63466	40411	79422	102542	44526	64270	75837	41552	81493	32040	73831	19175	19232	75449	0	91761	104926	71175	56054	69342	44047	70254	33023	80489	82590	54810	102913	127386	64406	114752	29648	92754	57112	21877	83157	104228	18955	26913	139336	83227	87338	84833	23504	86372	8354	19099	76897	40561	93937	78979	91863	119172	74748	27854	128373	100796	126932	109810	60932	32846	75140	47816	92825	80301	55364	95700	18885	26349	8108	67491	44722	33149	75003	47211	95076	118747	54538	45414	48206	53299	43532	49324	66501	58493	90961	35255	54988	40960	23523	57836	35827	57046	14949	35316	72738	102108	100669	56644	9360	94761	57877	78756	85113	109257	20825	31532	61153	52289	67098	64862	69455	103136	58702	95569	26841	97289	91963	73445	46482	93663	42800	48280	8143	48960	68479	53135	71914	29635	45967	35296	16315	40699	74046	87989	64463	28709	64404	65285	50322	17865	41770	61215	15818	52118	39735	47746	
101946	77718	50717	86838	95174	35243	48855	30130	104840	33360	23963	53601	44356	30242	74871	28636	93698	35928	94809	106493	41507	91761	0	10863	49902	58832	42504	71794	84434	72493	32613	30643	100068	12100	44313	56399	29774	69842	34697	42909	109548	40234	19250	80385	88731	45272	8804	22455	10697	71840	14091	96164	112065	45919	77223	24639	24078	6698	41477	22668	74935	34310	15818	32869	78831	55839	96302	48302	50594	18255	30261	67625	10722	85952	93852	93961	46146	97036	96480	33990	96254	20506	24683	62682	68151	55475	56077	82679	59535	67223	103267	21663	87651	60205	97267	101529	103095	70765	54774	91202	66856	41628	17130	37792	49353	85787	16122	46000	47778	23754	48813	91669	70350	45617	45434	49499	42940	35515	9205	57605	20999	84188	12311	60985	38418	66388	19093	107918	74381	101109	60014	43004	107182	86094	102601	64701	108395	109281	65004	47208	57011	52812	107238	46806	79464	64760	93870	75539	75395	82242	66298	70641	57005	
115111	90883	63882	100003	108339	48408	62020	43295	118005	46525	19402	66766	57521	43407	88037	24075	106863	49094	107974	119658	54672	104926	10863	0	44018	68800	52472	81763	94403	82461	38688	36717	110036	11025	39749	66368	39743	79810	28813	52877	119517	34349	17030	90354	98700	40708	16104	16570	13440	81808	19557	106133	122034	55888	87192	34607	34046	16666	36913	32637	84903	29746	25787	28305	88800	40615	106270	58270	60562	24330	40230	77593	20690	95921	103821	103930	40262	107004	106449	28106	106222	26581	20119	72651	78120	65444	66045	92648	69504	52823	113236	31632	97619	70174	107236	111497	113063	80734	64742	101170	76824	51596	19504	33228	59322	95755	11558	55968	57746	29829	44249	101637	80319	55585	55402	59468	52909	45483	8366	44800	27074	94156	12659	70953	26219	76356	25167	117887	84350	111078	69983	52972	117151	96062	112569	74669	118364	119250	74973	57177	66979	62781	117207	56774	89433	74729	103839	85508	85363	92211	76267	80609	66974	
104377	89804	71002	98923	74588	72664	79319	40776	116335	70781	33004	43223	74820	62100	36047	27388	107241	46429	74222	85906	78928	71175	49902	44018	0	45032	86525	31911	91596	70264	85410	83444	107229	58288	49032	53384	89476	46952	15374	39167	84201	18011	65598	53253	64901	58896	57950	32070	45378	46225	61095	64255	86718	89941	83260	68660	53371	56021	40818	49471	45426	47933	75519	46492	122853	15423	102742	92323	36794	67549	74283	53576	70423	60605	96022	70126	8358	104197	74279	25920	58478	69799	40631	58638	61829	35128	42278	89840	26021	8353	110429	65684	94812	19194	104429	88968	110256	60304	64191	85350	35956	85649	76831	22314	93375	60439	36164	90021	91799	73047	30903	90388	57346	25614	40289	58287	86962	48656	55708	11479	70292	92372	72012	105006	37097	30680	68386	116103	33370	75762	60673	32512	114344	93255	95310	51696	100971	83933	68193	91229	101032	18598	94678	58984	86626	69549	66010	82701	82556	56895	73460	76678	63258	
67153	44394	25592	53514	59467	26950	32135	23619	71515	37491	66954	9331	29450	26008	38925	45905	58905	18709	59101	70786	46264	56054	58832	68800	45032	0	33508	31052	48005	34939	44656	40815	63639	68038	84631	8796	79877	22783	49998	22236	68946	40402	69353	39783	48129	104460	48352	52462	49958	31237	51497	36885	71463	41064	39670	28667	31079	56987	76417	39873	34332	93498	65921	92057	73976	37370	59873	39307	10128	57950	31654	9986	60825	45350	56299	36190	43930	60607	55878	40128	55651	42432	83871	15047	18238	16478	8998	46250	23237	42940	66838	37543	51221	32821	60838	55484	66666	14924	17712	53648	26114	36904	67232	57913	28114	45184	59885	29347	42922	43338	66501	54115	16570	25245	17414	18929	23005	19044	68261	35141	60694	46634	62413	56130	38570	25646	58787	70365	37973	60507	17082	33603	70753	49664	65047	10532	70842	50273	24603	38213	52155	29589	61194	22994	43035	25958	26914	39110	38965	41640	29869	33087	19667	
70734	46507	19505	55626	79745	6321	15868	38045	73628	18836	65251	43146	11370	15252	66790	64365	62487	28206	79379	81993	11236	69342	42504	52472	86525	33508	0	58149	51292	39351	16648	21903	66926	51019	86482	23257	62858	58628	65959	46358	92492	63066	52334	72489	83798	87441	36696	55871	41929	76838	31202	63022	82359	8687	44081	19441	21759	39968	83646	35166	65118	76479	48902	75038	45968	61223	63160	7217	36292	40931	19615	34483	43806	75770	60710	60819	66524	63894	90033	53085	86437	30128	66852	29540	35009	43973	32553	49537	50731	72606	70125	25239	54509	65588	64125	68387	69953	37623	21632	58060	57039	12051	50213	79961	16211	68730	58291	12858	14914	24426	90982	58527	51884	51000	36653	16357	9798	21376	51242	62988	43675	51046	45395	28121	46362	56571	35162	74776	64176	69147	26872	44415	74040	52951	69459	42141	75253	74903	31862	6124	24147	58195	74096	13664	46322	31618	60728	42397	42252	73418	33156	37499	23863	
77249	71441	52639	80561	47460	53791	59182	40841	89208	81814	57832	21761	56292	50475	10154	40224	80113	51206	47095	58779	63651	44047	71794	81763	31911	31052	58149	0	75011	45237	83739	81773	90645	75965	74946	38437	87805	21926	40314	30164	59175	30877	77280	28226	38358	83144	56279	46534	57886	21198	59424	39228	61691	65506	54837	66989	55242	64915	66733	47800	21812	72181	73848	70740	98418	21500	77716	63748	21847	65877	72612	36067	68752	35578	70996	45099	28855	87613	46106	34842	35277	68128	64879	42065	39207	14350	27330	73256	9892	27076	93845	64013	75760	12950	81465	63942	93672	35278	47607	60323	10929	61346	75160	48229	55120	35413	53957	56353	67364	71376	56817	65362	32319	27485	25341	43371	50255	43486	76188	19879	68621	67346	70341	80571	46497	7180	66715	91076	7380	50735	44089	34383	97759	76671	70284	26670	75945	58907	46340	62655	76597	18286	69652	47436	70042	52965	40983	56046	65972	31868	56875	73412	46673	
46440	6641	36123	33991	80658	50219	42665	64587	35721	60767	107181	57640	45615	57182	101438	106296	35906	70137	80292	58861	56794	70254	84434	94403	91596	48005	51292	75011	0	39803	61394	63495	28649	92610	128073	44082	104450	66625	107550	68167	92944	86332	93925	72942	84251	129033	78287	97463	83521	77291	72793	63475	54360	57803	26124	61033	63350	81560	125237	76757	81934	118070	90493	116629	90715	83301	24728	56045	56058	82522	61206	41855	85397	76223	38231	40548	89860	25617	90486	86059	95240	71720	108444	36912	35462	62409	54928	11105	69167	88870	31849	66830	16077	78751	22417	45908	31676	44996	37951	39300	70243	53643	91805	121552	37549	69183	99882	38782	59661	66018	132573	36047	52337	71175	63344	48003	45767	62967	92833	81071	85266	23829	86986	72868	87953	69775	76754	46827	82103	54207	30907	79534	35764	30331	46979	49513	51520	46773	32315	54951	68894	75519	51617	45309	23702	27718	61181	21633	12017	73871	18468	26141	26972	
36557	36063	24181	45183	43426	38278	30723	52646	37404	48825	95240	27866	33674	45241	64206	70342	28310	58195	43060	45674	44853	33023	72493	82461	70264	34939	39351	45237	39803	0	50728	52829	56127	81944	117407	33416	93783	27168	81089	45447	53739	71492	83259	33736	45045	118367	67621	75673	72855	38085	62127	24269	43606	47137	10207	50367	52684	70894	114571	66091	42728	107404	79827	105963	80049	62147	26445	45379	33537	71856	50540	21639	74731	37017	25740	22066	68706	33957	51280	63338	56034	61054	97778	24778	10778	35888	39020	38738	46377	67716	59327	56164	21363	56203	30194	33416	59154	15823	27285	19307	40324	42977	81139	89004	26883	29977	89216	28116	48995	55352	97592	23556	12879	49488	40624	37337	35101	52301	82167	59917	74600	16075	76320	62202	61780	39856	66088	39806	52184	30394	19199	56814	63242	42153	34488	24089	40283	36150	10938	44285	58228	51693	39126	34643	35524	20561	21975	11416	31454	34665	22357	9975	17985	
81882	57654	30653	66774	90892	15263	28791	36931	84776	5883	51557	54293	24292	22260	93797	63251	73634	30981	90527	93141	12415	80489	32613	38688	85410	44656	16648	83739	61394	50728	0	4604	77792	41409	76872	34123	53249	69494	64800	53170	103357	67944	42724	83355	94664	77832	23954	49606	32404	82101	18030	73888	93224	13678	54947	18283	20600	24307	74036	34007	85196	66869	39292	65428	38010	66101	74026	19832	45450	18443	11510	45348	34196	86636	71576	71685	71402	74760	100899	51926	106515	15306	57243	40406	45875	53130	41710	60403	69797	77485	80991	18475	65374	70466	74991	79253	80819	48489	32497	68926	77117	8095	40604	70351	27077	79596	48681	23724	5890	9264	81372	69393	62750	55878	45810	27223	20664	23972	41632	67866	18610	61912	35785	20163	45203	76649	16155	85642	84643	80013	37738	43256	84906	63817	80324	53007	86119	85769	42728	16407	16189	63073	84962	24530	57188	42484	71594	53263	53118	84284	44022	48365	34729	
83982	59754	32753	68874	92993	17231	30891	34964	86876	3917	49586	50453	26392	18838	91831	61285	75735	29015	92627	95241	16428	82590	30643	36717	83444	40815	21903	81773	63495	52829	4604	0	79988	39649	75111	36319	51488	71690	63039	51409	105554	66183	40964	85552	97232	76071	22193	47845	30643	80340	16269	76084	95421	17404	57143	16522	18839	22546	72275	32247	83435	65109	37532	63667	41735	64340	76222	23557	43689	16683	9749	47545	32435	88832	73773	73881	69642	76956	103095	50165	104754	13545	55482	42602	48071	51369	39950	62599	68036	75724	83188	16714	67571	68706	77188	81449	83015	50686	34694	71122	75356	11520	38843	68590	29274	81792	46920	25920	9615	7503	79611	71589	64946	54117	44049	29420	22860	22211	39872	66106	16849	64108	34024	23888	43443	74888	14394	87838	82882	82209	39934	41495	87102	66014	82521	55203	88315	87965	44924	20132	19914	61312	87159	26726	59385	44680	73790	55459	55315	86480	46218	50561	36925	
35352	23621	51756	53355	72041	65853	58299	80221	24633	76400	122815	73274	61249	72816	92821	121930	24818	85770	71675	60355	72428	54810	100068	110036	107229	63639	66926	90645	28649	56127	77792	79988	0	108212	143675	59684	120051	71082	123152	83768	84794	101934	109527	64792	76101	144634	93889	113064	99122	69141	88395	55325	56094	73404	35199	76634	78951	97161	140839	92359	73784	133672	106095	132231	106316	98902	24286	71646	71660	98124	76807	57456	100998	68072	30174	47283	105462	13321	82336	101660	87090	87321	124045	52514	51063	78010	70530	19208	84769	104472	12188	82432	24219	94353	18354	47641	10762	60597	53552	45652	85844	69244	107406	137153	53151	61032	115483	54384	75262	81619	148175	37781	67938	86776	78945	63605	61368	78568	108435	96673	100868	29829	102587	88469	103555	85376	92355	28862	97704	55941	46509	95135	17799	49170	36669	65115	33555	48507	47916	70553	84495	91121	42179	60911	42541	43319	53031	43019	30856	65721	34070	41743	42573	
113097	88870	61869	97990	106326	46395	60007	41282	115992	44512	31713	64753	55508	41394	86023	36385	104850	47080	105960	117645	52659	102913	12100	11025	58288	68038	51019	75965	92610	81944	41409	39649	108212	0	51953	64926	32446	78368	42338	51435	118075	66209	6353	88912	97258	41155	22304	30095	19986	80366	22617	104690	120592	54446	85749	33165	32604	15238	49117	31195	83461	31387	18489	40510	87358	64366	104828	56828	59120	26782	38788	76151	13393	94479	102379	102487	69667	105562	105007	41631	104780	29032	32324	71208	76677	64001	64603	91205	68061	75749	111794	30189	96177	68731	105794	110055	111621	79292	63300	99728	75382	50154	13369	45432	57880	94313	23762	54526	56304	32280	56454	100195	78877	54143	53960	58026	51467	44041	4430	66131	29525	92714	4415	69511	46944	74914	27619	116444	82908	109636	68541	51530	115708	94620	111127	73227	116922	117807	73530	55734	65537	61338	115765	55332	87991	73286	102397	84065	83921	90768	74824	79167	65532	
148560	124333	97331	133453	130799	81858	95470	66938	151454	79975	27722	89226	90971	76857	79244	46697	140313	72323	130434	142118	88122	127386	44313	39749	49032	84631	86482	74946	128073	117407	76872	75111	143675	51953	0	99737	73112	113180	34317	86246	152886	43910	48430	123723	132069	15259	49563	42248	46899	115177	53017	139502	155403	89257	120561	67976	67415	50036	11634	53453	89506	20152	59156	13172	122169	54119	139639	91639	93931	57789	73599	110962	54060	129290	137190	137299	49083	140373	139818	53783	104621	60040	21979	106020	111489	98813	99414	126017	70101	57942	146605	65001	130988	61532	140605	144867	146433	114103	98111	134540	80036	84965	60467	27552	92691	129124	33717	89337	91115	63288	20089	135006	113688	59817	88771	92837	86278	78852	47177	55559	60533	127525	51743	104322	55718	74760	58627	151256	75708	144447	103352	62178	150520	129431	145938	108038	151733	152619	108342	90546	100348	67417	150576	90143	122802	108098	137208	118877	118732	125580	109636	113978	100343	
64569	40342	17707	49462	67819	18900	25899	20630	67463	32732	62673	17731	21400	17392	47277	39404	56322	15720	67453	75828	28759	64406	56399	66368	53384	8796	23257	38437	44082	33416	34123	36319	59684	64926	99737	0	77219	33690	50651	24434	78999	45839	66695	49836	58182	101802	41027	44947	39513	41290	45563	56098	75434	30572	37157	25663	28075	54329	76952	32548	44385	90840	63263	89399	63484	43996	56235	28815	16590	55292	28650	7748	58167	55403	53786	53895	49298	56969	65931	35858	65704	44489	81213	9173	14518	23240	12851	42613	29998	55380	63201	39600	47584	39582	57201	61462	63029	12686	9714	51136	36306	26412	64574	58449	17472	55237	52370	21208	32431	38787	67037	51602	27477	30355	16950	8437	15006	16040	65603	41902	58036	44121	59756	45638	31055	35838	49523	67852	43443	62223	13113	27188	67116	46027	62534	17204	68329	67978	20633	27721	41664	36350	67172	12502	39398	24694	37821	35473	35328	51692	26232	30574	15660	
124937	100709	73708	109829	118165	58234	71846	53121	127831	56351	52522	76592	67347	53233	97863	67316	116689	58920	117800	129484	64498	114752	29774	39743	89476	79877	62858	87805	104450	93783	53249	51488	120051	32446	73112	77219	0	90705	63543	63772	130412	78546	33597	101249	109595	71050	34642	51301	39818	92703	34954	117027	132929	66783	98087	45502	44941	27575	70323	43532	95798	57400	21344	61715	99695	76703	117165	69165	71457	39119	51125	88488	18086	106816	114716	114825	82005	117899	117344	69589	117117	41369	53530	83546	89015	76339	76940	103542	80399	88087	124131	42526	108514	81069	118131	122392	123958	91629	75637	112065	87719	62491	23222	66638	70217	106650	44968	66863	68641	44617	77659	112532	91214	66480	66297	70363	63804	56378	36363	78469	41863	105051	26657	81848	59281	87251	39956	128782	95245	121973	80878	63867	128046	106957	123464	85564	129259	130144	85868	68072	77874	73675	128102	67669	100328	85624	114734	96403	96258	103106	87161	91504	77869	
57074	62885	43458	72005	33061	57555	50000	38889	63936	68102	77964	16474	52951	52351	22879	56916	54841	49254	32695	44380	64130	29648	69842	79810	46952	22783	58628	21926	66625	27168	69494	71690	71082	78368	113180	33690	90705	0	68058	32416	42339	58461	79532	9976	25264	114640	58531	62642	60137	6331	61676	20978	44856	66141	36849	69241	54283	67167	94476	50052	10975	103677	76100	102236	99053	38790	53304	64383	23120	68129	74863	26834	71004	22117	46584	26849	45349	60816	33013	50307	32786	70380	94050	32833	26825	23510	28603	64023	27182	44359	84612	66265	48005	32846	57053	45692	73930	26045	38374	35911	13174	61981	77412	75973	45887	18577	70065	47120	67999	73628	84561	40950	14331	36457	27593	44644	50486	44759	78440	36560	70873	42934	72593	81206	48749	21786	68967	66664	29546	33900	34856	43783	88527	67438	52034	17437	57695	40482	33958	63290	77232	39767	51402	48709	60809	43732	18351	38058	56739	16486	47642	36703	37441	
125956	103810	76808	112930	96167	61335	69909	31634	130931	59452	17798	54594	65410	52690	44611	12182	128820	37019	95801	107485	67599	92754	34697	28813	15374	49998	65959	40314	107550	81089	64800	63039	123152	42338	34317	50651	63543	68058	0	38368	108398	9904	49742	79235	87581	43040	35467	16214	29522	70690	43146	93016	110915	79557	110861	58276	48112	40165	26650	31796	55500	32077	49285	30636	112469	20114	126940	81940	49443	47919	63899	66225	44189	84802	120219	100513	15078	130674	86755	14962	70955	50169	24775	59942	74478	54325	54927	116317	36095	23936	136905	55301	121288	27526	130905	115339	136733	72159	60483	109547	46030	75266	50597	8146	82991	84636	20308	79638	81415	53417	16735	114585	69200	25811	39083	53028	76578	43397	39852	21553	50663	116570	45778	94622	21241	40755	48756	140300	41702	99959	63882	23356	140820	119731	121451	63550	127112	108131	71402	80846	90648	33412	120524	53725	113102	98398	90475	109177	109032	81092	99936	104279	66429	
90313	64426	45625	73546	60525	41734	46778	9846	91548	39851	51031	18951	42279	28830	39004	29983	93178	13159	60159	71843	47998	57112	42909	52877	39167	22236	46358	30164	68167	45447	53170	51409	83768	51435	86246	24434	63772	32416	38368	0	72549	28589	53437	43385	51732	88545	32436	36547	34042	34840	35581	57166	75065	64426	60060	43146	24943	41072	64604	23957	37935	77582	50005	76141	97339	26746	91090	66809	13594	42034	48768	30376	44909	48952	84369	64663	32048	80997	59480	19553	59254	44285	67956	35437	38628	18475	19077	66640	22535	38130	87228	40170	71612	31112	81228	79489	87056	36309	40991	73697	29856	60135	51317	46101	67861	48787	43970	64507	66285	47533	54689	78736	33350	10796	8382	29368	61447	19009	52345	28512	44778	80720	46498	79492	22654	29388	42872	104450	35980	64109	37472	13910	91143	70054	85601	27701	91262	72281	44993	65715	75518	23719	84675	29337	63425	46348	54625	59500	59355	45242	50259	53477	40057	
39118	89204	77322	98324	12010	91419	83864	78595	47437	101966	117671	59655	86815	98382	56681	96622	43292	88960	19542	12322	97994	21877	109548	119517	84201	68946	92492	59175	92944	53739	103357	105554	84794	118075	152886	78999	130412	42339	108398	72549	0	98539	119610	34337	35827	154717	98609	102719	100215	38886	101754	32487	18767	99269	62933	109318	94360	107244	134554	90130	43236	143755	116178	142314	132181	76313	47769	97511	63198	108207	102672	70746	111081	29480	37954	24595	82873	73922	30664	90385	62593	110458	134128	76744	67786	63588	68681	72731	64706	81883	56218	106343	64454	70369	70160	27937	87036	69957	79417	31436	50698	95109	117489	116051	79016	24869	110142	80249	101127	113706	124639	37312	55677	76535	67670	84722	87233	84837	118518	74084	110951	56041	112670	114334	88827	61864	109044	40595	63662	18695	71332	83860	49551	94286	34049	61348	37897	23976	63071	96418	110360	79845	27139	86776	87657	72693	42010	64142	83587	27116	74490	62107	70118	
116359	82592	73915	91712	86570	58442	65096	26553	109713	56559	27493	44997	60597	47877	36258	13556	119223	32206	86205	97889	64705	83157	40234	34349	18011	40402	63066	30877	86332	71492	67944	66183	101934	66209	43910	45839	78546	58461	9904	28589	98539	0	68530	69317	77663	52707	47529	19882	29229	60771	50674	83097	100996	79519	78495	58238	42950	56164	36296	39050	63866	41745	65098	40304	112431	10490	117021	81901	32029	57127	63861	48811	60001	74884	110301	90595	6909	99432	85412	8190	65023	59377	34443	54780	57063	44406	37512	85075	29249	26001	105663	55263	90046	19825	99663	105420	105491	62240	55320	99628	37213	75227	66409	17793	82953	74718	29975	79599	81377	62625	26381	104667	59281	16188	29460	47865	76540	38234	45429	13173	59871	106651	61590	94584	18172	31938	57964	130381	35115	90040	55907	16584	109578	88489	111532	53632	117193	98212	63428	80808	90610	23789	110606	48562	81860	64783	80556	77935	77790	71173	68694	71912	58492	
