//--------------------------------------------------------------------------------------------------------------------
//-- données sur la Loiret récupérés par le géocodeur (matrice symétrique)
//-- 
//-- C. Duhamel, P. Lacomme C. Prodhon - juillet 2009 : 12561 kg à collecter, flotte de capa 16500
//--------------------------------------------------------------------------------------------------------------------
169 3 999999 0 0 0
5 500 80 2.1
8 1000 80 5.2
2 3000 400 7.2
0   // la ville qui represente le depot
0	93277	100433	75301	58412	73922	53594	36784	112269	107602	67553	33530	112070	73378	34097	32794	71686	38809	30009	43208	66389	68512	90032	46735	42311	49467	55342	93668	13120	83432	66859	28702	92474	8829	51698	78777	103677	15274	49165	24311	63884	65926	15996	88260	63835	17085	106595	24392	13808	55946	97189	28889	112570	50260	41214	64841	64512	24736	24194	111076	102896	58522	54880	67927	20516	75146	16240	56219	85065	39699	16483	63837	14296	11751	98001	85340	63275	107125	33459	86821	87113	10646	20149	23661	114717	106302	39884	97882	33369	71243	77580	57120	75243	66421	95811	73213	84306	110261	107202	102534	6426	15814	10760	23176	71149	64724	43440	46422	21414	25796	96572	78837	85899	60890	72175	37526	43945	13528	101880	7674	54064	56089	47467	44780	34742	76496	54981	94118	56087	50722	81471	62054	81878	69281	7312	53641	24864	91527	70495	81500	78433	86551	52196	47616	27552	16834	96964	44878	86844	29438	70992	79155	73661	69628	105592	49012	115833	61605	66144	19848	31315	70842	66779	55540	11300	111782	12247	48028	56036	46580	
93277	0	42509	53797	63563	72881	70138	78826	32679	24952	57795	122429	22258	87456	76138	62808	28150	72005	76463	46793	98274	29402	33832	48824	68790	49518	78469	37468	97575	26276	46283	78078	27037	93284	61030	26801	37987	105552	45849	83361	81917	26594	79929	31104	44537	111994	16181	83075	88078	56356	39060	117789	30588	61052	56403	26735	33189	110038	114472	20727	44767	54204	41059	23848	104972	30694	100696	41428	33064	69242	95853	64925	105761	101731	31570	24268	26233	7874	77050	21384	13376	103991	109049	72615	15465	26712	51396	15766	58235	38086	77188	71108	13999	29132	21581	29676	20979	26538	23848	8910	90882	102521	97467	95023	50320	33552	62415	69218	73996	64294	11160	13183	29700	92774	64901	54158	82576	83878	56293	97821	61532	60972	70768	90524	64757	31719	46359	28254	46798	77476	13510	30468	20181	79568	99728	59404	113764	11928	22386	17998	14696	42099	43915	76786	91463	81542	40765	43841	17757	76714	19317	27024	24734	82352	47667	47677	26656	27208	38908	110126	71413	31485	21640	37806	85176	26661	90015	51745	58330	65080	
100433	42509	0	11521	34025	32629	117417	55564	48741	44074	21545	120655	48543	106037	52806	61033	26375	41552	108788	61048	135325	32242	16001	56469	44783	57209	93816	15387	95800	11201	75454	76303	32809	91509	34218	17913	41079	103777	44074	111986	99831	28139	78154	7677	23093	110219	43067	61966	86303	111772	34591	116014	49043	37045	71750	42503	40472	108263	112697	47549	29716	26139	39285	44955	103197	17223	98921	51456	10830	84589	94078	28675	103986	99956	35403	25075	40304	43597	115024	27156	50290	102216	107274	70840	51189	42775	62004	51490	68843	22568	53181	47100	50912	31713	49287	21962	57893	46733	43675	39006	89107	100746	95692	93248	15209	54416	77761	40539	101152	76277	33044	38487	23301	129826	24649	66448	97922	82103	15833	96046	38363	34420	87119	55272	62982	23753	71993	34453	56825	90535	41476	39082	32753	96448	97953	81348	111989	38423	22815	25003	29307	10540	50001	88123	115565	79767	21908	61858	30120	92060	44503	15135	21079	43540	7207	66024	52305	51297	28196	108351	100251	26204	58553	59680	83401	48254	88240	49970	31518	41073	
75301	53797	11521	0	24584	22533	93422	46123	60029	55362	8124	93687	59831	99268	43365	42187	26400	32111	89941	54278	116479	37753	27522	49700	35342	50440	105432	26675	69125	22722	69567	57457	44097	72663	24777	19262	52367	84930	37305	93140	93062	33650	65422	17555	13652	91372	54355	52525	65213	79640	45879	116994	60331	27603	64980	35164	28037	74374	93851	58837	41004	15846	26993	38250	81420	22595	80074	40144	22351	77820	69278	15255	84303	81110	46691	33002	33599	54885	96178	38444	61578	83370	88427	53244	62477	54063	55235	62778	62074	14694	43740	37659	45566	31660	60575	23311	69181	58021	54963	50294	70260	81900	76846	68217	7926	48529	70992	31098	82306	69934	44332	31579	34589	110979	13112	59679	91153	65400	27121	77200	24942	20999	75807	45831	42060	18334	60681	45741	45513	83766	52764	32402	34620	89678	79107	70036	93142	49711	28326	29161	31175	10603	43232	81354	96718	60650	33196	52281	34505	85291	41044	25172	25536	30120	18495	54712	63593	45410	20321	89505	81405	21971	42387	53793	64554	59542	70381	33681	22076	31632	
58412	63563	34025	24584	0	26942	77759	24004	77010	72344	20572	71569	76812	107304	21247	26024	32570	15948	73778	41979	100316	35520	49893	34692	13223	37424	89269	49047	47007	40758	60939	41294	57215	56500	10831	34191	68419	68767	30950	76977	97811	36299	43145	33745	14861	75209	71337	30406	43094	67313	61931	95994	77312	3488	52681	35154	28026	52256	77687	75818	67638	6894	25111	38240	59302	38785	63911	40134	44723	82744	47160	16856	68976	64947	62743	50082	33589	71866	80015	51562	57426	67206	72264	31126	79458	71044	42936	68195	44667	21612	22740	16659	45556	31649	60553	30528	54620	75002	71944	67275	54097	65737	60683	46098	18913	48518	58693	14935	66143	41267	46323	42148	50641	94816	25195	47380	90501	43282	49492	61037	7084	9108	68018	24200	25897	29560	52892	58859	44044	71467	51785	32392	45189	77379	62944	62247	76979	56269	35214	46242	41744	26792	40153	69055	80555	38532	55567	42789	51585	80871	41306	43897	38402	22647	40867	46923	80574	45400	26491	73342	65241	28141	42377	53783	48391	76523	53230	26283	7311	9513	
73922	72881	32629	22533	26942	0	103671	41615	79272	74605	14817	85815	79073	122769	38857	52504	45946	39614	89243	73824	115780	57299	48782	62867	30834	65599	104733	45966	71423	43604	89112	60375	63339	71964	36067	38807	71609	84232	56850	92441	113276	53195	60915	40080	33197	105562	73598	48017	60705	99185	65121	98155	79573	23096	85524	54710	47582	70495	108637	78079	60295	26370	46538	57796	77541	42141	76877	59689	43233	98209	66633	13727	82593	80411	65933	55606	53144	74127	95479	57686	80820	82671	86273	48736	81719	73305	75341	82020	68826	34239	25632	23646	81443	51205	79817	42856	88423	77264	74205	69537	69562	81201	76147	65340	27471	68074	87750	40172	81607	65426	63574	51124	53831	110281	9509	79224	105965	60892	46412	82859	19713	18322	97544	33548	51309	37880	80226	64983	65059	100799	72006	51947	54165	118673	78408	89582	100475	68953	47871	55533	50720	30148	62777	97694	96020	56142	52487	71826	60651	96336	60590	51155	45081	10194	37786	74257	82835	64956	39866	88806	80706	41516	61932	73338	63856	78785	65873	53227	32548	27124	
53594	70138	117417	93422	77759	103671	0	67922	119105	114439	87960	96252	84418	21568	65235	55731	73320	64089	25758	36021	22903	63916	109218	42551	73449	37520	20773	112853	66769	85066	20259	44015	102422	62478	67938	80412	124414	51714	50797	38734	13128	67560	57665	89894	75414	61315	79038	68716	61767	9346	116375	71778	119407	81398	24219	57782	60989	76939	61847	78412	122082	89660	58100	52037	83985	76780	69890	43033	86699	17194	65047	94975	74955	52098	117187	99653	54700	70033	24415	96769	60580	73185	78243	64170	77625	113139	34214	71793	41998	68964	115192	122437	51225	63026	84437	74847	53238	117097	114039	77249	60076	41483	46629	85670	76976	42715	19166	62661	35649	42565	66957	67130	105085	17404	103314	29821	26001	57852	131678	67015	85202	87227	7650	79620	54333	74548	25007	104066	38463	8029	61160	58268	63684	9713	68922	16377	82958	71953	72129	96623	65699	88185	48071	7927	46836	57343	116150	32209	75377	32850	56016	80790	75295	100766	123053	35382	88816	46003	63865	57501	40187	72477	47416	33150	54370	88821	59209	56692	72276	77718	
36784	78826	55564	46123	24004	41615	67922	0	97838	93171	36762	51335	97640	87087	7438	16822	57255	15379	53561	39591	80098	54081	75601	32304	11521	35036	69051	79237	26075	69001	58551	24693	78043	26332	20817	64346	89246	48550	34734	56759	77594	51495	25233	55191	36307	54992	92164	9474	22162	70342	82758	72854	98140	19470	49842	50410	41045	32022	57470	96646	88465	27732	36074	53496	32445	60715	30205	41788	70634	62527	26228	33047	35921	44729	83570	70909	48845	92694	59797	72390	72682	46989	39601	13055	100286	91872	39659	83451	33144	43057	24180	22601	60812	51990	81380	58782	69875	95830	92771	88103	26345	45520	40465	25166	40359	50293	52068	19236	45925	29744	82141	64406	71468	74599	41385	44992	70283	20412	70938	30518	23274	25299	61862	12110	15627	51006	50504	79687	41656	65117	67040	47623	67447	82991	42726	59859	56762	77096	56064	67069	64002	48238	37765	62012	60338	20461	82533	40401	72413	60654	56562	64725	59230	38838	62312	44535	101402	47175	43504	53124	45024	49586	52348	51063	28174	97351	30192	29222	22245	15790	
112269	32679	48741	60029	77010	79272	119105	97838	0	12332	65080	141410	16801	126793	95119	81789	47130	90986	129543	81803	156081	52998	24987	77225	87771	77965	114571	25847	116556	41049	85364	97059	13700	112265	80011	44452	6886	124532	64830	132742	120587	48894	98910	45877	63517	130974	17618	102056	107058	115258	7060	136769	8264	80033	92505	48364	61228	129019	133452	15807	12830	73185	60040	58635	123952	37979	119676	72211	26758	105344	114834	72210	124742	120712	6986	21832	61060	25948	135780	22165	53776	122971	128029	91596	25042	7232	82760	33841	89599	57067	96169	90089	54399	52469	17545	48657	61379	13115	11933	21679	109862	121502	116448	114004	57605	75171	98517	88199	121908	97032	36530	41973	20854	150581	72186	87204	118678	102858	25285	116802	80513	77955	121534	109504	83737	49370	92748	12157	77581	111291	44962	59838	38614	117203	118709	102104	132744	24850	43570	30495	35169	49384	70757	108879	136320	100523	19723	82613	26623	112816	47990	34308	41835	89637	33242	86780	20563	72053	57889	129107	121006	50466	62040	80436	104156	12747	108996	70726	77311	84061	
107602	24952	44074	55362	72344	74605	114439	93171	12332	0	60138	136468	4630	121851	90177	76847	42188	86044	124602	76861	151139	48056	30366	72283	82829	73023	109629	32837	111614	36107	70551	92117	15525	107323	75069	39510	17604	119590	59888	127800	115645	43953	93968	40935	58575	126032	10058	97114	102117	110316	20371	131827	9171	75091	87563	43422	56286	124077	128511	8247	26077	68243	55098	48116	119011	33037	114735	67270	35407	100403	109892	67268	119800	115770	12881	19824	56118	18841	130838	15694	32174	118030	123088	86654	12871	6330	77818	22594	84657	52125	91227	85147	38266	47527	9985	43715	39778	3371	5159	14119	104920	116560	111506	109062	52663	70229	93575	83257	116966	92090	31588	37031	26233	145640	67244	82262	113736	97916	32275	111860	75571	73013	116592	104562	78795	44428	87807	9564	72639	106349	40020	54896	33672	112262	113767	97162	127802	17290	38628	25553	30227	44442	65815	103937	131379	95581	26713	77672	19063	107874	43048	29367	36893	84695	50010	81838	8393	51476	52947	124165	116065	45524	45907	62074	99214	8398	104054	65784	72369	79119	
67553	57795	21545	8124	20572	14817	87960	36762	65080	60138	0	83149	70411	119609	35697	49344	33207	36454	86083	61085	112620	44560	40120	56506	27674	57247	101573	37304	61457	34942	76374	57215	54677	68804	28259	26069	62947	81072	44112	89281	110115	40457	57755	24362	20459	87513	64935	44857	57545	86447	56459	109455	70911	19936	71787	41971	34843	63836	89992	69417	51633	13632	33799	45057	70882	29402	76216	46951	34571	95049	61610	7218	73765	77251	57271	39809	40406	65465	92319	49024	72158	79511	84569	45576	73057	64643	62042	73358	65666	21500	36201	30120	72781	38467	71155	30117	79761	68601	65543	60874	66401	78041	72987	60549	14733	55335	77799	37011	78447	62266	54912	38385	45169	107121	9020	66486	102805	57732	37750	73341	18696	14753	82614	38657	48149	25141	67488	56321	52320	90573	63344	39209	41427	115512	75248	76843	89283	60291	35133	35968	37981	17409	50039	94533	92860	52982	43825	59088	41312	93175	47851	31978	32343	21996	29124	61519	74173	52217	27128	85646	77546	28777	49194	60600	60695	70122	62713	40488	23551	23964	
33530	122429	120655	93687	71569	85815	96252	51335	141410	136468	83149	0	140941	106465	56832	61664	100557	67679	72939	72079	99476	97383	118903	75605	58787	78338	88429	122539	28282	112303	109065	57573	121345	29993	80569	107648	132548	27068	78036	44488	96971	94797	44867	117131	83574	18870	135466	40474	31535	98152	126060	17019	141441	66737	70085	93712	93383	19668	27501	139947	131767	74998	83751	96798	18136	104017	20609	85090	113935	81905	31644	75985	17557	33962	126872	114211	92146	135995	62330	115691	115983	22329	14186	52531	143587	135173	68755	126752	62240	100114	59584	56272	104114	95292	124682	102084	113177	139132	136073	131405	35297	42400	41054	25533	87625	93595	86923	75293	50285	54667	125442	107707	114770	93977	83135	82986	72816	35320	130751	22825	63914	69440	89673	45781	63613	105366	83852	122989	84957	92928	110342	90924	110749	102368	28666	95847	10957	120398	99365	110371	107303	115422	81067	89822	39346	45705	125835	73749	115715	58309	99863	108026	102532	75813	134462	77883	144703	90476	95015	26839	64402	99713	95650	84411	40171	140653	41118	76899	84907	63057	
112070	22258	48543	59831	76812	79073	84418	97640	16801	4630	70411	140941	0	112286	94646	81316	46657	90512	129070	81330	155607	52524	34835	76751	87297	77492	114098	37305	116082	40576	66095	96585	19993	111791	79538	43978	22073	124059	64357	132268	101729	48421	98436	45404	63044	130501	13427	101582	106585	76168	24839	136296	8504	79559	92032	46547	60754	128545	132979	8765	30546	72711	59567	43660	123479	37505	119203	71738	39876	104871	114360	71737	124268	120238	17349	24292	46044	14385	135306	20163	27718	122498	127556	91122	8415	10798	82286	18138	89126	56593	95696	89615	33810	51995	14453	48184	35322	4454	9627	17488	109389	121029	115975	113530	57131	53363	98044	87726	121434	96559	28532	33946	30702	150108	71713	86731	118204	102385	36743	116328	80039	77481	90580	109031	83264	48897	66171	14033	77107	97288	33415	59364	38141	99380	118235	79216	132271	20885	43097	30022	34695	48910	70283	96597	135847	100049	31181	63653	22658	112342	44781	33835	41361	89163	54479	67488	4572	47020	57415	128633	120533	49992	41451	57618	103683	4577	108522	70252	76837	83587	
73378	87456	106037	99268	107304	122769	21568	87087	126793	121851	119609	106465	112286	0	84773	83469	85621	89485	36221	48322	7188	79860	103967	54852	92987	49821	17344	107603	76936	97367	44296	79378	106409	72645	102374	92712	117612	55373	63098	42393	11218	79861	67832	102195	91728	64973	106916	78882	71934	30631	111124	75437	139576	100936	36520	73273	78447	87106	65506	106291	116831	109197	74020	68801	94152	89081	80057	59347	99000	29733	75214	114513	85122	62561	111936	99275	70570	97912	27194	100756	87931	83352	88410	74336	105504	133308	46515	99144	54537	85278	125358	132603	74082	80356	112316	87148	76095	137267	134208	115964	70243	51946	57093	95837	93290	58575	31466	97098	45405	55103	110002	92772	99834	10358	122851	42121	22572	68019	115815	77182	104740	106765	27683	110682	85418	90431	42324	108053	54776	19988	84017	72326	86541	17089	79089	32236	93125	115380	84430	95435	88557	100486	60372	22836	50495	67510	110899	48523	100779	43313	78874	93090	87596	141588	119527	48485	116694	62596	80179	61160	50773	84777	70273	52882	64537	138788	69376	68993	106712	97256	
34097	76138	52806	43365	21247	38857	65235	7438	95119	90177	35697	56832	94646	84773	0	14196	53753	8830	50935	36089	77472	41990	72099	28802	8763	31534	66425	75735	28414	65499	55049	22067	74541	33656	13791	52879	85744	45924	27340	54133	74968	47993	22607	52433	33549	52366	88662	11813	24501	67716	79257	58161	94638	16713	47216	46908	34496	37817	54844	93144	84963	24974	29525	49994	34784	57213	41068	35585	67132	59901	28567	30289	46133	42103	80069	67407	45343	89192	57171	68888	69180	44363	49421	10429	96784	88370	37033	79949	30518	40300	29975	23572	57310	38119	77879	49216	66374	92328	89269	84601	31254	42894	37840	27505	37601	44090	49442	12687	43299	27118	78639	60904	67967	71973	38628	41490	67657	22585	68180	38193	20517	22541	59236	17905	13001	48248	47002	76185	38154	62492	63538	34583	63945	80365	40100	56357	54136	73594	52562	63567	60500	45480	34263	59386	57712	17835	79031	36899	68911	58028	53060	61223	55728	36080	59555	41033	97900	40971	36955	50498	42398	46829	46145	47561	25548	93849	27566	22673	16794	13033	
32794	62808	61033	42187	26024	52504	55731	16822	81789	76847	49344	61664	81316	83469	14196	0	41247	11548	49704	23583	76241	38073	59593	16295	22930	19028	65194	63229	36716	52993	42542	13911	62035	32425	20382	48338	73238	44693	18726	52902	73737	35487	19070	57821	32519	51135	76156	21653	27219	56931	66750	56930	82131	30880	36431	34402	34073	49180	53613	80637	72457	39141	24441	37488	44113	44707	39837	25780	54625	41143	34994	44457	44902	40872	67562	54901	32836	76686	55940	56382	56674	43132	48190	11193	84277	75863	26248	67443	19733	40804	41172	37739	44804	35982	65372	42774	53867	79822	76763	72095	30023	41663	36609	33601	37592	34285	38657	15106	42068	16333	66133	48397	55460	70742	52795	28984	66426	23019	71441	36962	34684	36709	48451	29102	1534	46056	34495	63679	25647	51706	51032	31614	51439	79134	38869	43851	52905	61088	40056	51061	47993	56112	21757	48600	56481	20684	66525	24393	56405	56797	40553	48716	43222	50248	75153	28527	85394	31166	35705	49267	28814	40403	36340	35055	24317	81343	29156	17589	24720	27200	
71686	28150	26375	26400	32570	45946	73320	57255	47130	42188	33207	100557	46657	85621	53753	41247	0	50052	88609	40869	115146	9085	24854	36290	43447	37031	73637	28490	75622	18254	55276	56125	27295	71330	32882	8945	38499	83598	23896	91807	79653	5217	57975	18292	19193	90040	41417	61121	66124	66236	32011	95835	47392	35709	51571	21691	12381	88085	92518	45898	37718	28861	19106	24777	83018	9968	78742	31277	19886	64410	73900	34090	83807	79777	32823	20162	20125	41946	94845	21642	35653	82037	87095	50661	49538	41124	41826	49839	48665	12743	51845	45765	32093	8815	30633	4333	41156	45082	42024	37355	68928	80568	75514	73069	20755	34237	57583	47265	80974	56098	16403	12228	20721	109647	40759	46270	77743	61924	36702	75867	36189	35629	66940	53936	42803	10578	51814	28939	36647	70356	21682	18904	15269	76269	77774	61169	91810	26349	5294	16322	11824	16715	29822	67945	95386	59589	31786	41679	21666	71881	21693	13977	8482	49168	40413	45845	50654	31119	11848	88172	80072	6142	28913	39501	63222	46603	68061	29791	36377	39737	
38809	72005	41552	32111	15948	39614	64089	15379	90986	86044	36454	67679	90512	89485	8830	11548	50052	0	63251	31452	89788	33551	67462	24164	10108	26897	78741	71098	35783	60862	50411	21931	69904	45972	9238	56207	81107	58240	22703	66449	87284	43356	32617	41280	21375	64682	84025	19801	31871	56786	74619	70477	90000	17480	42154	42271	26057	62727	67160	88506	80326	21804	24888	45357	57660	52576	53384	30948	62494	50737	36554	31057	58449	54419	75431	62770	40705	84555	69487	64251	64543	56679	61737	15140	92146	83732	32409	75312	29327	29147	36941	26589	52673	29680	73241	38063	61736	87691	84632	79964	43570	55210	50156	35492	26448	39452	48166	4408	55616	25927	74002	56266	63329	84289	39396	36853	79973	27296	57027	50509	21284	23309	58045	27092	10353	37095	42364	71548	33516	60939	58901	29946	59308	66852	52416	51720	66452	68957	47925	58930	55862	34327	29626	58195	70028	22546	74394	32262	64274	70344	48422	56585	51091	36848	48401	36396	93263	36334	23513	62814	38408	28273	41507	42924	37864	89212	42703	18036	13576	13801	
30009	76463	108788	89941	73778	89243	25758	53561	129543	124602	86083	72939	129070	36221	50935	49704	88609	63251	0	30615	31898	62153	86260	37145	62813	32114	20851	89896	33517	79660	40994	32116	88702	29226	72200	75005	99905	27827	45391	14939	29393	62154	37659	84488	74021	37428	87315	48709	34205	30081	93417	47891	108798	70762	16490	57384	60740	56932	37960	86690	99124	79024	56313	52912	40913	71374	36638	41640	81293	13833	36880	84339	41703	27539	94229	81568	54681	78311	8293	83049	70824	39933	44990	44163	85903	102530	28808	81593	30100	67571	95185	102430	58954	62649	92039	69441	69377	106489	103430	98762	26823	16924	22071	43573	75583	42686	14299	66924	10383	30667	70979	75065	82127	26398	92678	24414	18778	37845	98108	33763	74566	76591	21601	80509	42435	72724	37863	90346	37069	24857	65182	54619	67706	34790	31782	27775	49705	87755	66723	77728	74660	82779	42665	21751	23042	37337	93192	30816	83072	8292	60039	75383	69889	111414	101820	33147	112061	46707	62472	33614	13593	67070	51881	39675	34363	108010	25667	51286	76538	67083	
43208	46793	61048	54278	41979	73824	36021	39591	81803	76861	61085	72079	81330	48322	36089	23583	40869	31452	30615	0	48812	37493	59013	9898	40652	4867	36193	62649	47842	52413	21101	20210	61454	43550	35284	47758	72658	50279	18143	41085	42209	34907	29924	57241	46674	62260	61253	43865	42655	27476	66170	68055	81551	48024	14127	31322	33493	61118	64738	60628	71877	47850	29066	26850	55238	44127	50962	15578	54045	26966	45935	58589	56027	45398	66982	54321	28619	52249	34774	55801	44762	54257	59315	33405	59840	75283	5282	55531	12702	40224	63383	57133	32892	35402	64792	42194	43315	79241	76183	71514	37359	43070	39930	53828	48236	16624	20139	30008	31720	18760	65552	47817	54880	43312	68240	8826	40300	38739	70861	43557	48816	50841	28180	51313	25546	45476	13054	63098	6742	32913	39120	25309	41644	38825	49994	22410	64030	60508	39475	50481	47413	55532	15417	30501	49187	34343	65945	2952	55825	34437	33977	48136	42642	64380	74572	7085	84813	20645	35125	60392	29156	39823	25819	13613	34083	80762	30752	24039	39622	44345	
66389	98274	135325	116479	100316	115780	22903	80098	156081	151139	112620	99476	155607	7188	77472	76241	115146	89788	31898	48812	0	78907	138561	53899	90839	48868	11916	142196	74789	131960	41375	77231	141002	70498	100227	127306	152206	49945	62145	36965	11523	114454	65685	136789	112364	59546	100154	76735	69787	30462	145718	61850	161099	98789	35568	74138	113041	84958	49093	99529	151425	107050	103409	69666	92005	123675	77909	58394	133593	24529	73067	112365	82975	60414	146530	133869	71435	91150	21766	135349	81697	81204	86262	72189	98742	154831	45562	92910	50074	119772	123211	130456	72342	114950	144340	121741	74355	158789	155731	151062	68095	49799	54945	93690	119677	59440	30514	94950	43257	50641	87734	127365	134428	4931	120704	41169	15663	65872	150408	75035	102593	104617	27514	108535	83270	125024	42155	142646	53824	19820	81937	71373	84460	16920	76942	32067	90977	140055	119023	130028	126961	135080	59419	22667	37721	65363	145493	47570	135372	41166	76793	127684	122189	139440	154120	48316	164361	63462	114673	55732	48625	119371	68635	52713	62389	160310	67229	96557	104565	95109	
68512	29402	32242	37753	35520	57299	63916	54081	52998	48056	44560	97383	52524	79860	41990	38073	9085	33551	62153	37493	78907	0	31983	28357	41496	29098	67727	35619	75845	25383	45594	56348	34425	71554	33722	20728	45628	83821	24119	92031	73457	6584	58199	30211	25531	90263	30857	61345	66347	55667	39140	96058	54522	39477	45661	12009	8229	88308	92741	34321	44847	35199	13895	15095	83241	17097	78965	20962	27016	58500	74123	40428	84030	80001	39952	27291	10444	49076	66308	28772	34281	82260	87318	50885	56668	48254	33893	45050	40732	19081	58183	52102	22411	4663	28669	15164	31475	52212	49153	44485	69151	80791	75737	73292	27093	24556	51673	36629	81197	56321	20734	16559	27850	109870	53218	38337	71833	62147	43831	76091	42527	41967	56179	68793	43026	16916	40862	36069	26331	64161	26013	10650	19600	70073	77998	50408	92033	24384	11284	23451	16155	28502	30046	61749	95609	59812	38915	33099	20763	65971	18161	21107	15612	55506	47543	34653	57784	21437	17397	88396	80295	11262	19232	29820	63445	53733	68284	20584	31022	46075	
90032	33832	16001	27522	49893	48782	109218	75601	24987	30366	40120	118903	34835	103967	72099	59593	24854	67462	86260	59013	138561	31983	0	53644	64191	54385	90991	3621	92976	10537	72630	73479	18305	88684	56431	20871	23613	100952	41250	109161	97007	25314	75329	12530	39937	107394	34246	78475	83478	83590	17125	113189	41534	56452	68925	30571	37647	105439	109872	32435	20174	49605	36460	42131	100372	14398	96096	48631	5171	81764	91254	42309	101161	97131	17937	8978	37479	36089	112199	16334	35682	99391	104449	68015	43681	35266	59180	43982	66019	33486	72589	66508	36305	28888	34173	25077	43286	34900	25298	31498	86282	97922	92868	90423	27704	51591	74937	64619	98328	73452	25536	16390	4342	127001	40537	63624	95097	79278	14019	93221	56933	48054	84294	85924	60157	25790	69168	22646	54001	87710	26868	36258	20821	93623	95128	78523	109164	20496	19990	10468	17375	25803	47176	85299	112740	76943	8457	59033	15813	89235	27245	10009	18255	57988	10996	63199	38583	48473	34308	105526	97426	26885	39816	56855	80576	40746	85415	47145	53731	60481	
46735	48824	56469	49700	34692	62867	42551	32304	77225	72283	56506	75605	76751	54852	28802	16295	36290	24164	37145	9898	53899	28357	53644	0	33292	5318	42642	58129	51005	47893	28833	17372	56935	46713	27924	43238	68138	58981	13624	43387	48657	30387	33358	52721	42155	65423	71056	36505	41507	35208	61650	71218	77031	40664	20576	29302	28973	63468	67901	75537	67357	40490	24546	28424	58401	39607	54125	10490	49525	33415	49283	51229	59190	55160	62462	49801	27736	71586	41223	51282	46723	57420	62478	26044	79177	70763	10830	57492	13336	35704	56023	49773	34853	30882	60272	37674	43917	74722	71663	66995	44311	39874	37092	48452	43716	24356	26587	22648	32554	15922	61033	43297	50360	49761	59567	15274	46748	37307	66341	51250	41456	43481	35912	43953	18186	40956	20786	58579	10030	39361	41081	20789	46339	45274	53157	30142	67193	55988	34956	45961	42893	51012	8660	36949	51232	34972	61425	10684	51305	40886	35938	43616	38122	57020	70053	14817	80294	22606	30605	63555	26317	35303	27780	21345	38605	76243	27913	19519	32262	36984	
42311	68790	44783	35342	13223	30834	73449	11521	87771	82829	27674	58787	87297	92987	8763	22930	43447	10108	62813	40652	90839	41496	64191	33292	0	35436	74639	59711	34523	51422	58951	30281	67880	41870	12161	44856	79084	54137	31242	62347	83181	51895	30820	44410	25526	60579	82001	17923	30611	75929	72596	80605	87977	8689	55430	40395	33267	39773	63058	86483	78302	16951	33427	43481	46819	49450	49281	39487	55387	68114	34676	22266	49701	50317	73408	60747	38830	82531	65385	62227	62667	52576	57634	18642	90123	81709	45247	90424	38732	32277	28150	15818	50797	36890	71218	41193	59861	85667	82608	77940	39467	51107	46053	33615	29578	47992	57656	15527	51513	35332	56987	52812	61306	80186	30605	45392	75871	30798	60157	46407	12493	14518	67450	15937	17055	40225	50904	69524	42056	70705	62267	37633	55854	88578	48314	60259	62349	66933	45878	56906	52408	37457	38165	67599	65925	26048	66232	40802	62250	66241	46547	54562	49067	28057	51531	44935	91239	44874	37155	58712	50612	38805	50047	51463	33761	87188	35779	26575	10933	5010	
49467	49518	57209	50440	37424	65599	37520	35036	77965	73023	57247	78338	77492	49821	31534	19028	37031	26897	32114	4867	48868	29098	54385	5318	35436	0	37578	58964	53753	48728	23769	20113	57770	49461	30672	44073	68973	50182	14459	42469	43593	31222	29828	53556	42990	68171	71891	39252	44255	30144	62485	73966	77866	43412	15512	30137	29808	66216	70649	76372	68192	43238	25381	29259	61149	40442	56873	11326	50361	28351	45838	53977	61938	45302	63297	50636	28571	72421	36159	52117	47558	60168	65226	28792	80013	71598	5766	58327	12605	36539	58771	52520	35688	31717	61107	38509	45983	75557	72498	67830	47059	42615	39833	53731	44551	19292	21523	25396	33104	18664	61868	44133	51195	44697	64555	10210	41684	40055	67176	53998	44204	46229	30848	46701	20934	41792	15722	59414	9179	34297	41917	21624	47174	40210	55905	25078	69941	56823	35791	46796	43729	51847	11733	31885	50572	37720	62260	5620	52140	35822	36773	44451	38957	59768	70888	9753	81129	23442	31440	66303	29059	36139	28615	16281	33986	77078	30655	20354	35010	39732	
55342	78469	93816	105432	89269	104733	20773	69051	114571	109629	101573	88429	114098	17344	66425	65194	73637	78741	20851	36193	11916	67727	90991	42642	74639	37578	0	95744	59293	85508	35979	41184	94550	55002	84731	80854	105754	39897	51239	26917	10914	68002	50189	90336	79870	49498	93163	61240	54291	25066	99266	59962	114647	83293	24662	63232	66589	69463	50030	92538	104973	91555	62162	58761	76509	77223	62414	47489	87141	13623	57571	96870	67479	44918	100078	87417	60529	84159	11718	88897	81877	65709	70767	56694	91751	108379	34656	87441	39168	73419	107716	114960	64802	68497	97888	75289	74534	112337	109279	104610	52600	34303	39450	78194	81431	48534	19608	79455	27762	39735	76828	80913	87976	7919	105208	30263	8787	50376	103956	59539	87097	89122	15373	93039	67775	78572	30014	96194	42918	18899	71031	60467	73555	16311	61446	19926	75482	93603	72571	83576	80509	88628	48513	16487	35020	49867	99041	36664	88920	25671	65887	81232	75737	123945	107668	38996	117909	52556	68320	45684	33130	72919	57729	40572	46894	113858	51733	57135	89069	79613	
93668	37468	15387	26675	49047	45966	112853	79237	25847	32837	37304	122539	37305	107603	75735	63229	28490	71098	89896	62649	142196	35619	3621	58129	59711	58964	95744	0	96611	13049	76265	77114	21941	92320	60066	24507	25549	104588	44885	112797	100642	28950	78965	11525	34582	111030	36727	82111	87114	87225	19061	116825	41979	48534	72561	34206	41283	109074	113508	34916	19033	41686	40096	45766	104008	18034	99732	52267	7468	85400	94889	45680	104797	100767	20418	12613	41115	39724	115835	19970	39318	103027	108085	71651	47316	38902	62815	47617	69654	37122	64670	58590	39941	32524	36653	28712	46921	37380	27779	35134	89918	101557	96503	94059	26698	55227	78572	68254	101963	77088	29171	20026	7977	130637	38069	67259	98733	82914	9156	96857	49014	50370	87930	66762	63793	29426	72804	25126	57636	91346	30504	39893	24456	97259	98764	82159	112800	24132	23626	14104	21011	20612	50812	88934	116376	80578	7316	62669	19449	92871	30881	13645	21890	55520	8180	66835	41063	52108	37944	109162	101062	30521	43451	60491	84212	44382	89051	50781	57366	52562	
13120	97575	95800	69125	47007	71423	66769	26075	116556	111614	61457	28282	116082	76936	28414	36716	75622	35783	33517	47842	74789	75845	92976	51005	34523	53753	59293	96611	0	87506	70934	25020	96548	4310	55773	82852	107752	24004	53239	35052	67959	70000	16295	92334	59178	24411	110669	17012	4878	60021	101264	30206	116645	42341	45288	68915	68587	15105	32924	115151	106971	50602	58955	72001	10885	79221	6609	60294	89139	43773	4567	55918	10667	20183	102076	89415	67350	111199	37534	90895	91187	16408	15628	20512	118791	110377	40183	101956	33668	75318	47258	45678	79317	70495	99886	77287	88381	114335	111277	106608	7166	23578	18523	9539	63229	68798	47514	50496	25489	26094	100646	82911	89974	64964	72541	41600	48020	9497	105954	5981	53320	48170	51541	35187	38816	80570	55279	98192	60161	54797	85546	66128	85953	73356	18180	57716	26181	95601	74569	85574	82507	90626	56270	51691	36282	15226	101039	45177	90918	33513	75067	83230	77735	63487	109666	49311	119907	65680	70219	28578	35389	74917	70853	55838	10004	115856	16321	52103	60111	38661	
83432	26276	11201	22722	40758	43604	85066	69001	41049	36107	34942	112303	40576	97367	65499	52993	18254	60862	79660	52413	131960	25383	10537	47893	51422	48728	85508	13049	87506	0	66438	67287	21428	82493	50239	14680	29052	94761	35058	102970	90815	19123	69138	7013	33746	101203	35407	72284	77287	77398	22564	106998	41382	44022	62734	32853	31456	99247	103681	39888	28271	37175	30269	35939	94181	8207	89905	42440	5591	75573	85062	36792	94970	90940	23376	14295	31288	35937	106008	15775	34524	93200	98258	61824	43528	35114	52988	43829	59827	27295	60159	54078	35147	22697	24766	18885	42128	39073	36014	31346	80091	91730	86676	84232	22187	45400	68745	58427	92136	67261	25384	15232	11274	120810	35738	57432	88906	73087	20633	87030	44503	42537	78103	79733	53966	19599	62977	23072	47809	81519	25710	30066	17717	87432	88937	72332	102973	20481	13799	10454	14272	17236	40985	79107	106549	70751	19008	52842	15798	83044	24142	6119	12063	51658	13241	57008	44645	42281	28117	99335	91235	20694	40076	50664	74385	40594	79224	40954	47539	48051	
66859	46283	75454	69567	60939	89112	20259	58551	85364	70551	76374	109065	66095	44296	55049	42542	55276	50411	40994	21101	41375	45594	72630	28833	58951	23769	35979	76265	70934	66438	0	39976	61676	75717	54168	62347	89052	64953	36976	51973	38747	46501	49690	71830	62127	74554	60592	62749	62421	12007	71500	85017	84045	66908	30636	39337	42543	90178	75086	59967	77207	71795	44813	33591	97224	58716	83129	28898	68635	30433	65701	77024	88194	65337	75981	57564	36254	51588	37654	56023	42135	86424	91482	52289	59180	77777	25629	53347	32468	55677	82268	76017	32779	44580	65992	56783	34792	70252	68259	58804	73315	54722	59868	98909	63689	23473	32405	48892	48229	38526	48511	48685	60210	37380	83693	28391	42544	63551	85450	80254	67700	78563	20889	70197	44430	61261	15276	63320	24328	27597	42714	39822	45238	29689	82161	19789	96197	53508	54065	57172	47254	70121	33784	26906	60075	61216	71275	18074	56931	46089	37571	62725	57231	92102	87691	16936	70370	27558	50578	70740	45646	51180	28970	14705	53849	70375	50517	42871	58506	63229	
28702	78078	76303	57457	41294	60375	44015	24693	97059	92117	57215	57573	96585	79378	22067	13911	56125	21931	32116	20210	77231	56348	73479	17372	30281	20113	41184	77114	25020	67287	39976	0	76885	24988	36110	63189	88089	34800	33576	35415	50533	50337	8960	72671	48247	43697	91006	20080	23367	46461	81601	49492	96982	38238	25961	49252	48924	45328	46175	95488	87308	46499	39292	52338	36675	59558	35985	30374	69476	30673	27372	51815	37464	29919	82413	69752	47687	91536	38481	71232	71524	35694	40752	11638	99128	90714	16889	82293	10374	55655	48530	45098	59654	50832	80223	57624	62247	94672	91614	86945	18796	28581	24451	33500	59126	35555	28187	30833	24581	3400	80983	63248	70311	66890	60153	22414	45203	19167	86291	24995	42042	44067	37982	36460	12513	60907	31986	78529	25688	41237	65883	46465	66289	47149	31431	44156	45467	75938	54906	65911	62844	70963	25361	38131	43399	11231	81376	21884	71255	35940	55404	63567	58072	57606	90003	26017	100244	39577	50556	41829	18345	55254	44750	32545	15520	96193	12974	32440	40448	34558	
92474	27037	32809	44097	57215	63339	102422	78043	13700	15525	54677	121345	19993	106409	74541	62035	27295	69904	88702	61454	141002	34425	18305	56935	67880	57770	94550	21941	96548	21428	61676	76885	0	92324	60070	24510	20692	104591	44889	112801	113822	28953	78968	25936	43576	111033	19375	82115	87117	96398	14204	116828	23509	60092	72564	27980	41287	109078	113511	17564	19911	53244	40099	31054	104011	18038	99735	52270	20086	85403	94893	52269	104800	100771	6714	7197	41119	28223	115839	5383	34916	103030	108088	71655	23925	17241	62819	36116	69658	37126	76228	70147	35539	32528	19301	28716	42519	20028	12069	23632	89921	101561	96507	94062	37664	55230	78576	68258	101967	77091	17670	14775	14182	130640	56091	67263	98737	82917	26108	96861	60572	58014	102674	89563	63796	29429	72807	6568	57640	91350	26102	39897	18230	111474	98767	82163	112803	17905	18294	11420	14784	29443	50815	88938	116379	80582	20546	62672	13222	92874	24654	16756	21894	67134	38857	66838	23711	45828	37947	109165	101065	30524	43179	60494	84215	23717	89054	50784	57370	64120	
8829	93284	91509	72663	56500	71964	62478	26332	112265	107323	68804	29993	111791	72645	33656	32425	71330	45972	29226	43550	70498	71554	88684	46713	41870	49461	55002	92320	4310	82493	75717	24988	92324	0	51715	78795	103695	19946	49182	30994	63902	65943	16014	88277	63853	23918	106612	17401	5813	55964	97207	29713	112588	50277	41231	64858	64530	17802	28866	111094	102913	58539	54898	67944	13583	75163	9307	56236	85082	39716	7926	63854	11975	16126	98019	85357	63293	107142	33477	86838	87130	15915	16936	23678	114734	106320	39902	97899	33386	71261	48856	47276	75260	66438	95829	73230	84324	110278	107219	102551	3108	19520	14466	16242	71166	64741	43457	46439	21432	25813	96589	78854	78854	60907	72193	37543	43962	6538	101897	7290	54081	56106	47484	36785	34759	76513	54998	94135	56104	50739	81489	62071	81895	69299	14123	53658	25688	91544	70512	81517	78450	86568	52213	47634	32225	16852	96982	44896	86861	29455	71010	79173	73678	69645	105609	49029	115850	61623	66162	24521	31332	70860	66796	55557	6228	111799	12264	48045	56053	46598	
51698	61030	34218	24777	10831	36067	67938	20817	80011	75069	28259	80569	79538	102374	13791	20382	32882	9238	72200	35284	100227	33722	56431	27924	12161	30672	84731	60066	55773	50239	54168	36110	60070	51715	0	34391	71518	62057	19992	70266	91101	33767	36434	33945	14040	68499	74436	25329	44583	60603	65030	74294	80411	14057	45971	32622	25494	66544	70977	78917	70737	15028	22579	35708	61477	42987	57201	28237	44922	76034	52359	27425	62266	58236	65842	53181	31056	74965	73304	54661	54893	60496	65554	24273	82557	74143	36226	65662	37957	21812	33309	27228	43023	29117	63652	30728	52087	78101	75043	70374	47387	59027	53973	44625	19113	36742	51983	6610	59433	34557	64412	46677	53740	88106	35764	40670	83790	40383	49692	54326	17652	19677	61307	28437	19187	29760	46181	61958	33607	64757	49252	29859	49719	70669	56233	55537	70269	59368	38335	49341	46273	26992	26782	62345	73845	38048	64805	36079	54684	74161	38773	46996	41501	33216	41067	40213	83673	33624	22950	66631	58531	28341	39844	42006	41681	79622	46520	15325	8458	13765	
78777	26801	17913	19262	34191	38807	80412	64346	44452	39510	26069	107648	43978	92712	52879	48338	8945	56207	75005	47758	127306	20728	20871	43238	44856	44073	80854	24507	82852	14680	62347	63189	24510	78795	34391	0	35767	90830	31128	99039	86884	15192	65207	10236	20600	97272	38685	68353	73356	73468	29279	103067	44660	35080	58803	28923	27525	95317	99750	43166	34986	28232	26338	32009	90250	6409	85974	38509	17596	71642	81131	31486	91039	87009	30091	17430	27357	39214	102077	18910	33923	89269	94327	57893	46806	38392	49058	47107	55897	11106	51216	45136	28612	18766	27901	4938	41526	42350	39292	34624	76160	87800	82746	80301	15225	41469	64815	54497	88205	63330	28661	12407	17989	116879	33375	53502	84975	69156	27344	83099	35560	35000	74172	53308	50035	4919	59046	26208	43878	77588	21861	26135	15449	83501	85006	68401	99042	23617	9868	13590	12003	8659	37054	75177	102618	66821	29054	48911	18934	79113	21873	11245	6404	46351	19952	53077	47922	38351	16664	95404	87304	8533	36145	46733	70454	43872	75293	37023	29553	39108	
103677	37987	41079	52367	68419	71609	124414	89246	6886	17604	62947	132548	22073	117612	85744	73238	38499	81107	99905	72658	152206	45628	23613	68138	79084	68973	105754	25549	107752	29052	89052	88089	20692	103695	71518	35767	0	114732	55030	122942	110787	39094	89109	33760	53717	121174	22889	92256	97258	97370	7567	126969	16430	70233	82705	44351	51428	119219	123652	21078	6786	63385	50240	55911	114152	28179	109876	62411	25394	95544	105034	62410	114941	110912	14439	20468	51260	31219	125980	22410	59047	113171	118229	81796	31851	12503	72960	39112	79799	47267	86369	80288	59670	42669	22816	38857	66650	21097	21800	26950	100062	111702	106648	104203	47805	65371	88717	78399	112108	87232	41801	30170	19490	140781	65570	77404	108878	93058	24987	107002	70713	68155	98074	99704	73937	39570	82948	19148	67781	101491	50233	50038	34601	107403	108908	92304	122944	30121	33770	24249	31155	39584	60956	99079	126520	90723	19425	72813	29593	103016	41025	23789	32035	77275	32944	76980	27231	62253	48088	119306	111206	40666	53596	70636	94356	19291	99195	60925	67511	74261	
15274	105552	103777	84930	68767	84232	51714	48550	124532	119590	81072	27068	124059	55373	45924	44693	83598	58240	27827	50279	49945	83821	100952	58981	54137	50182	39897	104588	24004	94761	64953	34800	104591	19946	62057	90830	114732	0	61051	17874	48997	77812	27882	100146	75721	10054	118481	36278	25694	54273	109075	20518	124456	62146	40135	76727	76398	32144	10586	122962	114782	70407	66766	79813	26417	87032	25661	68105	96950	35520	28368	75723	22087	6894	109887	97226	75161	119010	28523	98706	98998	12079	19422	35546	126602	118188	51770	109767	45255	83129	90696	97941	87129	78307	107697	85099	96192	122147	119088	114420	18312	12022	11273	30584	83034	66331	42361	58308	20906	37682	108457	90722	97785	46002	84061	43628	35825	25414	113766	21310	65950	67975	45794	54379	46628	88381	62056	106004	67972	49049	93357	73939	93764	54394	8714	51968	16872	103413	82380	93386	90318	98437	64082	45943	12731	28720	108850	54461	98730	19825	82878	91041	85547	81514	117477	56793	127718	73491	78030	6240	25825	82728	78665	63320	23186	123668	24133	59914	67922	58466	
