//--------------------------------------------------------------------------------------------------------------------
//-- données sur le bas Rhin récupérés par le géocodeur (matrice symétrique)
//-- 
//-- C. Duhamel, P. Lacomme C. Prodhon - juillet 2009 : 30435 kg à collecter, flotte de capa 50000
//--------------------------------------------------------------------------------------------------------------------
171 5 999999 0 0 0
5 500 40 2.2
5 1000 80 3.2
5 1500 180 6.2
5 3000 120 7.2
5 4000 180 9.2
0   // la ville qui represente le depot
0	12937	38376	36839	57050	31939	27797	17257	59072	14516	20056	42517	17127	31419	51376	2480	26631	50979	11310	44136	41077	31339	93965	8614	19480	16347	41257	92777	41198	8819	10659	41986	5126	22890	8403	35132	5944	25766	18327	14903	33197	10434	33225	29242	34514	23435	33348	15832	10050	54386	53509	46831	4688	63642	109409	37215	40895	21380	39022	15803	24952	60519	3747	34710	17415	59346	4268	45242	35326	95619	30530	53386	16357	46211	26060	20209	71187	67761	6731	17858	37333	64873	11309	24976	29518	26555	47256	7539	12686	31470	32859	65443	18549	57361	48139	16434	44437	60952	28754	9541	24321	35205	22486	36147	60333	30973	6122	42997	47072	25822	2820	97145	37857	39455	10266	28642	34165	47428	11506	21600	56035	19035	42883	69727	50994	37475	25166	24997	42761	38119	29771	90067	32432	49518	13370	43614	48372	74229	39140	36849	71286	50970	59571	46486	19506	46296	60181	35396	22882	13540	10700	49017	54308	15230	45863	34013	28051	21382	47366	31149	16608	34414	18388	32018	32973	65602	68385	52932	75408	45447	56318	3342	
12937	0	28517	26980	70876	27731	17939	23004	72899	28342	10197	56344	10542	21560	65202	10673	40457	41120	5040	34277	54903	39740	107791	30808	11442	6488	43333	106604	55024	7840	5276	32127	17611	36716	10669	25273	7312	29563	22124	18701	47023	12907	32364	43068	24655	13576	47174	4241	32244	68212	67336	60657	10955	77469	123235	51041	39144	14660	52849	29629	38779	74346	16896	29245	22286	73173	15751	59068	28992	109446	44356	43527	10408	36352	39887	34036	85013	81587	18137	17092	31044	55015	17057	27052	29202	16696	61082	29733	5770	45297	34935	79269	32375	47502	38280	8396	46513	74778	20386	29326	14462	49032	26283	33024	74160	25978	28316	56823	60898	15963	15305	110971	51683	53281	17326	30718	24306	61255	23722	25397	69861	32861	38832	83553	64820	51302	27242	15138	32902	28260	26917	103893	34508	39659	27197	33755	62199	88055	52967	50675	85113	41111	73398	60312	33332	60122	74008	37472	18608	24068	32894	49839	68135	20977	59689	24154	18192	35208	37507	38526	18684	48240	18031	22159	46799	79428	82212	43073	89234	41241	70144	15828	
38376	28517	0	12214	89322	20164	13737	45961	91345	46788	21028	74790	27131	27997	83649	35600	58903	21864	29980	16651	73349	79880	126237	49254	30490	25536	94093	125050	73470	27580	25372	21450	37025	55163	29115	10425	29857	30496	40570	37147	65469	30642	30458	61514	25644	31023	65620	24408	50690	86658	85782	79103	38241	95915	141681	69488	25141	25523	71295	48076	57225	92792	35342	19901	40732	91619	49903	77515	15724	127892	62802	32850	21271	35183	58333	52482	103460	100034	36583	34150	40372	44338	40013	48404	25267	20979	79529	48180	26485	63743	56287	97715	50821	36825	27603	27444	97272	93224	37833	47772	17168	67478	32876	27949	92606	43425	46762	75270	79344	16607	48767	129417	70130	71727	35772	52070	17130	79701	50519	43844	88307	51308	31108	101999	83266	69748	48594	27319	31992	33885	21843	122340	55860	20105	45643	37430	80645	106501	71413	69121	103559	30435	91844	78758	51779	78568	92454	88231	37656	42514	51340	35206	86581	43934	78135	35498	16296	53654	19354	55973	40036	66686	39383	20262	65245	97875	100658	49676	107681	30564	88590	38758	
36839	26980	12214	0	87940	20216	9948	44579	89963	45406	19645	73408	25749	19590	82266	34218	57521	25098	28598	19885	71967	78498	124855	47872	25163	24154	92710	123668	72088	26198	23990	20068	35642	53780	27733	12057	28475	30548	39188	35765	64087	29260	30510	60132	18283	21980	64238	23026	49308	85276	84399	77721	36859	94533	140299	68105	27085	24140	69913	46693	55843	91410	33960	19953	39350	90237	48521	76132	15776	126510	61420	31468	19889	27822	56951	51100	102077	98651	35201	32767	33011	42956	38631	47022	25319	16159	78146	46797	25103	62361	54904	96333	49439	35443	26221	26062	95890	91842	27379	46390	13949	66096	30440	28001	91224	32971	45380	73887	77962	12995	47385	128035	68747	70345	34390	50688	9410	78319	49137	42461	86925	49925	31160	100617	81884	68366	47212	18912	24631	26524	21895	120957	54478	23339	44261	30069	79262	105119	70031	67739	102177	29053	90462	77376	50396	77186	91072	86849	32259	41132	49958	37780	85199	42552	76753	28137	11476	52272	22589	45519	38654	65304	38000	15443	63863	96492	99276	42315	106298	29182	87208	37376	
57050	70876	89322	87940	0	76528	78460	50805	17264	41435	70475	26885	66107	87083	69321	61549	44575	101336	72500	94492	59021	65552	111909	56975	78217	73471	79765	110722	17366	64699	65863	86127	52697	46478	62079	85489	65012	70355	62916	59492	30037	59867	77813	38309	90177	78640	29540	75439	49087	43507	42630	24360	65890	9269	127353	22918	85484	68024	56967	44884	34742	18247	62991	79298	56578	77291	57623	29610	79914	113564	35653	103742	70379	101416	34969	43974	17305	37089	53724	62446	96108	109624	66057	80020	74107	76562	36377	46908	74420	49415	73369	13404	42313	107717	92280	75379	82944	50073	85450	45241	74328	35226	67074	80736	49454	91042	54482	27365	65016	76484	56487	115089	30182	38392	53815	78670	89125	65373	46148	66189	45155	38637	87471	23393	7152	21843	86450	80661	97967	93324	74359	108012	77948	99874	46163	98819	18873	21973	34543	54793	18261	101327	6557	12833	43271	14352	21687	73903	85383	52703	59060	93605	24960	51981	41889	89218	78408	39098	97722	94076	71355	33000	73135	82374	30102	83547	86330	108137	28475	90036	32149	53717	
31939	27731	20164	20216	76528	0	18315	53986	80199	35642	21171	63644	20940	28808	72502	34662	47757	24195	30123	17352	62203	68734	115091	38108	30633	25679	82947	113904	62324	30555	31718	12358	33831	44017	27934	14629	37096	12588	24506	17849	54323	21523	10803	50368	34926	31166	54474	24551	39544	75512	74636	67957	31746	84769	130535	58342	8956	16455	60149	36929	46079	81646	28847	3857	24714	80473	38757	66369	5603	116746	51656	26602	20946	47632	47187	41336	92313	88888	25555	18207	48634	33335	47190	83202	6675	14247	68383	37033	26628	52597	76551	86569	39675	20306	13716	27587	86126	82078	37976	36626	13942	56332	16077	8349	81460	43568	35616	64123	68198	16339	37621	118271	58984	60581	24744	81852	29220	68555	39373	21827	77161	40162	10943	90853	72120	58602	48737	29773	44441	45850	2243	111194	81130	22734	34497	51345	69499	95355	60267	57975	92413	24187	80698	67612	40633	67422	81308	77085	37799	31368	40194	17078	75435	46413	66989	41744	9923	42508	34236	56116	40179	55540	39526	6299	54099	86728	89512	60663	96535	13508	77444	34851	
27797	17939	13737	9948	78460	18315	0	35575	83959	39402	13642	67404	19745	11932	76263	25214	51517	31935	19594	25091	65963	72494	118852	41868	17505	15150	86707	117664	66084	20194	17986	22941	29639	47777	21729	13368	22471	22207	33184	29761	58083	23256	26177	54128	18050	14322	58234	11136	43304	79272	78396	71717	30855	88529	134295	62102	29958	18137	63909	40690	49839	85406	27956	19944	33346	84233	28321	70129	17087	120506	55416	34342	13885	35878	50947	45096	96074	92648	29197	26764	30378	45829	29627	38018	19901	10630	72143	40794	16099	56357	45901	90329	43435	38317	29095	17058	89886	85838	19721	40386	9764	60092	24436	23723	85220	25313	39376	67884	71958	3385	41381	122031	62744	64341	28386	41684	12104	72315	43133	36458	80921	43922	29531	94613	75880	62362	38208	11254	32687	24063	17616	114954	45474	30473	38257	30755	73259	99115	64027	61735	96173	31926	84458	71372	44393	71182	85068	80845	24601	35128	43954	35472	79195	33548	70749	23489	8891	46268	23080	37861	29650	59300	28996	12858	57859	90489	93272	40073	100295	32056	81204	31372	
17257	23004	45961	44579	50805	53986	35575	0	40070	16294	28122	35491	37412	39485	25237	16871	8713	59045	19376	52202	19907	18887	75262	10063	27546	24413	34659	74075	34172	23210	24688	57432	16228	6989	33385	43198	20055	41661	34222	30798	26171	31173	49119	14106	42580	31501	19370	26952	8440	35690	34814	28135	19463	56616	90706	30189	56790	39330	13651	15839	17926	41824	19009	50604	27884	35612	14395	21674	51220	76917	23504	61452	41685	54277	22820	9513	64161	49065	25029	33752	46712	72940	15701	24880	45413	34621	28560	10848	20752	10280	26778	58417	11712	65427	63586	24500	37839	42256	38133	12280	32387	14794	38380	52042	41638	40352	12403	35971	26405	33888	18488	78442	30831	18285	25121	26038	42231	26549	7041	37495	37339	18190	58777	51031	43967	30449	27237	33063	50827	46185	45665	71364	28794	57584	15761	51680	41346	52522	20445	11984	49764	59037	52545	39459	15592	39270	41486	23226	32261	24009	8602	64911	35613	4148	24548	43393	36117	10329	55432	34222	19483	16496	25017	40084	25947	41868	44651	59278	56712	61342	37622	15225	
59072	72899	91345	89963	17264	80199	83959	40070	0	43339	72379	28790	68011	88987	54034	63453	33176	103240	74404	96397	32924	50265	96623	58879	80121	75376	64478	95435	18193	66603	67767	88031	54602	40091	63983	87393	66917	72259	64820	61396	31942	61771	79717	40213	92082	80545	31444	77343	50991	33634	19623	17146	67795	8512	112067	24822	87388	69928	41680	46788	36646	7822	64895	81203	58482	49165	59527	23417	81819	98277	37558	105647	72283	103320	36874	45878	27806	23898	55628	64351	98012	117134	67961	64733	76011	78467	26504	48812	76325	33650	58082	22062	44218	109622	94184	77284	67657	40200	87355	47145	76232	26180	68979	82640	39582	92947	56386	19601	39230	78389	58391	99802	32086	28519	55719	63383	91030	34462	48052	68093	23370	40541	89375	13488	15902	23748	71163	82565	99871	95229	76264	92725	62662	101778	48068	100724	14913	23021	24670	39507	13203	103231	16135	13753	45175	12042	8497	58616	87287	54607	60965	95510	7449	53885	32016	91123	80312	41002	99626	78789	72998	26132	75039	84279	32006	52801	58204	110041	27211	91940	17974	55622	
14516	28342	46788	45406	41435	35642	39402	16294	43339	0	28609	21209	24241	45217	41034	19683	16289	59470	30634	52626	30734	37265	83623	15109	36351	31606	51478	82435	25991	22833	23997	44261	9477	11045	20213	43623	23147	28489	21050	17626	13465	18001	35947	13661	48312	36774	19398	33573	8673	44044	43167	36489	24025	48436	99066	22008	43618	26158	28680	714	11002	50177	21125	37433	14712	49004	15757	30035	38049	85277	10591	61877	28513	59550	8000	8364	55980	57419	11858	20581	54242	73364	24191	51733	32241	34696	36914	6062	32555	21128	45082	50236	5685	65852	50414	33514	54657	50610	43585	4827	32462	24863	25209	38870	49991	49177	12616	27790	36730	34619	14621	86802	22650	29113	11949	50383	47260	37086	9957	24323	45692	3534	45605	59385	35787	22269	38048	38795	56101	51459	32494	79725	49661	58008	2248	56954	33166	59022	28798	26506	56080	59461	44365	31279	2037	31089	49839	45616	43517	8053	17194	51740	43966	15791	35521	47353	36542	10153	55856	44031	29490	24071	31269	40509	17766	55260	58043	66271	65066	48170	45976	11851	
20056	10197	21028	19645	70475	21171	13642	28122	72379	28609	0	56801	9142	14336	65660	17929	40914	34235	12309	27391	55360	61891	108248	31265	12819	7865	76104	107061	55481	9591	7383	25241	19036	37174	11126	18388	11868	17085	22581	19158	47480	12653	23383	43525	21476	13352	47631	5413	32701	68669	67793	61114	20252	77926	123692	51499	32258	7505	53306	30087	39236	74803	17353	22359	22743	73630	21037	59526	22106	109903	44813	36641	3253	36128	40344	34493	85470	82045	18594	16161	30820	48129	22342	30733	19920	7715	61540	30191	8814	45754	38616	79726	32832	40616	31394	9773	79283	75235	20162	29783	6812	49489	13805	26138	74617	25755	28773	57281	61355	8313	30778	111428	52141	53738	17783	34399	20954	61712	32530	25855	70318	33319	31946	84010	65277	51759	30924	11959	32679	28037	20032	104351	38190	32773	27654	33532	62656	88512	53424	51132	85570	34226	73855	60769	33790	60579	74465	70242	19985	24525	33351	42953	68592	26263	60146	23931	11307	35665	30621	38303	22365	48697	21712	15273	47256	79886	82669	42849	89692	34355	70601	20769	
42517	56344	74790	73408	26885	63644	67404	35491	28790	21209	56801	0	51601	72577	54815	47044	14068	86830	57995	79987	23098	51046	97404	42469	63712	58966	65259	96217	9150	50194	51357	71621	38192	31973	47573	70983	50507	55849	48410	44987	15532	45361	63308	11456	75672	64135	3386	60933	34581	28970	28093	13959	51385	33227	112848	8394	70979	53519	42462	30379	10724	30288	48486	64793	42073	62786	43118	4750	65409	99059	21148	89237	55873	86911	20464	29468	40771	38049	39218	47941	81603	100725	51551	65514	59601	62057	21840	32402	59915	19562	58863	35027	27808	93212	77775	60874	68439	35536	70945	30736	59823	10229	52569	66231	34917	76537	39977	4951	31739	61979	41982	100584	12170	17535	39309	64164	74620	26971	31642	51684	30618	24132	72966	39496	20578	5103	71945	66155	83461	78819	59854	93506	63443	85369	31658	84314	9065	43813	16544	40288	40871	86821	29156	16070	28765	15880	29950	59398	70878	38198	44555	79100	24077	27547	27352	74713	63902	24593	83217	79570	56850	8003	58630	67869	9692	48136	71825	93632	45177	75530	26606	39212	
17127	10542	27131	25749	66107	20940	19745	37412	68011	24241	9142	51601	0	27719	61458	11893	36713	40100	12321	33257	51159	57690	104047	27064	21026	16281	71902	102860	51280	5390	5684	31107	14834	32972	6925	24254	11061	14065	18380	9212	43279	5095	21691	39324	32987	21449	43430	10660	28500	64468	63591	56913	16051	73725	119491	47297	29362	4485	49105	25885	35035	70602	13152	23176	12064	69429	27713	55324	27972	105702	40612	42507	8148	44225	36143	30292	81269	77843	14393	8602	38917	53995	22623	39149	17985	12930	57338	25989	17230	41553	65506	75525	28631	46482	37260	18189	75082	71034	28259	25582	13093	45288	10784	24614	70416	33852	24572	53079	57154	15249	26577	107227	47939	49537	13582	70807	27890	57511	28329	17697	66117	29117	31349	79809	61076	47558	39339	23470	40776	36134	18237	100149	70086	38639	23453	41629	58454	84311	49223	46931	81369	40092	69654	56568	29588	56378	70264	66041	28192	20324	29150	37483	64391	35369	55945	32028	17172	31464	36487	46400	30781	44496	30127	21139	43055	75684	78468	50946	85490	40221	66400	16568	
31419	21560	27997	19590	87083	28808	11932	39485	88987	45217	14336	72577	27719	0	57165	28561	57375	41166	22941	34322	71821	52551	124710	47726	13619	15597	56144	123522	71942	24769	22205	32172	37910	53635	27838	22566	25213	29618	39043	35619	63941	30076	33709	59986	14164	10436	64093	15087	49162	85130	84254	77575	36714	94387	140153	67960	39189	21804	69767	46548	55697	91264	33814	29175	39204	90091	31668	75987	26284	126364	61274	43573	17553	29466	56805	50954	101932	98506	35055	38573	26492	55060	25354	39863	29132	18041	78001	46652	19446	62215	47745	96187	49293	47548	38326	15278	59323	91697	15835	46244	15807	65950	28104	32954	91078	21427	45234	73742	77816	11630	47239	127889	68602	70199	34244	43529	12577	78173	48991	42316	86779	49780	38762	100471	81738	68220	31311	7368	26016	20177	26847	120812	47319	39704	44115	26869	79117	104973	69885	67593	102031	41157	90316	77230	50251	77040	90926	50282	20715	40987	49812	44703	85053	36895	76607	19603	18122	52126	36648	33975	31237	65158	26274	22089	63717	96347	99130	36187	106153	41287	87062	37230	
51376	65202	83649	82266	69321	72502	76263	25237	54034	41034	65660	54815	61458	57165	0	41573	27117	95326	41120	88483	18307	9558	34873	50965	42372	67462	10485	28045	51892	58690	59853	80117	46688	31053	56070	79480	44756	64346	56907	53483	43892	53858	71804	39936	56358	44274	44043	69430	33993	19354	23784	39357	59881	74337	68167	47910	79475	62015	14588	38875	35647	53046	56982	73289	50569	10386	51614	36485	73905	54378	41224	97733	64370	65551	40541	35385	81882	42237	47714	56437	54802	109221	31428	18128	68098	70553	19458	40899	39601	19210	11477	76138	36304	101708	86271	42006	13664	26973	46222	39232	68319	27732	61065	74727	23121	41267	48473	53692	7759	70475	50478	55903	48552	21881	47806	16778	83116	11362	32593	60180	24793	35911	81462	62253	61688	48170	24558	74652	62102	57460	68350	48826	15488	93865	40154	62955	59067	63744	23342	16319	60986	95318	70266	57180	37262	56990	52708	9676	40350	46694	34154	87596	46835	29701	14397	51483	72398	32591	91713	32184	26392	32188	33107	76365	43668	16641	19425	83139	67934	84027	30793	47708	
2480	10673	35600	34218	61549	34662	25214	16871	63453	19683	17929	47044	11893	28561	41573	0	31312	48678	9008	41834	45758	30939	98646	10605	17178	14046	40857	97458	45879	6518	8357	39684	7117	27571	10324	32831	3642	27687	20248	16825	37878	12355	35146	33923	32212	21133	38029	13531	12041	59067	58190	51512	3156	68323	114090	41896	42816	16023	43704	20484	29633	65201	5859	36631	20410	64028	3926	49923	36549	100300	35211	51084	14056	43909	30741	24890	75868	72442	9952	19779	35031	62572	10909	24576	31439	24253	51937	9530	10384	36152	32458	70124	23230	55059	45837	14133	44036	65633	26452	11532	22019	39886	24407	38069	65014	28672	8113	47678	51753	23520	4811	101826	42538	44136	13487	28242	31864	52109	12806	23522	60716	23716	44804	74408	55675	42156	24766	22695	40460	35818	31692	94748	32032	47216	18052	41312	53053	78910	43821	41530	75968	48669	64252	51167	24187	50977	64862	34996	20580	18222	8568	50938	58989	14830	50544	31711	25750	26063	45064	30749	16208	39095	19039	29716	37654	70283	73067	50630	80089	48798	60999	5333	
26631	40457	58903	57521	44575	47757	51517	8713	33176	16289	40914	14068	36713	57375	27117	31312	0	71372	42536	64529	15871	24123	70480	27011	48253	43508	38336	69293	27938	34736	35899	56163	22734	6474	32115	55525	35049	40391	32952	29529	19937	29903	47850	3478	60214	48677	12252	45475	14173	28546	27670	20991	35927	50383	85924	23956	55520	38061	15538	14921	7681	34680	33028	49335	26614	35862	27660	14530	49951	72135	17270	73779	40415	71453	16586	10891	57927	41921	23760	32483	66145	85266	36093	38591	44143	46599	21417	16944	44457	7507	31940	52183	12350	77754	62317	45416	41515	35112	55487	15278	44364	7651	37111	50773	34494	61079	24519	29737	23587	46521	26524	73660	24598	14249	23851	37241	59162	19744	13065	36225	30195	11957	57508	43887	37734	24216	45021	50697	68003	63361	44396	66583	36519	69911	16200	68856	35113	45378	13301	13364	42620	71363	46312	33226	13307	33036	34342	32474	55420	22740	29097	63642	28469	12857	20657	59255	48444	8098	67759	52647	28191	9352	33726	52411	19713	42117	44901	78174	49568	60072	30478	23754	
50979	41120	21864	25098	101336	24195	31935	59045	103240	59470	34235	86830	40100	41166	95326	48678	71372	0	42292	8674	85661	92192	138550	61566	42802	37848	106405	137362	85782	39892	37684	12140	49337	67475	41427	15272	42169	33764	44573	37916	77781	42954	33727	73826	35260	43335	77933	36720	63002	98970	98094	91415	50553	108227	153993	81800	24260	37835	83607	60388	69537	105104	47654	21790	44781	103931	62215	89827	25488	140204	75114	7340	33583	38909	70645	64794	115772	112346	48895	38274	60803	21892	52325	60716	28536	33291	91841	60492	38797	76055	68599	110027	63133	14380	13128	39756	109584	105537	50145	60084	29480	79790	36144	32616	104918	55737	59074	87582	91656	28919	61079	141729	82442	84039	48084	64382	37156	92013	62831	43057	100619	63620	32004	114311	95578	82060	60907	41942	34880	58020	26509	134652	68172	4736	57955	41226	92957	118813	83725	81433	115871	7989	104156	91070	64091	90880	104766	100543	49968	54827	63652	25535	98893	56246	90447	53913	28608	65966	10422	68285	52348	78998	51695	27286	77557	110187	112970	53472	119993	17110	100902	51070	
11310	5040	29980	28598	72500	30123	19594	19376	74404	30634	12309	57995	12321	22941	41120	9008	42536	42292	0	35877	61721	31939	75856	21598	11221	8088	41582	74668	61842	7077	6419	33727	14690	43534	12456	26873	4391	36381	28942	25518	53841	14694	33964	49886	26255	15176	53992	7134	20472	75030	74153	67475	8033	84286	91299	57859	40744	16451	28156	36447	45597	81164	10689	30845	29103	52341	12114	65886	30592	77510	51174	45127	12199	37952	46705	22588	91831	88405	14829	18879	32644	56615	13420	25301	30802	18296	67900	20523	4427	52115	33184	86087	39193	49102	39880	8175	44762	81596	21986	36144	16062	55849	33101	34624	80978	27578	19105	63641	67716	17563	12384	79035	58501	60099	24144	28967	25906	68072	20085	32215	76679	39679	40432	90371	71638	58119	25492	16738	34502	29860	28517	71958	32757	41259	34015	35355	69016	94873	59784	57493	91931	42712	80216	67130	40150	66940	80825	35721	17821	30886	15665	51439	74952	17340	66507	25754	19792	42026	39107	31474	16933	55058	16280	23759	53617	58596	60418	44673	96052	42841	76962	12906	
44136	34277	16651	19885	94492	17352	25091	52202	96397	52626	27391	79987	33257	34322	88483	41834	64529	8674	35877	0	79335	85865	132223	55240	36585	31522	100078	131035	79456	33565	31357	7002	43010	61148	35100	7544	35842	27438	38247	31589	71455	36628	27400	67500	35938	37009	71606	30393	56675	92644	91767	85089	44227	101900	147667	75473	17933	31508	77280	54061	63210	98777	41327	15463	38454	97604	55888	83500	17562	133877	68788	12979	27257	41351	64318	58467	109445	106019	42569	31948	54476	27531	45999	54390	22209	26964	85514	54165	32470	69728	62272	103701	56807	20019	13155	33430	103257	99210	43819	53758	23154	73463	29818	26289	98591	49411	52747	81255	85330	22593	54752	135403	76115	77713	41758	58056	26278	85686	56505	36730	94293	57293	25677	107985	89252	75733	54580	35615	37322	51693	20183	128325	61846	3624	51628	43667	86630	112487	77398	75107	109544	13628	97829	84744	57764	84554	98439	94217	43641	48500	57325	24714	92566	49919	84121	47587	22281	59640	12863	61959	46021	72672	45368	20959	71231	103860	106643	55913	113666	16116	94576	44743	
41077	54903	73349	71967	59021	62203	65963	19907	32924	30734	55360	23098	51159	71821	18307	45758	15871	85661	61721	79335	0	23241	70636	41661	62904	58158	25669	41396	42588	49386	50549	70813	37384	21749	46766	70175	49699	55042	47602	44179	34587	44554	62500	18714	74864	63327	21822	60125	33773	13966	13089	20567	50577	42002	86079	38606	70171	52711	14656	29571	26343	34256	47678	63985	41265	18402	42310	16726	64601	72290	31920	88429	55065	86103	31237	26081	56550	28773	38410	47133	80795	99917	50743	38746	58794	61249	6836	31594	59107	11285	32095	50806	27000	92404	76967	60066	27916	20532	70137	29928	59015	12795	51761	65423	19914	75729	39169	23335	10899	61171	41174	73815	39248	3767	38502	37396	73812	6131	28254	50876	15615	26607	72158	43463	36352	38866	45176	65348	82653	78011	59046	66738	36674	84561	30850	83506	24493	44954	8936	12482	42196	86014	44935	34204	27957	32493	33918	32629	46133	37390	43747	78292	20649	27110	5886	73905	63094	23287	82409	52802	33355	17251	38890	67061	34364	24657	27441	92824	49144	74723	17330	38404	
31339	39740	79880	78498	65552	68734	72494	18887	50265	37265	61891	51046	57690	52551	9558	30939	24123	92192	31939	85865	23241	0	49699	28880	37737	39245	10666	28751	49651	56448	57612	77876	44446	28811	53828	77238	32644	62104	54665	51241	41650	51616	69562	25801	51724	39639	41801	41784	25218	28912	33341	37115	33515	72095	65142	45668	77233	59773	8672	36633	33405	50804	54740	71047	48327	19756	28447	34243	71663	51353	38983	95491	62128	60916	38299	33143	79640	58046	45472	54195	50167	106979	26793	13493	65856	68311	37541	27626	34966	15419	8452	73896	34062	99466	84029	37371	13845	36530	41588	36990	66077	25490	58823	72485	32679	36633	29249	51450	17316	68233	48236	52878	46310	21549	45564	11446	54489	20919	23819	57938	34350	33669	79220	60011	59446	45928	19923	46202	57467	52825	66108	45801	11749	91623	37912	58320	56825	61502	29425	12555	58744	93076	68024	54938	35020	54748	50466	5481	35716	44452	24548	85354	44593	20926	23955	46848	70157	30349	89471	27549	21758	28190	28472	74123	41426	26012	28795	80113	65693	81785	46602	45466	
93965	107791	126237	124855	111909	115091	118852	75262	96623	83623	108248	97404	104047	124710	34873	98646	70480	138550	75856	132223	70636	49699	0	94382	76040	110879	33401	12556	95309	102107	103270	123534	90105	74470	99486	122896	78424	107762	100323	96900	87308	97274	115221	83353	90026	77941	87459	112846	86494	46028	50221	82774	103298	117754	15893	91327	122891	105431	61577	82292	79064	96462	100399	116706	93985	29507	95031	79901	117322	16983	84641	141150	107786	92686	83957	78801	125298	57735	91131	99854	88469	152637	65096	51796	111514	113970	83199	84315	73268	68204	45145	119554	79721	145125	129687	75674	26940	42422	79890	82649	111735	71148	104482	118143	42070	74935	91890	97108	37908	113892	93895	12353	91969	67465	91222	50445	126533	41640	80975	103596	46856	79328	124879	105670	105105	91587	58226	118068	94076	91128	111767	10229	49724	137282	83571	87456	102484	107161	75083	59403	104403	138734	113683	100597	80678	100407	96124	45679	74018	90111	96468	131013	90251	76690	44676	85150	115815	76007	135130	65852	60060	75604	66775	119782	87084	26109	20417	91689	111351	127443	52491	91125	
8614	30808	49254	47872	56975	38108	41868	10063	58879	15109	31265	42469	27064	47726	50965	10605	27011	61566	21598	55240	41661	28880	94382	0	38794	34048	61560	92517	40937	25276	26439	46703	6878	13329	13092	46066	14217	30932	23493	20069	32936	20444	38390	28981	50754	39217	33087	36015	2148	54125	53249	46570	11864	63382	109148	36955	46061	28601	21581	9671	24692	60259	9658	39875	17155	43542	9945	44982	40491	95359	30269	64319	30955	61993	25800	5784	70927	67501	14300	23023	56685	75807	16354	28961	34684	37139	46996	4375	34997	31210	30859	65182	8057	68294	52857	35956	64739	60691	46027	6112	34905	34945	27651	41313	60073	51619	2957	42737	46811	37061	7366	96884	37597	39194	14392	30119	49702	47168	3604	26766	55774	18775	48048	69466	50733	37215	31318	41238	58543	53901	34936	89807	32875	60451	13110	59396	48112	73968	38880	36588	71026	61904	59311	46225	9424	46035	59921	30662	29895	13280	4746	54182	54048	9437	45602	49795	38984	10869	58299	38303	23563	34153	23433	42951	32712	49797	52581	68714	75148	50613	56057	5875	
19480	11442	30490	25163	78217	30633	17505	27546	80121	36351	12819	63712	21026	13619	42372	17178	48253	42802	11221	36585	62904	37737	76040	38794	0	6319	43910	76995	63074	19407	13558	35229	29041	44766	18969	28376	13910	37613	30174	26750	55073	21207	35466	51118	17087	3299	55224	13018	40293	76262	75385	68707	27845	85518	93626	59091	42246	20804	60898	37679	46828	82395	24945	32348	30335	54668	20364	67118	32094	79837	52406	46629	16553	26280	47936	42085	93063	89637	26187	29705	20645	58117	13278	27628	41365	19798	69132	37783	7162	53346	35511	87319	40425	50605	41382	3202	47089	82828	9987	37376	17564	57081	34333	36126	82209	15580	36365	64873	68948	19065	38370	81362	59733	61331	25376	31294	18150	69304	40123	33447	77911	40911	41934	91603	72870	59351	19076	9862	22830	18188	30020	74285	35085	42761	35246	23683	70248	96105	61016	58725	93162	44214	81447	68362	41382	68172	82057	38048	8293	32118	40943	52941	76184	25591	67739	13756	21295	43258	40609	20759	19003	56290	14039	25262	54849	60923	62745	33001	97284	44343	78194	28361	
16347	6488	25536	24154	73471	25679	15150	24413	75376	31606	7865	58966	16281	15597	67462	14046	43508	37848	8088	31522	58158	39245	110879	34048	6319	0	43022	109340	57761	10145	7581	29646	23728	39453	13656	22792	10590	32300	24861	21437	49760	15894	29883	45805	17599	8428	49911	6001	34981	70949	70072	63394	22532	80205	125972	53778	36663	15221	55586	32366	41515	77083	19633	26764	25022	75910	17045	61805	26511	112182	47093	41046	10969	31408	42623	36772	87750	84324	20874	24392	25774	52534	18350	26741	26721	14215	63819	32470	4822	48034	34624	82006	35112	45021	35799	3525	46202	77515	15116	32063	11981	51768	29020	30543	76896	20708	31052	59560	63635	13482	18569	113708	54420	56018	20063	30407	18406	63991	34810	28134	72598	35598	36351	86290	67557	54038	26932	8083	27959	23316	24436	106630	34197	37178	29934	28811	64935	90792	55703	53412	87850	38631	76134	63049	36069	62859	76744	37161	13736	26805	35631	47358	70871	22271	62426	18884	15711	37945	35026	33256	18373	50977	17720	19678	49536	82165	84949	38129	91971	38760	72881	23049	
41257	43333	94093	92710	79765	82947	86707	34659	64478	51478	76104	65259	71902	56144	10485	40857	38336	106405	41582	100078	25669	10666	33401	61560	43910	43022	0	21044	64077	70875	72038	92302	58873	43238	68255	91664	43744	76531	69091	65668	56076	66043	83989	52121	55346	43261	56228	45406	55262	26569	31884	51542	43152	86522	67155	60095	91660	74200	23656	51060	47832	65231	69167	85474	62754	16525	38084	48670	86090	53365	53409	109918	76554	64538	52726	47570	94067	50338	59899	68622	53789	121406	30415	17115	80283	82738	27559	53084	38588	36972	10464	88323	48489	113893	98456	40993	3179	34299	45210	51417	80504	39917	73250	86912	30448	40255	60658	65877	15859	82660	62663	54891	60737	36234	59991	15765	58111	19462	49743	72365	32893	48096	93647	74438	73873	60355	23545	49824	61089	56447	80535	47813	16010	106050	52339	61942	71252	75929	43852	28172	73171	107503	82451	69365	49446	69175	64893	8663	39338	58879	35871	99781	59020	33966	22498	50470	84583	44776	103898	31171	25380	44373	32094	88550	55853	22780	20022	75556	80119	96212	38894	59893	
92777	106604	125050	123668	110722	113904	117664	74075	95435	82435	107061	96217	102860	123522	28045	97458	69293	137362	74668	131035	41396	28751	12556	92517	76995	109340	21044	0	80359	87157	88320	108584	75155	59520	84537	107947	63475	92813	85374	81950	72359	82325	100271	68403	75077	62992	72510	97896	71544	40941	44597	67824	88348	102804	25504	76377	107942	90482	46627	67342	64114	81513	85449	101756	79036	24419	80081	64952	102372	20447	69691	126200	92836	75518	69008	63852	110349	88754	76181	84904	73520	137688	50146	36846	96565	99020	43276	69366	58319	53254	30195	104605	64771	130175	114738	60724	20014	44780	64941	67699	96786	56199	89532	103194	40929	59986	76940	82159	30043	98942	78945	21973	77019	52516	76273	27260	111583	35179	66026	88647	47298	64378	109929	90720	90155	76637	43276	103119	76908	76178	96817	14895	24969	122332	68621	70288	87534	92211	60134	44454	89453	123785	98733	85647	65729	85457	81175	26742	59069	75161	81518	116063	75302	61740	38215	70201	100865	61058	120180	50902	45111	60655	51825	104832	72135	24782	20802	74520	96401	112494	77311	76175	
41198	55024	73470	72088	17366	62324	66084	34172	18193	25991	55481	9150	51280	71942	51892	45879	27938	85782	61842	79456	42588	49651	95309	40937	63074	57761	64077	80359	0	48645	49809	70073	36643	30424	46025	69435	48958	54301	46862	43438	10472	43813	61759	22255	74123	62586	11789	59385	33032	33632	32755	20337	49836	32640	111299	5499	69430	51970	40913	28830	18688	34951	46937	63244	40524	61237	41569	11859	63860	97510	19599	87688	54325	85362	18915	27920	40184	42712	37669	46392	80054	99176	50003	63966	58053	60508	26502	30854	58366	33361	57315	34440	26259	91663	76226	59325	66890	40198	69396	29187	58274	17474	51020	64682	39580	74988	38428	9614	48962	60430	40433	99035	9275	41345	37761	62615	73071	49319	30094	50135	35281	22583	71417	45416	11683	6054	70396	64607	81913	77270	58305	91957	61894	83820	30109	82765	8228	43226	21446	38739	40284	85273	28569	5826	27217	6151	26231	57849	69329	36649	43006	77551	28740	35927	32014	73164	62354	23044	81668	78022	55301	15249	57081	66320	14048	67492	70276	92083	50498	73982	31268	37663	
8819	7840	27580	26198	64699	30555	20194	23210	66603	22833	9591	50194	5390	24769	58690	6518	34736	39892	7077	33565	49386	56448	102107	25276	19407	10145	70875	87157	48645	0	2853	33689	12557	30694	4647	26835	5823	23541	16102	12679	41001	6885	31000	37046	28338	20111	41152	7924	26222	62190	61314	54635	6223	71447	117213	45019	40706	11706	46827	23607	32757	68324	10874	32485	16264	67151	10401	53046	30554	103424	38334	45089	11725	42886	33865	28014	78991	75565	12115	11070	37578	56576	17385	31052	27293	17909	55061	23711	11120	39275	63229	73247	26353	49064	39842	12080	72804	68756	26921	23304	15675	43010	20261	33923	68138	32513	22294	50801	54876	17831	11287	104949	45662	47259	11304	34718	30472	55233	26051	19376	63839	26839	40658	77531	58798	45280	31242	18821	39437	34795	27546	97871	67808	41221	21175	40290	56177	82033	46945	44653	79091	42673	67376	54290	27311	54100	67986	63763	22291	18046	26872	46792	62113	23392	53667	30689	19754	29186	39069	45061	22683	42218	22704	23721	40777	73406	76190	49608	83212	42803	64122	11809	
10659	5276	25372	23990	65863	31718	17986	24688	67767	23997	7383	51357	5684	22205	59853	8357	35899	37684	6419	31357	50549	57612	103270	26439	13558	7581	72038	88320	49809	2853	0	29624	13714	31852	5804	22771	4947	24699	17260	13836	42159	8042	32157	38203	25768	14690	42310	5355	27379	63348	62471	55793	8022	72604	118370	46177	36641	10494	47984	24765	33914	69481	12031	33642	17421	68308	12199	54204	26490	104581	39492	41025	6243	37466	35022	29171	80149	76723	13272	12228	32158	52512	18735	30470	28451	10931	56218	24869	8551	40432	64386	74405	27511	45000	35778	9510	73961	69914	21500	24462	11610	44167	21418	30521	69295	27092	23451	51959	56034	13767	13085	106106	46819	48417	12462	34136	25420	56390	27208	20533	64997	27997	41815	78689	59955	46437	30660	16252	34016	29374	24415	99029	37926	37156	22332	34869	57334	83190	48102	45811	80248	38609	68533	55447	28468	55257	69143	64920	19722	19204	28029	47336	63270	22655	54825	25268	15690	30344	35004	39640	22102	43375	21448	19657	41935	74564	77347	44187	84370	38739	65280	15447	
41986	32127	21450	20068	86127	12358	22941	57432	88031	44261	25241	71621	31107	32172	80117	39684	56163	12140	33727	7002	70813	77876	123534	46703	35229	29646	92302	108584	70073	33689	29624	0	42800	52986	34175	8962	34917	22667	33475	26818	63293	30492	22629	59337	40255	36083	63444	29468	48513	84482	83605	76927	40715	93738	139504	67311	8417	25424	69118	45899	55048	90615	37816	10692	33683	89442	47726	75338	14390	125715	60625	15694	26331	58859	56156	50305	101283	97857	34524	27177	53551	22012	45073	53464	17438	25129	77352	46003	31545	61566	85520	95539	48645	11402	6153	32504	95095	91048	42893	45596	22228	65301	25047	21518	90429	48486	44585	73093	77168	21667	46590	127240	67953	69551	33713	57130	29904	77524	48342	31959	86130	49131	19653	99823	81089	67571	53655	34690	55410	50768	15412	120163	60920	7804	43466	56262	78468	104324	69236	66944	101382	8109	89667	76581	49602	76391	90277	86054	42716	40338	49163	15553	84404	48994	75959	46662	21356	51478	19681	61033	45096	64509	44443	16188	63069	95698	98481	65580	105504	10135	86414	43820	
5126	17611	37025	35642	52697	33831	29639	16228	54602	9477	19036	38192	14834	37910	46688	7117	22734	49337	14690	43010	37384	44446	90105	6878	29041	23728	58873	75155	36643	12557	13714	42800	0	18771	9448	37554	10573	27073	19634	16210	29077	11479	34531	25122	42243	30706	29229	19956	8269	50267	49390	42711	8220	59523	105289	33096	42202	22425	34903	9529	20833	56400	6015	36016	13296	55227	7349	41123	36632	91500	26410	55808	22444	53482	21941	16090	67068	63642	3946	19164	48174	67295	15938	29605	30825	28628	43137	5759	17315	27351	51305	61324	14429	59783	48998	21063	60880	56833	37516	7760	26394	31086	23792	37454	56214	43108	4341	38878	42952	28550	3722	93025	33738	35335	5445	34293	41191	43309	9725	22907	51915	14916	44189	65607	46874	33356	29795	32726	50032	45390	31077	85948	37048	51940	8012	50885	44253	70109	35021	32729	67167	53392	55452	42366	15387	42176	56062	51839	27510	9421	8919	50323	50189	15138	41744	41284	30473	17262	49788	35778	21237	30294	23017	34440	28853	61483	64266	60203	71289	46754	52198	1866	
22890	36716	55163	53780	46478	44017	47777	6989	40091	11045	37174	31973	32972	53635	31053	27571	6474	67475	43534	61148	21749	28811	74470	13329	44766	39453	43238	59520	30424	30694	31852	52986	18771	0	34021	57431	36954	42297	34858	31434	21843	31809	49755	11867	62119	50582	17131	47381	11705	34707	33830	27152	37832	52288	89730	25861	57426	39966	19343	9836	13598	40840	34933	51240	28520	39667	29565	19434	51856	75940	19175	75684	42321	73358	13078	7492	59833	48082	25665	34388	68050	87172	22690	42396	46049	48504	27577	14113	46362	11791	35745	54089	7623	79659	64222	47321	45321	41273	57392	17183	46270	12555	39016	52678	40654	62984	15668	31643	27393	48426	28429	77466	26503	19776	25757	41046	61067	27749	10306	38131	36356	8888	59413	50048	39639	26121	48826	52603	69909	65266	46301	70388	40325	71816	11715	70761	37018	51539	19461	17170	48781	73269	48217	35131	8580	34941	40502	36280	39250	24645	15766	65547	34629	11053	26184	61160	50350	4699	69664	56452	26472	14256	32006	54316	21619	45923	48707	80079	55729	61978	36639	25659	
8403	10669	29115	27733	62079	27934	21729	33385	63983	20213	11126	47573	6925	27838	56070	10324	32115	41427	12456	35100	46766	53828	99486	13092	18969	13656	68255	84537	46025	4647	5804	34175	9448	34021	0	26310	11271	16688	13918	10494	38817	3626	24146	34862	31122	19585	38968	10836	13997	60006	59129	52451	7111	69262	115029	42835	31817	11180	44642	21423	30572	66139	4212	25631	14079	64966	11875	50862	30028	101239	36150	44563	11200	42361	31680	25829	76807	73381	4500	7811	37053	56051	18916	32583	20440	17383	52876	11486	15365	37090	61044	71063	24169	48538	39316	16324	70620	66572	26395	21120	15149	40825	13407	27069	65953	31987	10068	48617	52692	17305	9484	102765	43477	45075	8035	66345	29946	53048	15452	17191	61655	24655	33804	75347	56614	43095	32773	21606	38911	34269	20692	95687	65624	40695	18991	39764	53992	79849	44760	42469	76906	42148	65191	52106	25126	51916	65801	61579	26328	15862	14647	39938	59928	20865	51483	30163	19229	27002	38543	44535	24214	40034	28263	23196	38593	71222	74006	49082	81028	42277	61938	7628	
35132	25273	10425	12057	85489	14629	13368	43198	87393	43623	18388	70983	24254	22566	79480	32831	55525	15272	26873	7544	70175	77238	122896	46066	28376	22792	91664	107947	69435	26835	22771	8962	37554	57431	26310	0	26911	24624	35433	28776	62524	27697	24587	58569	32174	28078	62675	21462	47745	83713	82836	76158	35296	92969	138736	66542	14938	22577	68349	45130	54279	89846	32396	12650	35641	88673	46957	74569	10953	124946	59857	18751	18326	41713	55387	49536	100514	97088	33638	29135	45546	27163	37068	45459	19396	18033	76583	45234	23539	60797	53341	94770	47876	19650	15075	24499	94326	90279	34888	44827	14223	64532	27005	23476	89660	40480	43816	72324	76399	13662	45821	126472	67184	68782	32827	49125	21030	76755	47574	33917	85362	48362	22682	99054	80321	66802	45649	26684	38522	42762	17369	119394	52915	10860	42697	48257	77699	103556	68467	66176	100613	13260	88898	75813	48833	75623	89508	85286	34710	39569	48394	25003	83635	40988	75190	38656	13350	50709	15057	53028	37090	63741	36437	15452	62300	94929	97712	57575	104735	19490	85645	35813	
5944	7312	29857	28475	65012	37096	22471	20055	66917	23147	11868	50507	11061	25213	44756	3642	35049	42169	4391	35842	49699	32644	78424	14217	13910	10590	43744	63475	48958	5823	4947	34917	10573	36954	11271	26911	0	29960	22521	19097	41357	13879	37418	37402	30491	19412	41508	9822	15520	62546	61670	54991	4681	71803	93749	45375	41109	14962	28820	23963	33113	68680	7336	38903	22682	54790	7405	53402	30957	79960	38690	45492	10710	42188	34221	28370	79347	75921	11476	17489	33310	56980	14084	27751	33712	15399	55416	13009	8663	39631	35634	73603	26709	49468	40245	12411	47212	69112	24731	15011	16078	43366	26679	34989	68494	26950	11592	51157	55232	21799	8290	81485	46017	47615	15011	31417	30142	55589	16285	25794	64195	27195	40797	77887	59154	45636	27941	20974	38738	34096	28883	74408	35207	41624	21531	39591	56533	82389	47301	45009	79447	43077	67732	54646	27666	54456	68342	38171	18858	21701	12047	51804	62469	18005	54023	29990	20158	29542	39472	33924	19383	42574	17317	24125	41133	61046	62868	48909	83568	43206	64478	8812	
25766	29563	30496	30548	70355	12588	22207	41661	72259	28489	17085	55849	14065	29618	64346	27687	40391	33764	36381	27438	55042	62104	107762	30932	37613	32300	76531	92813	54301	23541	24699	22667	27073	42297	16688	24624	29960	0	8643	11376	47850	15050	7269	43895	39749	38023	48002	25011	33071	69040	68163	61485	25273	78296	124062	51869	21506	9654	53676	30457	39606	75173	22374	15321	13111	74000	32284	59896	15936	110273	45183	36393	14145	60799	40714	34863	85841	82415	19082	11735	55491	40789	40718	76729	9470	12497	61910	30561	33803	46124	70078	80097	33202	40368	28302	34762	79653	75606	44833	30154	14427	49859	5878	10192	74987	50425	29143	57651	61725	20102	31148	111798	52511	54108	18271	75379	32743	62082	32900	8295	70688	33689	17096	84381	65647	52129	54575	30233	57350	52707	9965	104721	74657	32525	28024	58202	63026	88882	53794	51502	85940	33978	74225	61139	34160	60949	74835	70612	44766	24896	33721	22804	68962	39940	60517	48601	16678	36036	44027	62973	46016	49067	46701	13605	47627	80256	83039	67520	90062	26058	70971	28378	
