//--------------------------------------------------------------------------------------------------------------------
//-- données sur la HAUTE_SAVOIE récupérés par le géocodeur (matrice symétrique)
//-- 
//-- C. Duhamel, P. Lacomme C. Prodhon - juillet 2009 : 3700 kg à collecter, flotte de capa 7000
//--------------------------------------------------------------------------------------------------------------------
124 5 999999 0 0 0
10 50 20 1
10 50 30 0.8
20 100 45 2.1
20 100 55 1.5
10 200 65 3.2
0   // la ville qui represente le depot
0	115608	33960	93320	70935	60794	106423	104631	59325	35322	61085	76409	68216	100961	67300	66548	45011	79466	42214	55962	59546	74090	45625	98651	16679	49321	109034	47712	98942	54541	71645	76536	64110	103631	55843	87774	122547	77763	125773	44974	100901	76447	64271	26824	81290	129823	78817	23713	54096	107249	63662	95916	127157	102009	102837	75074	52942	101741	92642	34119	88233	48219	60520	28689	63106	114258	35611	60038	32265	59996	42929	84877	109461	48843	99535	100820	51093	66215	70580	30508	24097	77284	86056	57637	37055	77971	107423	88207	95820	32698	69539	122778	51059	118840	86269	50389	115339	76984	93273	19580	73963	119394	75792	53288	38969	57673	111541	108651	113599	105877	117635	40692	117324	29063	88577	52247	87215	121564	51283	59940	106349	106458	57692	80453	53733	
115608	0	83273	28147	48508	58940	17961	26753	58364	85802	89027	50705	51671	23084	57609	64776	75420	51159	87131	66868	57621	59808	70949	117385	129036	81149	12456	77301	33769	73966	51642	95269	57303	15169	61298	32133	8488	96497	37311	74564	21062	47769	53496	98508	37312	41361	47984	96712	60361	31928	56961	32137	7549	25242	57426	55132	65774	58112	111376	94349	106966	72332	63991	105819	82490	11237	82073	73559	94576	75778	77925	103610	26062	79743	21658	17664	85188	60959	76282	104228	100358	46451	104789	60994	80768	50964	18961	76247	22683	95034	53295	9648	66281	5707	105003	68013	32087	46151	25257	103476	59681	12924	94526	94004	81341	73995	23079	9486	28123	23755	33266	86761	39447	87837	59900	76431	56382	15039	74363	60945	22950	28581	60412	49735	64661	
33960	83273	0	59942	37557	27417	73045	71253	25948	5513	69931	43031	34838	67583	33922	45679	14934	46089	31167	25675	26168	40712	12248	98289	45625	62053	75656	17634	65564	54869	38267	76173	30732	70253	22465	54396	89169	77401	92395	14897	67524	43069	30893	15097	47912	96445	45439	13301	28881	73871	30284	62538	93779	68631	69459	41696	35301	68363	92279	41718	87870	21555	27142	22408	63393	80880	4177	44764	11165	56682	12851	84514	76083	18766	66157	67442	43454	32837	57186	38108	16947	43906	85693	35492	6303	44593	74045	87845	62442	11624	36161	89401	17681	85462	85907	37707	81961	43606	59895	20065	40585	86016	75429	60887	8891	54899	78163	75273	80221	72499	84257	48291	83946	6450	55199	47849	53837	88186	23585	26562	72971	73080	24314	47075	32774	
93320	28147	59942	0	24911	36966	19043	17250	36390	62205	65430	20057	28074	11011	34012	41179	51823	17337	63535	43272	34024	36212	47352	93788	105439	57552	21654	53704	5622	50369	29668	71672	33706	16251	37701	6533	35166	72900	38393	50967	12139	24173	31522	74911	12525	42442	26010	73115	36765	18901	34987	7350	39777	8689	47923	31536	42177	48609	87779	70752	83370	48736	40394	82222	58893	26878	58477	49962	70979	52181	54328	80014	22080	56146	12155	13440	61591	24073	52685	80631	76761	24478	81192	37398	57171	27368	20043	83344	7739	71438	29698	35398	42684	31459	81406	44416	27959	24177	5777	79879	36084	23928	70929	70407	57744	50398	24161	21270	28422	11152	30255	63164	29944	64241	25483	52834	34408	24327	50766	39315	18969	14312	41278	27761	41064	
70935	48508	37557	24911	0	19572	38739	36946	18996	40482	36131	31045	3348	33276	12668	11692	30099	34103	41811	21548	12301	6725	25628	64489	83715	28253	41350	31980	31257	21070	26537	42373	11982	35947	15977	29621	54862	43601	58089	29243	33217	8076	19384	53187	12919	62138	33453	51391	15041	44537	18647	28232	59473	34324	33052	5898	20454	31956	58480	41453	54071	27012	18670	60498	29594	46574	36753	20475	49255	22882	32604	50715	41776	34422	31851	33136	38235	20851	23198	51332	55037	31920	51893	15674	35447	8967	39739	54045	28135	49714	10855	55094	20960	51155	52107	22692	47655	31620	25588	58155	5278	51709	41630	41108	36020	21099	43857	40966	54058	38192	49950	33865	33026	42517	20206	23535	41851	53880	29042	17591	38665	27841	19554	35089	19340	
60794	58940	27417	36966	19572	0	48483	46691	2173	30353	51573	16668	16478	43021	15562	27322	19970	19725	44166	23903	9080	22354	15499	79931	73587	43695	51094	17731	41019	36512	11401	57815	14338	45691	8282	28032	64607	59043	67833	19114	42961	25412	3531	43059	30256	71883	19076	41262	17396	47508	2353	37993	69217	44086	51101	26577	22809	50005	73922	56895	69512	16883	21025	50369	45035	56318	26624	36105	39126	38324	22476	66156	51521	24294	41595	42880	42223	6943	38828	66774	44908	17543	67335	18029	25318	15602	49483	69487	37897	39585	8853	64838	10832	60900	67549	25047	57399	17242	35350	48026	22227	61454	57072	56550	25891	36541	53601	50711	53858	47937	59695	49307	59384	32388	37543	38977	27474	62632	10790	4877	48409	48518	3875	20712	21696	
106423	17961	73045	19043	38739	48483	0	6171	49562	77000	80225	41904	42869	8838	48807	55974	66618	42357	78330	58066	48819	51006	62147	108583	120234	72347	8494	68499	19142	65164	42840	86467	48501	3733	52496	23331	24559	87695	20672	65762	10727	38968	44694	89706	28510	24722	39182	87910	51559	28488	48159	23335	19883	14908	40429	46330	56972	41114	102574	85547	98165	63531	55189	97017	73688	13320	73271	64757	85774	66976	69123	94809	10201	70941	9987	4931	76386	52157	67480	95426	91556	37649	95987	52193	71966	42162	8627	55957	13881	86233	44493	24790	57479	20852	96201	59211	10238	37349	16455	94674	50879	18455	85724	85202	72539	65193	6440	6673	34557	13421	17406	77959	22449	79035	51098	67629	47580	20484	65561	52143	7090	13926	51610	40933	55859	
104631	26753	71253	17250	36946	46691	6171	0	47617	75055	78280	39958	40924	7322	46862	54029	64673	40412	76384	56121	46874	49061	60202	106638	118289	70402	11388	66554	20923	63219	40895	84522	46556	6387	50551	21385	33226	85750	20935	63816	10267	37022	42749	87761	20026	24985	37237	85964	49614	30268	46214	17001	21312	16688	33275	23558	55027	33960	100629	83602	96219	61585	53244	95072	71742	16214	71326	62812	83829	65031	67178	58203	8257	68996	8900	10185	74441	50212	65535	93481	89611	35704	94042	50247	70021	40217	12733	52095	9647	84287	42548	33458	55534	29519	94256	57265	14685	35404	12220	92729	48934	21349	83779	83257	70594	63248	10887	10394	36338	15201	15606	76014	15295	77090	26628	65684	45635	27467	63616	50198	5145	6772	49665	38988	53914	
59325	58364	25948	36390	18996	2173	49562	47617	0	28708	50930	16729	15835	43082	14919	26679	18326	19786	39441	18910	7435	21712	13854	79288	71942	43052	51155	20207	41080	35869	11965	57173	12026	45752	6637	28094	64668	58400	67894	17469	43023	24770	5129	41414	29613	71944	19137	39617	10148	47569	4329	38055	69278	44147	50459	25935	18083	49362	73279	56252	68870	15238	11305	48725	44393	56380	24979	27547	37482	37681	20831	65514	51582	22649	41657	42941	37497	6535	38185	66131	43264	17604	66693	16110	23674	15195	49545	68844	37958	37940	8445	64900	9187	60961	66906	20322	57460	17304	35411	46382	21584	61515	56429	55907	24247	35899	53662	50772	53919	47998	59756	34750	59445	30743	36900	38334	27535	62693	17269	2560	48470	48580	2831	20773	16970	
35322	85802	5513	62205	40482	30353	77000	75055	28708	0	72771	45871	37678	70423	36762	48520	11749	48929	34886	25843	29008	43552	14430	101129	47621	58916	78496	14449	68404	57710	41107	79013	33572	73093	25305	57236	92009	80241	95235	11712	70364	45909	33733	17093	50752	99285	48279	15297	31721	76712	33124	65378	96619	71471	72299	44536	41974	71203	95120	43714	90710	14956	29982	24404	66233	83721	3468	52710	13161	59522	9667	87354	78923	15581	68998	70283	48808	35678	60026	40103	18943	46747	88533	37263	10601	47433	76886	90685	65282	13619	39001	92241	19864	88302	88747	43061	84801	46446	62735	22061	43425	88856	78270	62883	5707	57739	81004	78113	83061	75339	87097	50287	86786	5317	58039	53203	56677	91026	18020	29402	75811	75921	27154	49915	39448	
61085	89027	69931	65430	36131	51573	80225	78280	50930	72771	0	63821	36742	74248	45444	33111	63254	66878	46976	54703	45456	29966	58783	56360	73645	14318	82321	65135	72229	17165	59312	30023	45137	76918	49133	75185	95834	35472	99060	62398	74189	43558	52159	71467	48401	71625	66228	66817	48196	94661	51423	69203	100444	75296	61811	41380	29482	52800	50351	27347	45942	60167	51825	75272	16215	87545	69908	25086	67818	20418	65760	38364	82748	67578	72822	74107	38674	53627	31001	37226	72543	64696	43765	48829	68602	51258	80710	41694	69107	68252	48528	96066	54116	92127	43978	27598	88626	64395	66560	66162	33461	92681	29279	27002	69175	18094	84828	81938	101010	79164	90922	19759	61785	64616	55688	17163	74626	94851	62197	50746	79636	79746	52709	67865	34871	
76409	50705	43031	20057	31045	16668	41904	39958	16729	45871	63821	0	29397	34572	28481	40241	32125	5607	57085	36822	27575	35273	27654	92850	85742	56614	42645	34007	24906	49431	2351	70734	27257	37242	31252	14719	56158	71962	59384	31269	34512	25263	12851	55214	22789	63434	8899	53417	30315	39059	12213	29544	60768	27973	64020	39496	35728	62924	86841	69814	82432	29038	33944	62525	57955	47869	38779	49024	51282	51243	34631	79075	43072	36449	33146	34431	55142	15954	51747	79693	57063	4547	80254	30948	37474	25621	41034	82406	29448	51740	18505	56389	22987	52451	80468	37966	48950	7325	26901	60182	35146	53005	69991	69469	38046	49460	45152	42262	45409	39488	51246	62226	50935	44543	47677	51896	18493	54183	31068	17032	39960	40069	16500	12263	34615	
68216	51671	34838	28074	3348	16478	42869	40924	15835	37678	36742	29397	0	37837	9957	11660	27388	31391	39099	18836	9589	6692	22916	65028	81004	28793	45910	29269	35818	21609	23826	42913	9271	40507	13266	39699	59423	44140	62649	26531	37777	12637	16673	50476	17480	55068	30742	48679	12329	59174	15936	32792	64033	38885	34990	8900	17742	33894	59019	41992	54610	24300	15959	57787	30133	51134	34041	20443	46544	23421	29893	51254	46337	31711	36411	37696	37156	18140	23166	51871	52326	29209	52433	12962	32736	10715	44299	54584	32696	47002	9509	59654	18249	55716	52646	19980	52215	28909	30149	55444	5817	56270	42169	41647	33309	21639	48417	45527	65524	42753	54511	34405	34964	39805	24767	18508	39140	58440	26331	14880	43225	32401	16843	32378	16629	
100961	23084	67583	11011	33276	43021	8838	7322	43082	70423	74248	34572	37837	0	43226	50392	61036	36775	72748	52485	43238	45425	56565	103002	114653	66766	13053	62918	16293	59582	37259	80886	42919	10674	46915	14735	29590	82113	28496	60180	6630	19561	39112	84125	13895	32546	33601	82328	45978	26632	42578	10870	34200	13052	37501	22163	51391	38186	96992	79965	92583	57949	49607	91436	68106	17879	67690	59176	80193	61395	63542	62429	13570	65360	5264	6549	70805	46575	61898	89844	85974	32068	90406	46611	66385	22731	9097	56322	4987	80651	38912	29821	51898	25883	90619	53629	16538	31767	5763	89092	45298	23432	80142	79620	66957	59612	12740	12059	32701	11565	19832	72378	19522	73454	25233	62047	41999	23831	59979	46561	10459	6803	46029	35352	50278	
67300	57609	33922	34012	12668	15562	48807	46862	14919	36762	45444	28481	9957	43226	0	29148	24001	21434	45993	25730	16483	24181	19530	81757	77618	45521	52803	25883	42728	38338	13869	59642	16164	47400	20159	29742	66316	60869	69542	23145	44671	27239	6716	47090	32082	73592	20785	45293	19223	49217	5979	39703	70926	45795	52928	28404	24636	51832	75748	58721	71339	20914	22852	54401	46862	58027	30655	37931	43158	40150	26507	67983	53230	28325	43304	44589	44049	8183	40654	68600	48939	19252	69162	19856	29350	16842	51192	71313	39606	43616	10093	66548	14863	62609	69375	26874	59108	18951	37059	52058	24053	63163	58898	58376	29922	38368	55310	52420	55567	49646	61404	51133	61093	36419	39369	40803	29183	64341	22945	8908	50118	50228	8376	22421	23522	
66548	64776	45679	41179	11692	27322	55974	54029	26679	48520	33111	40241	11660	50392	29148	0	37064	42750	34145	28397	19265	5823	32593	60532	73707	14209	58194	38945	48101	17112	35185	38416	14069	52791	22942	51058	71706	39644	74933	36208	50061	19084	28032	60152	23927	56406	42101	58356	21889	70533	27295	45076	76317	51168	36328	16906	16651	35231	54522	27409	50113	33976	25635	67463	25636	63418	43717	11168	56220	17158	39569	46757	58620	41387	48695	49980	28928	29499	19521	37288	62002	40568	47936	14813	42412	27130	56583	50088	44979	56678	24400	71938	27925	67999	48150	14767	64499	40268	42432	59481	8987	68553	37672	27064	42985	17142	60701	57810	76883	55036	66795	19821	36301	49481	31214	9233	50499	70724	36007	23513	55509	38848	26519	43737	22039	
45011	75420	14934	51823	30099	19970	66618	64673	18326	11749	63254	32125	27388	61036	24001	37064	0	38449	33745	19186	18529	33073	6310	90649	57407	54413	68017	8031	57925	47230	30628	68534	23092	62614	14826	46757	81529	69761	84756	5293	59884	35430	23254	26879	40273	88806	37800	25082	21241	66232	22645	54899	86140	60991	61820	34056	29177	60723	84640	53500	80231	4862	19502	34190	55754	73241	10964	38640	22947	49042	6917	76875	68443	10473	58518	59803	48591	25198	49546	49889	28728	36267	78054	26784	14522	36953	66406	80205	54802	23405	28522	81761	10149	77822	78267	31415	74322	35966	52256	31847	32945	78377	67790	55695	6257	47260	70524	67634	72582	64860	76618	45843	76307	16390	47560	49695	46198	80547	9304	18922	65332	65441	16675	39436	28064	
79466	51159	46089	17337	34103	19725	42357	40412	19786	48929	66878	5607	31391	36775	21434	42750	38449	0	61902	41639	32392	40090	35739	97667	93826	61431	45360	42091	22186	54248	7377	75551	32074	39957	36069	11999	58873	76779	62099	39354	37227	38932	17668	63298	25010	66149	6179	61502	35132	26929	21133	21033	63483	25253	68837	46295	40545	67741	91658	74631	87249	37123	38762	70609	62772	50584	46864	53841	59366	56060	42715	83892	45786	44533	35861	37146	59959	20980	56564	84510	65148	5700	85071	35765	45558	43971	43749	87223	32163	59825	27041	59104	31071	55166	85285	42783	51665	8716	29616	68266	39963	55720	74808	74286	46131	54277	47867	44977	46025	28072	53961	67043	53650	52628	39677	56713	15660	37066	39153	25117	42675	42784	24584	12879	39432	
42214	87131	31167	63535	41811	44166	78330	76384	39441	34886	46976	57085	39099	72748	45993	34145	33745	61902	0	23451	32113	36779	29042	79146	54574	34820	79690	47223	69598	35036	51825	57030	34653	74287	36502	67697	93202	58258	96429	44486	71557	47103	44671	37299	51946	100479	58740	35502	29262	87173	43935	66572	97813	72664	67992	45729	22256	66895	73137	42980	68727	38349	35683	44609	43601	84914	35122	29352	33366	33812	42440	65371	80116	48354	70191	71476	25450	46139	44396	41912	39148	57208	66550	26951	26345	48626	78079	68702	66475	33825	40195	93434	34476	89495	66764	19703	85995	56907	63929	36864	44618	90050	56287	44826	38480	35260	82197	79307	93523	76533	88291	34973	67965	29947	59233	29845	67139	92220	40379	37801	77005	77114	41109	60377	27645	
55962	66868	25675	43272	21548	23903	58066	56121	18910	25843	54703	36822	18836	52485	25730	28397	19186	41639	23451	0	11990	24622	13255	82199	68526	33171	59566	24483	49474	38780	31701	60083	14529	54163	16378	47574	73079	61311	76306	21745	51434	26979	24548	37998	31822	80355	38617	36201	9139	67049	23811	46448	77689	52541	53369	25606	16658	52273	76190	41331	71780	21354	15560	45308	47304	64791	22331	26121	34065	40592	23369	68424	59993	26925	50068	51353	36072	26015	41096	51210	39847	37084	69603	13806	20853	28503	57956	71755	46352	34524	20071	73311	17481	69372	69817	18896	65871	36784	43805	42965	24495	69926	59340	43177	22368	38809	62074	59183	73399	56409	68167	33324	67856	29350	39109	28196	47015	72096	23384	17677	56881	56991	19955	40253	12015	
59546	57621	26168	34024	12301	9080	48819	46874	7435	29008	45456	27575	9589	43238	16483	19265	18529	32392	32113	11990	0	15370	14540	72947	72628	36711	50314	20893	40222	29527	22449	50831	5390	44911	3914	38322	63827	52059	67053	18155	42182	17727	15296	42100	22570	71103	29365	40303	3214	57797	14559	37196	68437	43289	44117	16354	11149	43021	66937	35822	62528	15924	6864	49410	38051	55539	25665	20613	38168	31340	21517	59172	50741	23335	40816	42100	30563	16763	31844	45701	43949	27832	60351	8297	24359	19251	48704	62503	37100	38626	10533	64059	9873	60120	60565	13388	56619	27532	34553	47067	15243	60674	50087	37668	24932	29557	52821	49931	64147	47157	58915	27816	58604	31429	29857	22687	37763	62844	17954	6189	47629	47739	8467	31001	10036	
74090	59808	40712	36212	6725	22354	51006	49061	21712	43552	29966	35273	6692	45425	24181	5823	33073	40090	36779	24622	15370	0	29526	57482	76287	16789	53064	35878	42972	14062	30055	35366	9704	47661	19876	45928	66577	36593	69803	33141	44931	13954	22902	57086	18798	51276	36971	55289	18939	65404	22166	39946	71187	46039	31198	11776	19231	30102	51472	29989	47063	30910	22568	64396	22586	58288	40651	13748	53153	14108	36502	43707	53491	38321	43565	44850	31508	24369	16471	39868	58935	35439	44886	10448	39345	22001	51453	47038	39850	53612	19271	66808	24858	62870	45099	17347	59369	35138	37303	62053	3857	63424	34622	29644	39918	14092	55571	52681	71753	49907	61665	22401	31172	46415	26085	11814	45369	65594	32940	21489	50379	33719	23452	38608	23238	
45625	70949	12248	47352	25628	15499	62147	60202	13854	14430	58783	27654	22916	56565	19530	32593	6310	35739	29042	13255	14540	29526	0	86041	58088	49805	63409	14276	53316	42622	26020	63925	18484	58006	10218	42148	76921	65153	80148	11538	55276	30821	18646	27560	35665	84197	33191	25763	16633	61624	18037	50291	81532	56383	57211	29448	24569	56115	80032	49241	75623	9307	14894	34870	51146	68633	11125	34032	23627	44434	11722	72267	63835	16718	53910	55195	41331	20590	44938	50570	29409	31659	73445	22176	9819	32345	61798	75597	50194	24086	23914	77153	5434	73214	73659	26807	69714	31358	47647	32527	28337	73768	63182	51087	10721	42651	65916	63025	67974	60251	72010	41235	71699	16889	42952	45087	41590	75939	11337	14314	60724	60833	12067	34828	23455	
98651	117385	98289	93788	64489	79931	108583	106638	79288	101129	56360	92850	65028	103002	81757	60532	90649	97667	79146	82199	72947	57482	86041	0	88580	51513	110063	92878	99971	45899	87055	34951	72880	104661	76875	102928	123576	26521	77610	90140	101931	71300	79902	114085	76144	71555	93971	112288	75938	122403	79165	96946	128187	103038	68281	69122	61746	88458	38559	64712	12175	87909	79567	99081	49714	115288	97650	68802	110153	49151	93502	38294	110490	95320	100565	101850	76039	81369	59735	74591	115934	92438	30378	76571	96345	79000	108453	41624	96849	110611	76270	123808	81858	119869	32186	59862	116369	92137	94302	103528	61203	120423	36913	64367	96917	46828	112571	109680	128753	106906	118664	57125	89528	103414	83431	51744	102369	122594	89939	78489	107379	107488	80452	95607	80238	
16679	129036	45625	105439	83715	73587	120234	118289	71942	47621	73645	85742	81004	114653	77618	73707	57407	93826	54574	68526	72628	76287	58088	88580	0	61636	121349	60027	111256	66856	83960	88850	76424	115946	68158	100088	134861	90078	138088	57289	113216	88761	76586	39139	93604	142137	91131	36027	66410	119564	75977	108231	139472	114323	115151	87388	65257	114055	104957	46433	100548	60534	72834	41004	75421	126573	47926	72352	44579	72311	55244	97191	121775	61158	111850	113135	63408	78530	82894	42823	36411	89599	98370	69951	49369	90285	119738	100522	108134	45013	81854	135093	63374	131154	98584	62704	127654	89298	105587	31894	86277	131708	88107	65602	51284	69987	123856	120965	125914	118191	129949	53006	129639	41377	100892	64562	99529	133879	63598	72254	118664	118773	70007	92768	66047	
49321	81149	62053	57552	28253	43695	72347	70402	43052	58916	14318	56614	28793	66766	45521	14209	54413	61431	34820	33171	36711	16789	49805	51513	61636	0	73283	56097	63191	7270	50274	29264	36099	67880	40095	66147	86796	30492	90022	53360	65150	34520	43121	59369	39363	70867	57190	54719	26674	85623	42385	60165	91406	66258	52773	32342	17295	45107	45370	15249	40961	51129	42787	63175	15835	78507	59067	12899	55721	12725	56722	37605	73710	58540	63784	65069	24034	44588	23308	25128	60445	55658	38784	21990	47016	42220	71672	40936	60069	56155	39490	87027	45078	83089	38998	15411	79588	55357	57522	54065	24423	83643	28521	14904	60137	10401	75790	72900	91972	70126	81884	7661	52747	52519	46650	4976	65588	85813	53159	41708	70598	70707	43671	58827	22684	
109034	12456	75656	21654	41350	51094	8494	11388	51155	78496	82321	42645	45910	13053	52803	58194	68017	45360	79690	59566	50314	53064	63409	110063	121349	73283	0	71175	17602	67840	45516	89143	51177	6272	55172	26007	27235	90371	27824	68438	11971	41644	47370	92382	31186	31874	41858	90586	54236	34118	50835	26011	14399	13367	51301	49007	59649	51986	105250	88223	100841	66207	57865	99693	76364	6628	75948	67433	88450	69652	71799	97485	17302	73617	11231	8047	79062	54833	70156	98102	94232	40326	98663	54869	74642	44839	8157	70121	16557	88909	47170	15556	60155	16765	98877	61887	17390	40025	19131	97350	53555	11764	88400	87878	75215	67869	13592	5537	30620	11503	24507	80635	33321	81712	53774	70305	50256	15282	68237	54819	14191	22455	54287	43609	58535	
47712	77301	17634	53704	31980	17731	68499	66554	20207	14449	65135	34007	29269	62918	25883	38945	8031	42091	47223	24483	20893	35878	14276	92878	60027	56097	71175	0	59818	49123	32521	70427	24985	64507	16719	48650	83423	71654	86649	2738	61777	37323	25147	29578	42166	90699	39693	27781	23134	68125	24538	56792	88033	62884	63713	35950	31070	62617	86533	56199	82124	6370	21396	36889	57647	75134	13663	40533	25646	50935	6487	78768	70336	6596	60411	61696	50484	27091	51439	52588	31428	38160	79947	28677	18659	38847	68299	82098	56695	26104	30415	83654	12042	79716	80160	33308	76215	37860	54149	34546	34838	80270	69683	57588	10470	49153	72417	69527	74475	66753	78511	47736	78200	19090	49453	51588	48091	82440	7300	20816	67225	67334	18568	41329	29957	
98942	33769	65564	5622	31257	41019	19142	20923	41080	68404	72229	24906	35818	16293	42728	48101	57925	22186	69598	49474	40222	42972	53316	99971	111256	63191	17602	59818	0	56004	35073	77308	39342	16309	43337	11426	40802	78536	38451	56602	10232	29808	36927	80547	18160	42501	31415	78750	42400	16641	40392	12986	45412	4757	51386	37171	47813	52071	93414	76387	89005	54371	46029	87858	64528	23650	64112	55598	76615	57817	59964	85649	25187	61782	12783	13231	67227	28965	58321	86266	82396	29882	86828	43033	62807	33003	12484	88980	13107	77073	35334	25506	48320	37095	87042	50051	28017	29582	11413	85515	41720	19997	76564	76043	63379	56034	24219	21329	26162	7221	33717	68800	33406	69876	31119	58469	23162	20396	56401	44951	22076	22541	46914	33166	46700	
54541	73966	54869	50369	21070	36512	65164	63219	35869	57710	17165	49431	21609	59582	38338	17112	47230	54248	35036	38780	29527	14062	42622	45899	66856	7270	67840	49123	56004	0	44177	22564	30002	61783	33997	60050	80699	23791	83925	47263	59053	28423	37024	64127	33266	64166	51093	59477	33061	79525	36288	54068	85309	60161	46676	26244	17041	38406	38670	20007	34261	45032	36690	67933	9134	72410	54773	12310	60478	6024	50624	30905	67612	52442	57687	58972	31334	38491	16607	29886	65203	49561	32084	21735	53467	36123	65575	34235	53971	60912	33393	80930	38980	76992	32297	15157	73491	49260	51425	58823	18326	77546	21820	19662	54040	3700	69693	66803	85875	64029	75787	12419	46650	60537	40553	7039	59491	79716	47062	35611	64501	64610	37574	52729	22429	
71645	51642	38267	29668	26537	11401	42840	40895	11965	41107	59312	2351	23826	37259	13869	35185	30628	7377	51825	31701	22449	30055	26020	87055	83960	50274	45516	32521	35073	44177	0	65612	22135	37954	26130	19196	56869	66840	60096	29116	35224	23921	8330	53061	21447	64145	11643	51264	25193	39770	10060	30256	61480	36348	58898	30895	30606	57802	81719	64692	77310	26885	28823	60371	52833	48581	36626	43902	49129	46121	32478	73954	43783	34296	33858	35143	50020	14612	46625	74571	54910	7423	75132	25826	35320	24279	41746	77284	30159	49587	16352	57101	20834	53162	75346	32845	49662	7855	27613	58028	30024	53716	64869	64347	35893	44338	45864	42973	46120	40199	51958	57104	51647	42390	35662	46774	19023	54895	28915	14879	40672	40781	14347	12974	29493	
76536	95269	76173	71672	42373	57815	86467	84522	57173	79013	30023	70734	42913	80886	59642	38416	68534	75551	57030	60083	50831	35366	63925	34951	88850	29264	89143	70427	77308	22564	65612	0	51003	82784	54999	81051	101700	8442	46292	68264	80054	49424	58025	92209	54267	40236	72094	90412	54062	100527	57289	75069	106310	81162	36962	47246	39870	46473	20519	42836	24259	66033	57691	99519	13949	93411	75774	46925	88276	27275	71626	6975	56726	73444	78688	79973	54163	59492	37858	52715	94058	70562	22689	54695	74468	57124	86576	10306	74973	88735	54394	101931	59982	97993	14146	37986	56379	70261	72426	81652	39327	98547	12494	42491	75041	24951	59318	87804	106876	85030	55684	35248	45682	81538	61554	29868	80492	100717	68063	56612	85502	85611	58575	73731	58361	
64110	57303	30732	33706	11982	14338	48501	46556	12026	33572	45137	27257	9271	42919	16164	14069	23092	32074	34653	14529	5390	9704	18484	72880	76424	36099	51177	24985	39342	30002	22135	51003	0	44057	9141	37467	62972	51204	66199	22407	41327	16873	14441	46351	21716	70249	28510	44555	8089	56943	13705	36342	67583	42434	43263	15500	10118	42166	66083	49056	61674	20176	11834	53662	37197	54684	29917	22416	42419	30485	25768	58318	49886	27586	39961	41246	32916	15909	26197	58935	48201	26978	59497	5312	28611	18396	47849	61648	36245	42878	9965	63204	14124	59265	59710	15740	55765	26677	33699	51319	14388	59820	49233	48711	29184	28703	51967	49077	63293	46303	58061	30168	57750	35681	29003	20481	36909	61990	22206	9712	46775	46884	12718	30147	12388	
103631	15169	70253	16251	35947	45691	3733	6387	45752	73093	76918	37242	40507	10674	47400	52791	62614	39957	74287	54163	44911	47661	58006	104661	115946	67880	6272	64507	16309	61783	37954	82784	44057	0	49932	20767	21995	85131	23264	63198	8163	36404	42130	87142	25946	27314	36618	85346	48996	25924	45595	20771	26605	12344	40680	43767	54408	41365	100010	82983	95601	60967	52625	94453	71124	11182	70708	62193	83210	64412	66559	92245	11712	68377	7423	2601	73822	49593	64916	92862	88992	35085	93423	49629	69402	39599	6063	59500	11317	83669	41929	22227	54915	18288	93637	56647	12830	34785	13891	92110	48315	16318	83160	82638	69975	62629	9032	6160	31993	10857	18917	75395	22700	76472	48534	65065	45016	18347	62997	49579	8601	17215	49047	38369	53295	
55843	61298	22465	37701	15977	8282	52496	50551	6637	25305	49133	31252	13266	46915	20159	22942	14826	36069	36502	16378	3914	19876	10218	76875	68158	40095	55172	16719	43337	33997	26130	54999	9141	49932	0	42068	67573	55805	70800	16260	45928	21473	19042	40205	26317	74850	33111	38408	6237	61544	18306	40943	72184	47035	47864	20100	15221	46767	70684	39893	66275	14029	5123	47515	41798	59285	23770	24684	36272	35086	19622	62919	54487	21440	44562	45847	34635	20510	35590	49772	42054	31579	64097	12828	22464	22997	52450	66249	40846	36731	14566	67805	5606	63866	64311	17459	60366	31278	38299	45172	18989	64421	53834	41739	23037	33304	56568	53677	67894	50903	62662	31887	62351	29534	33604	35739	41509	66591	16059	5374	51376	51485	6261	34748	14107	
87774	32133	54396	6533	29621	28032	23331	21385	28094	57236	75185	14719	39699	14735	29742	51058	46757	11999	67697	47574	38322	45928	42148	102928	100088	66147	26007	48650	11426	60050	19196	81051	37467	20767	42068	0	39074	76808	42301	45543	17429	17509	23856	69487	13012	46350	13020	67691	41321	21085	27322	10181	43684	14401	51831	22460	46734	52516	91687	74660	87277	43311	44950	76798	62801	30786	53052	53870	65555	56089	48904	83921	25988	50722	16063	17348	66148	17540	56593	84539	71337	12787	85100	41954	51747	19959	23951	87252	12232	66013	20301	39306	37260	35367	85314	48972	31866	16512	9685	74455	39992	35921	74837	74315	52320	54306	28069	25178	30606	16864	34162	67072	33851	58816	28825	56742	17848	32453	45342	31306	22876	18219	30773	20096	45621	
122547	8488	89169	35166	54862	64607	24559	33226	64668	92009	95834	56158	59423	29590	66316	71706	81529	58873	93202	73079	63827	66577	76921	123576	134861	86796	27235	83423	40802	80699	56869	101700	62972	21995	67573	39074	0	103474	37463	81541	28040	54747	60473	105486	44289	41512	54962	103689	67339	38906	63939	39115	6268	32220	64404	62110	72752	65089	118353	101326	113944	79310	70968	112796	89467	20006	89051	80537	101554	82756	84903	110588	33039	86721	28636	24642	92166	67936	83259	111205	107335	53429	111767	67972	87745	57942	25939	72748	29661	102012	60273	16625	73259	12687	111980	74990	25256	53128	32234	110453	66659	19901	101503	100981	88318	80973	27558	18255	35100	30733	40244	93739	46424	94815	66877	83408	63360	22017	81340	67922	29928	35559	67390	56713	71639	
77763	96497	77401	72900	43601	59043	87695	85750	58400	80241	35472	71962	44140	82113	60869	39644	69761	76779	58258	61311	52059	36593	65153	26521	90078	30492	90371	71654	78536	23791	66840	8442	51204	85131	55805	76808	103474	0	54765	69207	80998	50367	58968	93152	55210	48710	73038	91355	55005	101470	58232	76012	107253	82105	45436	48189	40813	67524	17225	43779	16535	66976	58634	100462	11473	94355	76717	47868	89220	28218	72569	15449	89557	74387	79632	80917	55106	60436	38802	53658	95001	71505	14307	55638	75411	58067	87520	18779	75916	89678	55337	102875	60925	98936	10852	38929	95435	71204	73369	82595	40270	99490	10392	43434	75984	25895	91638	88747	107820	85973	97731	36191	68594	82481	62497	30811	81436	101660	69006	57556	86445	86555	59519	74674	59305	
125773	37311	92395	38393	58089	67833	20672	20935	67894	95235	99060	59384	62649	28496	69542	74933	84756	62099	96429	76306	67053	69803	80148	77610	138088	90022	27824	86649	38451	83925	60096	46292	66199	23264	70800	42301	37463	54765	0	84598	29564	57804	63530	108542	39442	6981	58018	106746	70396	47324	66995	42171	37827	33744	43910	42398	75809	44596	64040	104383	67779	82367	74025	115853	61688	32156	92108	83593	104610	63939	87959	44325	13425	89777	25974	23767	95222	70993	86316	114262	110392	56486	66993	71029	90802	60999	27463	38217	27128	105069	63330	43627	76315	39688	57667	78047	12476	56185	29701	113510	69715	37292	60327	104038	91375	84029	15415	25509	53393	32257	17609	96795	26664	97872	45468	86465	66416	39320	84397	70979	15893	25612	70447	59769	74695	
44974	74564	14897	50967	29243	19114	65762	63816	17469	11712	62398	31269	26531	60180	23145	36208	5293	39354	44486	21745	18155	33141	11538	90140	57289	53360	68438	2738	56602	47263	29116	68264	22407	63198	16260	45543	81541	69207	84598	0	59040	34585	22409	26841	39428	87961	36955	25044	20397	65387	21800	54054	85295	60147	60975	33212	28332	59879	83795	53462	79386	3632	18658	34151	54909	72397	10926	37796	22908	48198	3750	76030	67599	5607	57674	58959	47746	24354	48702	49851	28690	35423	77209	25939	15922	36109	65562	79361	53958	23367	27677	80917	9304	76978	77423	30571	73477	35122	51411	31808	32101	77532	66946	54851	7732	46415	69680	66789	71737	64015	75773	44998	75462	16352	46715	48851	45353	79702	6696	18078	64487	64597	15830	38591	27219	
100901	21062	67524	12139	33217	42961	10727	10267	43023	70364	74189	34512	37777	6630	44671	50061	59884	37227	71557	51434	42182	44931	55276	101931	113216	65150	11971	61777	10232	59053	35224	80054	41327	8163	45928	17429	28040	80998	29564	59040	0	32924	38650	83662	19556	33933	33138	81866	45516	19849	42115	17291	33738	6269	40928	27824	50928	41613	96530	79503	92121	57487	49145	90973	67644	18369	67228	58713	79730	60932	63079	88765	14729	64897	2271	4487	70342	46113	61436	89382	85512	31605	89943	46149	65922	36119	5838	59748	4608	80189	38449	29359	51435	25420	90157	53167	19450	31305	8839	88630	44835	16649	79680	79158	66495	59149	15652	12851	25919	4782	23259	71915	22948	72992	30894	61585	41536	17048	59517	46099	11617	12083	45567	34889	49815	
76447	47769	43069	24173	8076	25412	38968	37022	24770	45909	43558	25263	12637	19561	27239	19084	35430	38932	47103	26979	17727	13954	30821	71300	88761	34520	41644	37323	29808	28423	23921	49424	16873	36404	21473	17509	54747	50367	57804	34585	32924	0	25178	59361	6119	51783	39247	57564	21214	45637	24441	11762	60573	35424	40473	9796	26627	39377	72228	55201	67819	33185	24843	66672	43342	47674	42926	34412	55429	36631	38778	64463	32725	40596	32951	34236	46041	16317	37135	65080	61210	37714	65642	21847	41621	7640	40839	67794	29235	55887	13034	56194	27134	52255	65856	28865	48755	37413	26688	64329	12699	52809	55378	54857	42193	34848	44957	42066	55158	30720	39070	47614	38759	48690	14563	37283	47645	42986	35215	23765	29614	22197	25728	40883	25514	
64271	53496	30893	31522	19384	3531	44694	42749	5129	33733	52159	12851	16673	39112	6716	28032	23254	17668	44671	24548	15296	22902	18646	79902	76586	43121	47370	25147	36927	37024	8330	58025	14441	42130	19042	23856	60473	58968	63530	22409	38650	25178	0	45631	30324	72872	20065	43834	17465	48497	3465	44249	70206	50341	51170	26646	22878	50074	73990	56963	69581	19455	21094	52941	45104	57308	29196	36173	41699	38392	25048	66225	52510	26866	42585	43869	42291	7463	38896	66842	47480	11151	67404	18098	27890	26303	50473	69555	44152	42157	9373	65828	13404	61889	67617	25116	58388	11583	41606	50598	22295	62443	57140	56618	28463	36610	54590	51700	54847	48926	60684	49375	60373	34960	37611	39045	22751	63621	21485	7449	49398	49508	6917	21701	21764	
26824	98508	15097	74911	53187	43059	89706	87761	41414	17093	71467	55214	50476	84125	47090	60152	26879	63298	37299	37998	42100	57086	27560	114085	39139	59369	92382	29578	80547	64127	53061	92209	46351	87142	40205	69487	105486	93152	108542	26841	83662	59361	45631	0	63344	111877	60871	7097	45479	89303	45716	77970	109211	84062	84891	57127	48134	83794	107711	44460	103302	30273	42573	9313	78825	96312	17665	55230	6637	72113	24983	99946	91514	30897	81589	82874	51328	48269	72617	40849	2358	59338	101124	47834	19109	60024	89477	103276	77873	4407	51593	104832	33113	100893	101338	45581	97393	59037	75326	7101	56016	101448	90861	63629	21023	70331	93595	90705	95653	87930	99689	51033	99378	10574	70631	55722	69269	103618	33337	41993	88403	88512	39746	62507	45116	
81290	37312	47912	12525	12919	30256	28510	20026	29613	50752	48401	22789	17480	13895	32082	23927	40273	25010	51946	31822	22570	18798	35665	76144	93604	39363	31186	42166	18160	33266	21447	54267	21716	25946	26317	13012	44289	55210	39442	39428	19556	6119	30324	63344	0	50300	26032	62312	25962	32583	29189	6097	47634	22370	45221	10302	31375	44125	76976	59949	72567	37933	29591	71419	48090	34735	47674	39160	60177	41378	43526	69211	26944	45344	20012	21297	50789	18132	41882	69828	65958	33993	70390	26595	46368	9288	27900	72541	16181	60635	16071	43255	31882	39317	70603	33613	35816	33692	13635	69076	17447	39871	60126	59604	46941	39596	32018	29128	42104	24938	33288	52362	32978	53438	15069	42031	30860	42041	39963	28513	23832	16415	30476	37277	30262	
129823	41361	96445	42442	62138	71883	24722	24985	71944	99285	71625	63434	55068	32546	73592	56406	88806	66149	100479	80355	71103	51276	84197	71555	142137	70867	31874	90699	42501	64166	64145	40236	70249	27314	74850	46350	41512	48710	6981	87961	33933	51783	72872	111877	50300	0	62551	111278	74928	51856	71528	46704	42359	38276	38431	46328	80341	39116	58056	81602	61796	86899	78557	120386	55705	36688	96640	65361	109143	58460	92492	38341	17355	94310	30507	28300	83120	75525	69043	91481	114924	61018	61010	75561	95335	65531	31995	32233	31660	109601	67862	48159	80848	44220	51683	82579	17009	60717	34234	118042	48794	41824	54344	81257	95907	60426	19947	30042	57926	36789	16314	74014	21185	102404	49398	63426	70949	43853	88929	75511	19823	29542	74979	64302	79228	
78817	47984	45439	26010	33453	19076	39182	37237	19137	48279	66228	8899	30742	33601	20785	42101	37800	6179	58740	38617	29365	36971	33191	93971	91131	57190	41858	39693	31415	51093	11643	72094	28510	36618	33111	13020	54962	73038	58018	36955	33138	39247	20065	60871	26032	62551	0	58745	32376	21899	18376	29503	60726	26289	66081	41557	37789	64985	88901	71874	84492	34366	36005	67853	60015	47828	44107	51085	56610	53303	39959	81136	43030	41777	33105	34390	57203	22374	53807	81753	62391	3123	82315	33009	42802	41215	40993	84466	29406	57068	24284	56348	28315	52409	82528	40027	48908	4226	26859	65510	37207	52963	72051	71529	43374	51521	45111	42220	43757	39446	51204	64287	50893	49871	47636	53956	11494	37860	36396	22360	39918	40028	21828	10611	36675	
23713	96712	13301	73115	51391	41262	87910	85964	39617	15297	66817	53417	48679	82328	45293	58356	25082	61502	35502	36201	40303	55289	25763	112288	36027	54719	90586	27781	78750	59477	51264	90412	44555	85346	38408	67691	103689	91355	106746	25044	81866	57564	43834	7097	62312	111278	58745	0	43220	87044	43457	75711	106952	81804	82632	54869	45876	81536	105452	39448	101043	28014	40315	15057	76566	94054	15407	52971	4952	69855	22724	97687	89256	28639	79331	80616	49070	46011	70359	35838	8102	57080	98866	45575	16850	57766	87219	101018	75615	8152	49334	102574	30855	98635	99080	43323	95134	56779	73068	7943	53758	99189	88603	58617	18764	68072	91337	88446	93394	85672	97430	46021	97119	8858	68372	57577	67010	101359	31078	39735	86144	86254	37487	60248	42857	
54096	60361	28881	36765	15041	17396	51559	49614	10148	31721	48196	30315	12329	45978	19223	21889	21241	35132	29262	9139	3214	18939	16633	75938	66410	26674	54236	23134	42400	33061	25193	54062	8089	48996	6237	41321	67339	55005	70396	20397	45516	21214	17465	45479	25962	74928	32376	43220	0	59551	16313	38950	70191	45043	45871	18108	9160	44775	68692	33833	64282	18637	6589	51220	39806	57293	29725	18623	39977	33094	24229	60926	52495	26047	42570	43855	28574	18517	33598	43712	45758	29587	62105	6308	26765	21005	50458	64257	38854	40435	12573	65813	12585	61874	62319	11398	58373	29286	36307	48877	16997	62428	51842	35679	27645	31311	54576	51685	65901	48911	60669	25826	60358	35262	31611	20698	39517	64599	20667	8901	49383	49493	11179	32755	8047	
107249	31928	73871	18901	44537	47508	28488	30268	47569	76712	94661	39059	59174	26632	49217	70533	66232	26929	87173	67049	57797	65404	61624	122403	119564	85623	34118	68125	16641	79525	39770	100527	56943	25924	61544	21085	38906	101470	47324	65387	19849	45637	48497	89303	32583	51856	21899	87044	59551	0	46595	26149	39112	15884	60856	50334	60976	61541	106577	89551	102168	67534	59192	101021	77691	28313	77275	68761	89778	70980	73127	98812	34657	74945	22252	22700	80390	50593	71484	99430	95559	26119	99991	56196	75970	46166	21954	102143	26537	90236	48497	24653	61483	31750	100205	63214	37487	23066	24576	98678	54883	24177	89727	89206	76542	69197	33689	30799	14332	16690	43187	81963	42876	83039	44282	71632	16932	18299	69565	50579	31545	32010	50047	33472	59863	
63662	56961	30284	34987	18647	2353	48159	46214	4329	33124	51423	12213	15936	42578	5979	27295	22645	21133	43935	23811	14559	22166	18037	79165	75977	42385	50835	24538	40392	36288	10060	57289	13705	45595	18306	27322	63939	58232	66995	21800	42115	24441	3465	45716	29189	71528	18376	43457	16313	46595	0	37901	69125	43994	51009	26485	22717	49913	73830	56803	69420	19535	20933	53022	44944	56226	29276	36013	41779	38232	25128	66064	51429	26946	41503	42788	42131	7440	38736	66682	47560	17451	67243	17937	27971	16100	49391	69395	37805	42237	9350	64746	13484	60808	67457	24955	57307	17150	35258	50679	22135	61362	56980	56458	28543	36449	53509	50619	53766	47845	59603	49215	59292	35040	37451	38885	27382	62540	21565	7333	48317	48426	5556	20620	21604	
95916	32137	62538	7350	28232	37993	23335	17001	38055	65378	69203	29544	32792	10870	39703	45076	54899	21033	66572	46448	37196	39946	50291	96946	108231	60165	26011	56792	12986	54068	30256	75069	36342	20771	40943	10181	39115	76012	42171	54054	17291	11762	44249	77970	6097	46704	29503	75711	38950	26149	37901	0	42459	17196	47530	17148	46254	48215	91855	74828	87446	52812	44470	86299	62969	29561	62553	54039	75056	56258	58405	84090	24763	60223	14838	16123	65668	18757	56761	84707	80837	28818	85269	41474	61248	14932	22726	66350	11007	75514	20897	38081	46761	34142	85482	48492	30641	28518	8460	83956	40161	34696	75005	74484	61820	54475	26844	23953	36929	21179	29861	67241	29550	68317	20218	56910	26866	36867	54842	43392	21651	13194	45355	32102	45141	
