//--------------------------------------------------------------------------------------------------------------------
//-- données sur la Maine et Loire récupérés par le géocodeur (matrice symétrique)
//-- 
//-- C. Duhamel, P. Lacomme C. Prodhon - juillet 2009 : 42700 kg à collecter, flotte de capa 59750
//--------------------------------------------------------------------------------------------------------------------
245 8 999999 0 0 0
5 50 80 2.1
5 100 80 2.1
5 500 100 2.5
5 1000 100 2.5
5 1500 80 5.2
5 3000 180 5.2
5 4000 180 5.2
2 4500 210 7.2
0   // la ville qui represente le depot
0	37218	45560	119618	61440	103402	68863	35094	55740	69714	29670	80450	120941	82685	132659	41402	10316	106814	77149	111544	99661	110321	5546	67720	84118	27171	65800	25113	45310	101865	67382	21205	111825	87241	54027	69735	89939	128286	66704	89294	41175	65389	109184	92233	106618	47463	121334	97652	63486	99704	21982	41869	124130	45531	112051	72032	42074	61333	52304	69208	77059	16994	29290	124051	85621	60646	60914	87097	72528	31835	19027	46653	132651	30392	132876	79373	92628	110639	52725	71441	68290	41484	124621	106730	108298	140377	100170	71302	115239	103828	71134	75932	35076	62565	116213	94733	82149	88430	151010	139494	61330	113873	129584	129785	65399	131884	132999	109897	21220	128285	129851	85497	141641	90976	106269	126845	95017	107063	63746	75838	135256	34181	36705	47190	72059	67284	63644	25744	36066	57203	122649	108383	20019	35241	49492	42504	76212	36620	123535	104526	81096	153767	50294	90130	33059	72119	88468	116346	71863	21684	74720	71995	5955	106997	27558	106244	74371	44957	104439	21276	62943	127427	86136	86410	20049	145161	140251	88280	85981	60916	134327	76914	21693	157716	20795	105062	108934	33356	39402	80468	86592	149745	75193	74119	84617	76504	92893	128093	99535	78023	128173	103071	143931	39145	17725	93477	74653	40713	72368	57421	12518	112757	102460	118752	37712	43583	129603	57675	102457	101835	67584	58752	12194	77413	71569	100236	53501	65933	56503	74273	68853	19508	85251	50022	57468	43496	154140	145169	74506	65566	124051	57142	9922	16979	77462	31512	93620	16315	15053	66570	53579	8262	130315	57175	8773	70424	
37218	0	41007	55814	32722	81127	46588	43341	40570	47439	27315	33498	57137	60409	59251	19266	33989	70595	36267	89269	57777	88045	43369	38823	61842	29020	43228	30351	13664	79590	45107	27161	89550	48950	22810	58518	67664	106011	40656	33073	13733	57456	86908	45281	61143	10037	99058	75377	52269	37516	19866	50116	77178	53777	89776	64099	31966	35284	47567	75825	30107	21523	9770	101775	92238	38074	54446	23752	50253	33464	35542	54899	110376	13080	69072	57098	70353	46835	59342	20877	55899	29645	60816	42926	71963	74953	77895	33486	51434	56876	48859	53657	25169	36517	52408	58121	42118	66155	104058	92542	30448	57858	82632	56240	39351	109609	81545	87622	28356	64481	71463	63222	94689	68701	83994	55991	72741	54593	37413	53562	72387	21484	39123	9334	46011	26275	70261	19415	15579	57954	100374	86108	32399	3504	56108	11287	50164	32462	53138	39237	67346	106815	19412	67855	29408	49844	66193	66322	78479	44020	27768	25043	36993	60045	58891	83968	48323	22592	82164	55118	41284	105151	26348	39458	22203	98209	93299	41328	63706	32019	87375	54638	22416	110764	29896	82786	43646	14018	9608	54144	64317	102793	43391	17746	37665	54228	64426	105818	77259	55748	59463	56119	66986	47392	25353	71202	44689	28774	20467	31373	34233	65369	67349	68728	21273	19026	84288	36016	64274	79559	32053	41486	26978	40436	56081	77961	54253	39885	46801	21456	46280	30561	62976	18804	51434	13703	107188	98217	48458	31839	47928	26260	39062	28459	17726	19831	71345	39893	48895	40522	27531	33597	66510	42321	33885	44376	
45560	41007	0	71001	15365	61985	27446	25531	7658	28297	16604	31832	72324	41267	84042	19166	31276	65397	25737	70127	58244	68904	50649	3907	42700	58358	16125	22496	29953	60448	25965	46333	70408	47285	39964	31415	48522	86869	68741	40676	32607	32257	67766	43616	65201	38279	79916	56235	25166	51087	34439	28014	75513	35967	70634	38900	3901	66311	9329	40879	28442	48181	50774	82633	57292	18932	27781	38480	31111	21161	51965	32602	91234	28373	84259	37956	51211	62022	18651	22823	28796	8374	76003	58113	66880	98960	58753	10104	66621	55210	29717	34515	17944	66917	67595	53315	40732	47013	102392	90877	51870	73045	80967	81168	61190	90467	91582	68480	52407	79668	88434	44080	93024	49559	64852	78227	53599	69780	4716	34420	93839	62487	21865	32690	93900	18667	30453	23886	56582	23496	81232	66966	26028	44507	19322	41231	81274	9183	74917	55908	42147	105150	50486	48713	70411	30702	47051	74929	43534	37649	26103	23378	35585	58379	41968	64827	74835	63596	63022	49152	9833	86009	37518	37792	42351	96544	91634	39662	44564	9109	85709	35497	28487	109099	47483	63644	60317	21875	49880	39050	45175	101127	33776	25502	36000	35087	62761	86676	58117	36606	79555	54454	95314	29581	31424	52060	33236	11318	23751	62447	31520	71339	61043	77335	15023	30133	88186	10831	62608	60417	19290	2587	43381	35996	28978	58819	19795	70958	14692	25656	19177	46120	43834	43408	24336	48256	105522	96552	78800	10488	75433	45748	52832	43667	28844	60834	52203	37181	42929	64626	57368	43274	81697	11044	34225	86072	
119618	55814	71001	0	62780	57591	58442	99496	78621	50794	98565	43341	7344	47823	5793	63515	111873	20421	50498	75859	22784	27676	126737	68881	59723	78963	73286	101505	62265	49278	66037	77256	61116	29490	37242	76568	37012	34098	32192	29570	64918	87514	81756	35514	18652	51870	77846	60580	82327	21259	74106	96433	17648	109933	68037	94157	73190	36616	77625	105883	44417	71618	56668	32170	122296	68132	84504	41774	67409	97719	88559	99447	51853	63859	13935	68952	38634	9823	89400	55135	85958	67664	5434	15724	22171	19817	52406	63544	7104	28481	53774	65511	77728	38323	15207	28243	38276	53942	11156	15629	31399	14012	14842	23683	33325	40363	31753	65122	73444	13131	21670	75076	19274	49877	29706	9816	33052	14771	67471	65417	23362	66571	102589	65001	40294	59256	100319	79722	65994	88012	28815	60361	104447	57027	86166	46274	27668	78145	21325	23859	97404	20112	39579	31992	74495	61698	78047	16529	108537	117531	46148	51050	120655	23358	117219	70836	25267	57705	75341	129749	71342	79299	37415	38587	72297	14801	9424	35333	41466	62078	21782	55079	82723	23657	82631	23703	30419	71450	48871	36329	37461	16089	48307	57814	31821	49277	25955	27398	27828	47378	11908	19697	6846	103547	85660	83056	42495	73079	55155	46749	112117	15577	20510	18936	71923	62445	34495	66074	20722	70933	62111	71544	77072	44621	73665	72808	84311	39560	76859	55056	76338	80656	74831	39245	81492	44173	19340	19307	24132	61897	25084	30554	128920	78554	54522	64918	56556	117778	123526	29541	42538	83692	9148	72379	114822	31347	
61440	32722	15365	62780	0	39395	5438	41512	34431	8312	40581	24138	51310	21067	76347	23509	53889	46469	14615	55214	35486	49976	68752	18729	27788	81394	15622	43521	22258	40248	8704	75428	50207	26659	32270	23008	29594	67941	61046	32982	24912	29850	52854	31081	44594	30585	65004	41323	24663	43392	43746	38448	67818	51949	55721	32485	23038	58616	19640	47899	20747	71217	43079	63706	64312	10468	26840	30785	13850	39735	80040	41462	49325	40474	63246	23043	32283	54327	31416	15129	28293	17359	54990	50418	47953	80032	38553	13240	58927	34389	10847	19603	27423	59222	45885	34387	21567	26812	94698	83182	44176	48802	73272	73473	53495	71539	72654	53568	75444	58654	69506	29168	85329	29358	45924	70533	34672	41992	14755	11559	74911	54793	44605	24995	86206	7891	42335	47663	48888	30028	62304	52054	46462	36813	28182	33536	73580	27993	67223	48213	35452	97455	42791	29785	62717	9228	32138	52543	50553	59546	18408	15683	62671	37054	59235	49914	67140	55901	48109	71764	16393	71097	29824	23380	74272	88849	83939	31968	25636	11926	78015	16627	57984	101404	75018	44717	52622	31444	42186	19886	26247	93433	12774	17807	28305	14886	32311	67748	39190	16405	71861	46759	61160	45563	60032	37147	14072	22774	16056	54752	54132	52412	40435	54949	24330	22438	69258	10473	37386	45505	7002	20586	66417	16831	20105	43906	26327	63264	21252	17961	13422	73502	28922	35713	23828	40562	97828	88857	71106	9036	67739	38053	70935	71203	21150	53140	37291	59793	65541	56932	49674	66310	60684	14715	56838	78378	
103402	81127	61985	57591	39395	0	37355	82547	75465	33243	81615	52225	51018	18860	62440	71866	94924	39982	36424	20333	38941	40236	109787	59764	16848	122429	56657	84555	70615	6135	38851	116463	12149	37879	59066	33447	22901	45943	71213	53061	73268	39463	25356	42301	41066	78941	28826	9853	39884	53265	103044	79483	79497	92983	18682	42925	64073	68783	60675	50572	51098	112252	91436	41707	105346	51502	44201	57582	34818	80770	121075	82497	15212	96978	60169	27499	24805	53616	72450	63485	37874	64231	54259	60585	38213	58034	8110	63346	56458	45609	29742	24826	87022	80793	49788	33564	35764	17612	98945	109561	65920	45134	70749	85153	63662	47737	50656	10978	116478	51592	47508	22206	113206	12026	36184	61049	27397	42554	55790	30076	52913	103149	85640	73351	85193	45105	83369	88698	97244	71062	40306	7110	87497	85169	69217	81892	85259	69028	78902	58380	45892	102690	72609	28962	111073	34331	25176	46261	54423	100581	66765	64040	103706	44973	100270	15310	78820	86156	19284	112799	57428	30279	56620	42947	115306	67696	65330	49745	23895	52960	89694	25194	99018	95484	116053	34977	62789	79800	90542	30681	28999	95714	30687	66164	51040	29063	43531	45750	31915	27766	64487	51450	62753	86597	101066	30185	34627	72880	64412	76784	95167	42672	38653	48668	74436	70795	47260	51508	41289	16120	49716	61620	107452	37506	30604	21126	67361	80282	62287	66318	38796	114537	26147	62510	45456	88918	91697	113239	82785	57610	63539	60113	111970	112237	69506	101496	12870	100828	106576	67098	70988	107344	59953	55750	97872	80026	
68863	46588	27446	58442	5438	37355	0	49235	42154	8091	48304	39183	54742	21045	64278	38554	61612	45174	15526	45346	38021	48681	76476	26453	17919	89118	23345	51244	37303	41809	7157	83151	51768	27779	47315	20040	28300	66646	76092	48027	39957	26056	42985	32201	44979	45630	55135	31454	20967	58437	69733	46172	82863	59672	45853	29518	30762	73661	27364	55622	35792	78941	58125	62411	72035	18191	34563	45830	10882	47458	87764	49186	50886	63666	66677	13175	30988	69372	39139	30174	24467	30920	58422	65463	46658	78737	38531	30035	55987	35509	6603	9734	53711	74267	49317	33093	22687	18744	68508	98227	59221	52233	88317	88518	68540	70244	71359	43699	83167	60037	68212	19299	100374	29336	44629	85578	33377	45424	22479	7501	73616	69838	52328	40040	101251	26017	50058	55387	63933	37751	61010	42185	54186	51858	35905	48581	88625	35716	82268	63259	32485	112500	57836	28490	77762	5171	22270	54706	58276	67270	33453	30728	70394	38174	66959	40046	82185	70946	38241	79488	24116	61228	44869	24500	81995	103894	98984	29363	24341	19649	93060	12382	65707	115342	82742	43422	67667	46489	57231	21006	24952	108478	13894	32852	43350	11938	33431	66454	37895	16383	86906	61804	64592	53286	67755	27279	15192	39569	31101	69797	61856	51117	40820	57113	41125	37483	67963	18197	40818	35636	16405	28309	74140	17951	17138	34038	34050	78309	28976	33006	11875	81226	19053	50758	31552	55607	111556	103902	86151	24299	82784	53098	78659	78926	36195	68185	27422	67517	73265	71977	64719	74033	64115	22438	64561	93423	
35094	43341	25531	99496	41512	82547	49235	0	23166	48393	16902	59129	99620	61363	111338	36663	25128	85493	55828	90223	78340	89000	41102	27314	62796	53744	32193	15925	57249	80544	46061	47777	90504	65920	67261	41268	68618	106965	96037	67973	42572	38924	87862	70912	85297	65576	100012	76331	35019	78383	38330	6775	102809	10674	90730	45568	22540	93607	23837	29440	55738	43567	45795	102729	47914	39325	32447	65776	43890	11469	52390	11558	111330	32264	111555	58052	71307	89318	11207	50119	41825	30469	103300	85409	86976	119056	78849	32898	93917	82507	49813	54611	22308	74425	94891	73411	60828	67109	129688	118173	79167	92552	108263	108464	88486	110563	111678	88576	47793	106964	108530	64176	120320	69655	84948	105523	73695	85742	32183	54516	113935	60754	5749	59986	121197	45963	15576	23984	51603	21960	101328	87062	17701	42186	16451	49195	108571	22669	102213	83204	41328	132446	57320	68809	59632	50798	67147	95025	32095	17149	53399	50674	35020	85676	18365	84923	102131	60503	83118	29652	30090	106105	64814	65088	46621	123840	118930	66959	64660	39595	113005	55593	29223	136395	47368	83740	87613	34752	50315	59146	65271	128423	53872	52798	63296	55183	71572	106772	78213	56702	106851	81750	122610	4289	31271	72156	53332	28987	51047	69281	25371	91435	81139	97431	32519	41024	108282	36354	81136	80513	46263	25601	38766	56092	43102	78915	25034	77792	28036	52952	47532	45851	47500	70704	29001	55090	132819	123848	106097	44245	102730	73044	43285	43552	56140	58085	72299	26498	28166	91922	65439	38659	108993	28708	28077	113368	
55740	40570	7658	78621	34431	75465	42154	23166	0	34279	15615	45014	85506	47249	97224	21706	30288	71379	41714	76109	64226	74885	60893	11384	48682	73535	22032	21507	43135	66430	31947	67568	76389	51805	53146	31107	54504	92851	81923	53858	27718	26762	73748	56798	71183	51461	85898	62217	24859	64269	37244	24093	88695	33551	76615	33405	6441	79493	7371	35384	41624	63358	44708	88615	51797	25211	22287	51662	33730	16978	72180	27107	97216	31177	97441	43937	57193	75204	17061	36005	29662	15115	89185	71295	72862	104942	64735	16967	79803	68392	35699	40497	16956	80099	80777	59297	46713	52995	115574	104059	65052	78438	94149	94350	74372	96449	97563	74462	67584	92850	94416	50062	106206	55541	70834	91409	59581	71628	9955	40402	99821	80545	19449	45872	107082	26192	24959	22898	50516	18001	87214	72948	38603	41099	13827	54413	94456	9911	88099	69090	36652	118332	63668	54695	79423	36683	53033	80911	38039	36660	39285	36560	54811	71561	39552	70808	88017	59416	69004	50839	16710	91991	50700	50974	66412	109726	104816	52844	50546	16585	98891	41478	27839	122281	67159	69626	73499	24415	63062	45032	51156	114309	39758	38684	49182	41068	57458	92658	64099	42587	92737	67636	108496	27165	32445	58042	39218	16230	36933	75629	30532	77321	67024	83317	17563	26067	94168	19566	67022	66399	32148	5175	58557	41978	32942	64801	14300	84140	17875	38838	25055	65642	37340	56590	18841	61438	118704	109734	91983	17170	88615	58930	63076	63343	42026	77876	58185	36192	41940	77808	70550	58450	94879	15327	33237	99254	
69714	47439	28297	50794	8312	33243	8091	48393	34279	0	47509	30173	46007	14903	55543	29544	60818	41979	9355	48765	30183	45485	75681	25658	21338	88323	22550	50449	28293	34083	13720	82356	44043	21356	38304	24209	25104	63451	54690	39016	30947	30225	46404	25778	39290	36619	58554	34873	25135	36741	68938	45377	73853	58877	49271	33686	29967	52260	26569	54827	20820	78146	49114	59215	71240	17396	33768	36820	15051	46664	86969	48391	43161	46509	57942	16593	27793	44410	38344	21163	28636	22914	49687	44062	43462	75542	32388	18794	47252	29086	6404	13153	52916	65257	40582	29897	15578	16715	59773	89217	50210	43499	79307	79508	47139	67049	68164	47118	82372	53351	65016	22718	91364	23194	41434	51843	30181	36689	21684	13058	70421	60827	51533	31030	92240	13926	49263	54592	54922	36956	57814	45604	53391	42848	35111	39571	79614	34921	73257	41857	36654	67354	48826	25295	68751	9339	25688	47239	57482	66475	24443	21718	69599	31750	66164	43464	73175	61936	41659	78693	23322	64647	35858	17391	81200	94884	89974	22254	21146	18854	84049	11564	64912	112147	81947	40226	46266	37478	48220	14583	21757	63331	8284	23842	24541	5699	27008	63258	34699	10241	55281	34926	55857	52491	66960	30698	8769	28328	22091	60787	61061	47921	35132	49646	29884	28473	64768	17402	32083	39055	10795	27514	73346	10842	21306	37457	33255	69298	28181	23996	18438	80431	22472	41748	30757	46596	108360	94892	77141	23504	73774	44088	77864	78131	27184	59174	30841	66722	72470	50575	55708	73238	55381	21643	63766	84412	
29670	27315	16604	98565	40581	81615	48304	16902	15615	47509	0	57506	97998	59741	109716	18410	15352	83871	54206	88601	76718	87377	34725	18459	61174	42434	42857	6572	30684	78922	44439	36468	88881	64297	65638	46791	66996	105342	62541	66350	26550	42446	86240	69290	83675	31922	98390	74709	40543	76761	22308	23480	101187	27142	89107	49089	13283	57170	20768	46265	54116	32257	29772	101107	62678	37703	37971	64154	49585	6828	40387	28264	109708	16242	109933	56429	69685	87696	16149	48497	45346	17906	101677	83787	85354	117433	77227	22336	92295	80884	48191	52989	6286	58402	93269	71789	59205	65487	128066	116551	52333	90930	106641	106842	86864	108941	110055	86954	36483	105342	106908	62554	118698	68033	83326	103901	72073	84120	22282	52894	112313	41787	12487	28483	67896	27023	40701	7962	35580	34259	99706	85440	10104	26163	26548	33173	106948	7829	100591	81582	58152	130824	41297	67187	48322	49175	65525	93403	48919	21725	51777	49052	19661	84053	36982	83300	100509	44480	81496	33228	39999	104483	63192	63466	35312	122218	117308	65336	63038	23660	111383	53970	12903	134773	36058	82118	85991	18730	34292	57524	63648	126801	52250	25705	61674	53560	69950	105150	76591	55079	105229	80128	120988	20756	19293	70534	51710	11923	49425	53258	15596	89813	79516	95809	14267	22771	106660	34731	79514	78891	44640	18284	27457	54469	48626	77293	30558	61770	33559	51330	45909	34542	62308	40690	34525	39068	131196	122226	104474	24246	101107	48145	36908	32242	29567	40049	70677	21257	27005	62407	49417	27350	107371	34231	18301	66261	
80450	33498	31832	43341	24138	52225	39183	59129	45014	30173	57506	0	36863	32140	56522	25020	73378	37097	20307	80831	24279	44254	88241	30386	53405	51199	34790	63009	23769	51694	36670	49341	61653	15452	8132	50080	29083	58905	33295	8844	26423	49018	78471	11783	33387	14742	90621	49631	43832	15641	48443	57937	47993	71437	81338	55661	34695	30865	39129	67387	10669	43702	31950	54414	83800	29636	46008	6647	41816	59224	57721	60951	60771	31432	48798	48660	31772	26561	50905	16639	47462	29169	40542	22652	42231	54679	46073	25049	31160	12533	40422	45220	39233	35084	32134	24623	14765	38259	74873	63357	20038	37595	53447	53648	25744	62247	56560	79185	50536	44207	46477	54785	65504	40805	40203	50708	28950	30785	28975	45125	49740	43663	64094	26506	44578	20760	61824	41227	37758	49517	49665	59430	65951	29053	47671	17009	53755	39649	47398	20462	58909	77630	22306	24064	51587	41406	57755	41336	70042	79035	5730	12554	82160	23901	78724	75531	47315	36487	73726	91253	32846	96714	5686	5960	44382	69024	64114	7830	28391	23582	58190	46201	44228	81579	52075	38995	24871	32954	31597	20646	25128	73607	23138	19318	4167	45791	21105	52205	33468	23682	52036	19976	67794	65052	47165	62764	18829	34583	16659	31075	73621	39588	29229	43742	33428	23949	59302	27578	26180	71122	23616	33048	53102	13082	47643	69523	45815	40893	38363	10547	37843	52740	54539	11575	42997	26899	78003	69032	51281	23402	29153	13915	90424	57671	13533	42010	45592	79282	85030	29180	25536	85799	46236	33883	76327	42109	
120941	57137	72324	7344	51310	51018	54742	99620	85506	46007	97998	36863	0	42520	12193	64649	113007	13997	45196	69435	17481	21252	127871	70015	54421	80097	74420	102639	63398	42854	60735	78390	54692	24188	38376	71265	31709	27674	37852	30704	66052	88648	77152	30211	10594	53004	71422	57018	83461	22392	75240	97566	23308	111067	61613	80743	74324	35395	78758	107017	39115	72751	57802	25746	123430	69266	85637	42907	62107	98853	89693	100581	45429	64993	14592	63650	32209	10957	90534	56269	87091	68798	6337	16857	15747	20474	45982	64678	13799	29614	48472	60209	78862	37910	9904	22941	32974	48639	16423	21290	32533	5953	20503	29343	29258	33939	25329	58698	74577	8264	15246	69774	24934	46314	23282	18390	26627	9468	68605	60114	16170	67705	103723	66135	45954	60389	101453	80856	60449	89146	22391	53937	105580	58161	87300	47408	33328	79279	26985	24993	83710	24004	40713	26690	75629	56396	72745	10105	109671	118665	47282	52183	121789	18055	118353	64412	30927	52768	70737	130882	72476	72875	38548	35686	73431	20067	15084	36466	36164	63211	27442	49777	83857	27963	83764	17279	23496	72584	50004	31027	32159	19981	43004	58947	32955	43975	20653	20974	21404	42075	17568	20830	12507	104681	86794	77754	37192	74212	56288	43396	113251	9153	15208	12511	73057	63578	28071	67208	15420	63491	63245	72678	78206	39318	68362	68205	85445	45220	77992	56190	77472	81790	69528	40378	82626	45306	21213	24967	29793	63031	20880	31688	130053	79688	55655	66052	52994	118911	124659	28321	37601	84826	12030	73513	115956	37007	
82685	60409	41267	47823	21067	18860	21045	61363	47249	14903	59741	32140	42520	0	53346	51742	74800	32165	18123	36572	27985	35671	89663	39640	12179	102305	36533	64431	50491	19833	27702	96339	29792	19158	40345	32340	14500	54647	52492	34341	53144	38356	34212	23580	37093	58817	46362	17770	33267	34544	82920	59359	60777	72859	37079	41818	43949	50062	40551	68809	32377	92128	71312	50412	85222	31378	47750	38861	23182	60646	100951	62373	28910	76854	55745	16905	16403	42212	52327	43361	36767	44107	47489	41864	33648	66738	18138	31672	45054	26888	11804	11869	66898	62072	38384	20083	17044	6398	57575	76141	47199	41301	66231	66432	44941	58246	59360	31451	96354	51153	56213	22477	78288	8944	31620	49645	20367	34491	35666	14563	61618	83025	65516	53228	66472	26804	63246	68574	77120	50939	49011	27569	67373	65045	49093	49223	66538	48904	60181	39659	44785	65156	53889	15481	90949	17375	25448	41697	71464	80457	37782	43916	83582	29553	80146	31272	60099	67435	27796	92675	37304	47976	37899	24226	95183	61220	56236	31024	5174	32836	70973	6861	78894	103343	95929	30412	44068	59676	63180	11961	11943	61134	12386	46040	32319	10762	24810	54455	24885	11107	53083	32729	53659	66474	80942	30457	15906	41206	44289	58063	75043	38107	32934	44103	42762	50671	55965	31384	29885	23389	23817	41496	87328	18785	24284	25264	47238	61562	42163	46194	32420	94413	20452	43789	44739	58482	99557	81816	64065	37486	48350	41392	91846	92113	49382	81372	13731	80704	86452	48377	52267	87221	53183	35626	77749	61306	
132659	59251	84042	5793	76347	62440	64278	111338	97224	55543	109716	56522	12193	53346	0	75860	124218	27490	78670	82929	29853	34745	139081	81226	66792	83542	85630	113849	74609	56348	87510	81835	68185	36560	40723	100920	44081	41168	28115	33050	77263	99858	88825	37991	25722	55350	84916	67649	94672	24739	99283	108777	13571	122277	75107	106501	85535	32539	89969	118227	63431	76196	61473	39239	134640	80476	96848	62332	92656	110064	93138	111791	58923	67340	22183	99500	45703	13304	101745	67479	98302	80009	12511	15352	29240	28064	59476	75889	8693	31961	91262	96060	90073	34246	16999	35313	45346	61011	12216	19642	36305	21081	10765	19606	29248	47433	38822	72192	78022	19516	28740	105625	18912	56946	36775	5963	40121	21840	79815	95965	27422	71150	114934	77346	36217	71600	112664	92067	61917	100357	35884	67431	116791	60507	98511	49755	23591	90489	17248	32260	109749	21760	43059	39062	79073	92246	108595	23599	120882	129875	58492	63394	133000	24044	129564	77906	21190	53628	82410	142093	83686	86369	40895	59178	76876	15177	9062	38813	48536	74422	17705	62149	95068	27939	87209	30773	26342	83794	52351	43399	44531	19968	55376	70158	35302	56347	33025	34467	34897	54447	7831	23177	6547	115892	98005	113604	49564	85423	67499	42672	124461	22646	27579	26005	84268	74789	41565	78418	27792	78002	74456	83888	81651	51690	98483	79878	96655	35483	89203	67401	88683	85234	105379	42725	93837	47653	24363	18945	20055	74242	13984	34034	141264	83133	66866	69496	63626	130122	135870	25464	38461	88271	16224	84723	127167	27270	
41402	19266	19166	63515	23509	71866	38554	36663	21706	29544	18410	25020	64649	51742	75860	0	32992	61313	24159	79987	48496	78764	47209	17606	52561	42689	33947	24211	10254	70309	35826	37925	80268	39669	23062	49237	58383	96729	52030	33060	6288	48174	77627	36000	57604	18580	89777	66096	42988	43471	26031	37998	67897	45951	80494	54818	15250	46659	27496	66544	20826	35780	29456	92494	82957	28792	42411	18434	40972	24468	44589	42781	101094	19965	76643	47816	61072	54406	31551	10299	46618	12930	68388	50497	76741	82525	68614	17359	59005	47595	39578	44376	12416	47892	59979	48840	32837	56874	94776	83261	41822	65430	73351	73552	53574	100328	101442	78341	40006	72052	79034	53941	85408	59420	74713	70611	63460	62164	22974	44281	79958	41169	30127	11372	57386	22046	45083	18815	35264	38126	91093	76827	27744	23190	33951	21531	73659	14188	67301	48292	58065	97534	30787	58574	49093	40562	56911	73893	69198	39364	18487	15762	36266	50764	51952	74687	67219	42278	72882	50867	32002	95870	23983	30176	33943	88928	84018	32047	54425	22738	78093	45357	21816	101483	39075	73505	52701	10542	30181	44863	55035	93511	34110	7723	28384	44947	55145	96537	67978	46466	71939	46838	87698	39565	24753	61921	35408	9276	11487	42748	33235	72940	58068	76299	5575	4788	98047	26735	54992	70278	19945	21002	30690	31155	46799	68680	34424	51259	38000	14858	36999	38744	53695	21048	38965	28557	97907	88936	71185	22687	67818	28953	41763	35259	11584	39516	62064	38896	44644	57010	38906	36299	74081	33040	34905	55751	
10316	33989	31276	111873	53889	94924	61612	25128	30288	60818	15352	73378	113007	74800	124218	32992	0	97919	68255	102649	90766	101426	14828	32954	75223	31293	56906	13256	37244	92971	58488	25327	102930	78346	51255	60840	81045	119391	70826	80399	33109	56495	100289	83338	97724	38482	112439	88757	54592	90809	26104	31404	115235	35066	103156	63138	27778	65454	43410	60313	68164	21116	33412	115156	76726	51751	52019	78202	63634	18156	29246	36188	123756	22801	123982	70478	83733	101744	43831	62546	59395	32402	115726	97835	99403	131482	91276	36831	106344	94933	62240	67038	20781	66687	107318	85838	73254	79535	142115	130600	58893	104978	120689	120891	100912	122989	124104	101003	25342	119390	120957	76603	132746	82081	97374	117950	86122	98169	54851	66943	126362	38303	27810	35042	76181	58390	54750	17678	40188	48308	113755	99489	8090	32723	40597	39732	120997	22324	114640	95631	72201	144872	47857	81235	37181	63224	79573	107451	62968	13137	65826	63101	5536	98102	25318	97349	114558	49079	95544	21564	54048	118532	77241	77515	24170	136266	131356	79385	77086	52021	125432	68019	13626	148821	24917	96167	100040	25290	43524	71573	77697	140850	66299	38451	75722	67609	83998	119199	90640	69128	119278	94177	135037	28680	11782	84582	65759	26418	63473	61543	3404	103862	93565	109858	28762	35516	120709	48780	93563	92940	58689	32779	16316	68518	62674	91341	44607	70054	47608	65379	59958	23401	76357	47249	48574	47618	145245	136275	118523	56671	115156	54704	19100	21101	41089	35634	84725	9593	15341	70692	57701	16208	121420	48280	7160	74546	
106814	70595	65397	20421	46469	39982	45174	85493	71379	41979	83871	37097	13997	32165	27490	61313	97919	0	42790	58310	13942	13255	113731	63707	48935	93234	60600	88499	60152	31730	51770	120406	43567	21782	44677	62300	22744	26721	50989	33496	62806	68316	66028	27805	4936	51287	60298	45893	69641	30388	84826	83426	36445	96927	50488	71778	68016	48532	64619	92877	36709	85888	70939	24792	109290	55446	71818	43193	53142	84713	125018	86441	34305	78130	19070	54684	21085	24094	76394	53022	66727	68174	17150	29994	7750	19619	34857	61432	26936	26044	46446	51244	90965	51047	17648	12671	30568	41597	28185	34426	45670	8595	33640	42480	42395	31248	24375	47573	87714	14482	14293	54293	38071	35190	12157	31527	12224	13530	59733	51149	17556	80842	89583	62889	59091	47958	87313	92642	73586	75006	18665	42812	91440	71298	73160	53555	46465	72971	40122	38130	74745	34816	53849	16684	88765	47430	57264	9152	95531	104525	42113	41641	107649	22519	104213	53288	44064	65905	59613	116742	61371	61751	37160	33280	86568	30586	28221	31227	27199	56904	40579	39630	102962	30921	119996	6154	36633	69337	63141	28621	23194	27027	40598	55701	31475	40211	18247	20021	7748	34557	30705	25429	25644	90541	105010	62273	34786	70966	53042	56533	99111	5562	9852	11558	69811	60332	27118	55451	18835	52366	46889	65564	111395	36912	59397	57080	71305	58357	66231	46930	56488	118480	60563	48121	68806	58443	25861	38104	42930	61554	34017	44824	115913	116181	50079	79189	41870	104771	110519	41457	50738	111288	22843	59693	101816	50144	
77149	36267	25737	50498	14615	36424	15526	55828	41714	9355	54206	20307	45196	18123	78670	24159	68255	42790	0	56827	29895	43700	83744	19217	29401	96386	30613	58512	25548	37243	21783	90419	47203	21068	27936	32272	23319	69978	64336	28648	28201	38287	54467	25490	39002	33874	66617	42935	33198	36453	47706	53440	71107	66940	57334	41749	27597	61905	34632	62890	17776	58121	46369	65742	79303	25459	41831	26452	23114	54726	95031	56454	46321	43763	57654	24656	26007	44122	46407	18418	36699	22049	49399	53707	41677	57419	35548	17929	46964	28798	16418	21216	32113	54889	40294	28112	12534	23808	59485	86472	39842	43211	76561	76763	56784	73576	74691	55181	64955	53063	52092	30781	88618	26354	39648	51555	28396	36401	21878	21121	55355	58082	59596	28284	89495	10739	57326	39125	52177	45019	64341	53667	61453	40102	43173	36825	76869	32552	70512	51503	44716	100744	46080	23509	66006	17402	33751	46951	65544	74538	18452	14811	77662	31463	74226	51527	70430	59191	49722	86756	31384	72710	25490	14347	58801	92138	87228	19210	17830	16485	81304	22197	42483	104693	90010	38441	55911	32217	45475	14295	17233	96722	9143	21097	21497	11181	26720	69785	32914	12498	54993	34638	55569	60554	45420	38760	9115	27463	19345	50880	69124	45203	34844	49358	29019	20657	71295	25464	31795	47118	5498	25951	81408	7144	29369	45519	41318	60697	36244	21251	26501	88493	30535	31380	38820	43851	64275	92147	74395	14608	71028	33720	85926	86194	24439	56429	38903	74785	80533	60221	45340	81301	55093	29706	71829	81667	
111544	89269	70127	75859	55214	20333	45346	90223	76109	48765	88601	80831	69435	36572	82929	79987	102649	58310	56827	0	64050	58017	117687	67664	29676	130329	52711	92455	78514	25237	46750	124362	18364	55224	88526	39194	45832	63723	88558	70406	81168	45209	5023	59646	62357	86841	13105	23939	45630	70609	110944	87383	124074	100883	8715	48671	71972	86127	68575	56318	77003	120152	99335	59488	113246	59402	49947	87041	42718	88669	128974	90397	32993	104877	77950	35398	47736	78278	80350	71385	43621	72130	72040	77929	55993	75814	32000	71246	81120	62954	42246	37115	94921	98138	74450	56149	53109	30441	116726	139438	83265	65596	88530	129729	81006	65517	68436	9289	124378	69372	65289	30306	141585	35927	53965	85711	53239	70557	63690	37976	70694	111049	93539	81251	102538	67228	91269	96598	105143	78962	58087	15596	95396	93069	77116	89792	129836	76927	123478	75725	51638	120470	99047	51892	118972	42231	29658	64042	60170	108481	74664	71939	111605	65618	108169	5218	123396	112157	6194	120699	65327	19145	86079	65711	123206	85476	83111	67089	41240	60860	134270	38023	106918	113264	123953	52757	80134	87699	98442	48026	48008	113495	48032	74063	84561	46408	60876	63531	57757	45111	89149	68794	80534	94497	108966	24106	51972	80780	72312	94128	103067	60452	64496	66448	82336	78694	65041	59407	65951	18834	57616	69520	115351	59162	36351	13379	75261	97627	54061	74217	44864	122436	31893	91969	51203	96818	109478	131019	127362	65510	84416	77458	119869	120137	77406	109396	26287	108728	114476	84443	88333	115244	77733	63649	105772	97371	
99661	57777	58244	22784	35486	38941	38021	78340	64226	30183	76718	24279	17481	27985	29853	48496	90766	13942	29895	64050	0	23775	107472	57449	39197	77691	54341	82240	47335	39151	45511	73069	50199	8964	31860	56042	16486	35750	40700	20679	49988	62057	61230	14988	10232	38469	66930	40054	63383	17570	72009	77168	40593	90668	57121	65519	61758	33073	58360	86618	23891	67430	55395	33822	103031	49187	65559	30375	46883	78455	118760	80182	41726	55160	31877	48426	17914	18345	70135	40205	60468	52734	23622	18041	18972	28648	32665	48614	21186	13226	33248	44985	62798	45083	14516	5907	17750	33416	33707	38574	30210	15935	37788	46628	27952	42015	33405	52737	72171	23511	23322	54550	42219	29351	19723	25778	12174	10623	53475	44891	26585	65298	83325	50071	63239	35141	81054	86383	58734	68747	29185	47976	85182	52781	66902	40737	50613	66713	44270	22670	68486	41288	38306	11466	73222	41172	57521	18181	89273	98266	29296	28823	101390	9702	97955	58290	34635	50445	54815	110484	55113	68383	24343	20462	68110	37352	32369	18410	20940	50645	44727	34553	67793	45248	75803	14488	23056	56520	47598	15803	16935	37266	27781	42884	18657	28751	5429	29050	10174	26852	29216	12611	29791	84282	70730	62530	21969	58149	40225	41074	92852	16433	6074	20588	56993	47515	36147	49193	6018	50407	34072	59305	105137	24094	53139	52282	65046	44572	59972	34112	50229	112222	54304	35303	62548	42900	38498	42252	38601	46967	28268	27731	109655	109922	37261	63645	36030	98513	104261	35708	35278	105029	29315	53434	95557	45873	
110321	88045	68904	27676	49976	40236	48681	89000	74885	45485	87377	44254	21252	35671	34745	78764	101426	13255	43700	58017	23775	0	117236	67213	49162	129878	64105	92004	78063	31956	55275	123911	43794	29165	51855	65805	26754	14395	57969	45949	80717	71821	66254	35188	20783	58465	60524	46120	73147	42509	110493	86932	43424	100432	50715	75283	71521	55512	68124	96382	43886	119701	77918	10160	112795	58951	75323	50370	56647	88218	128523	89946	32989	104426	20380	58190	21312	31074	79899	70934	70232	71679	24129	36974	5505	18518	35084	70795	33916	38496	49951	54749	94470	58026	30351	22029	37084	41824	30631	41406	52649	18270	40619	49460	49375	17993	18159	47800	123927	18216	7294	54520	45051	35417	4052	38507	15730	27076	63239	54654	13124	87821	93088	80800	66071	66777	90818	96147	80566	78511	5410	43039	94945	92618	76665	60732	53445	76476	47101	45109	78250	37263	60829	20189	95745	50936	57491	12886	99036	108030	49291	48818	111154	33475	107718	53514	51044	72885	59839	120248	64876	61977	49409	40457	122755	35873	35201	42533	30704	60409	47559	43135	106467	43228	123502	11184	43612	87248	70121	31901	26699	28713	42241	73612	43927	43716	29202	13253	14441	38062	37685	36384	32623	94046	108515	62500	35946	80329	71861	63513	102616	12260	23175	10031	81885	78243	15712	58956	29791	52593	53332	69069	114900	41155	62902	57307	74810	65337	69736	54107	59993	121985	64068	55298	72312	65423	33539	45084	49909	65059	40997	51804	119419	119686	57256	86168	42096	108277	114025	48437	57718	114793	25290	63198	105321	57124	
5546	43369	50649	126737	68752	109787	76476	41102	60893	75681	34725	88241	127871	89663	139081	47209	14828	113731	83744	117687	107472	117236	0	73801	90198	26380	71881	31194	51391	107946	73463	22685	117906	93322	60108	75816	96020	134367	72785	95375	47256	71470	115264	98314	112699	53544	127414	103733	69567	105785	28063	47950	130211	51612	118132	78113	48155	67413	58385	75289	83140	23075	35371	130132	91702	66727	66995	93178	78609	37916	16854	52733	138732	36473	138957	85454	98709	116720	58806	77522	74371	47565	130702	112811	114378	146458	106251	77383	121319	109909	77215	82013	41157	68646	122293	100813	88230	94511	157091	145575	67411	119954	135665	135866	71480	137965	139080	115978	27301	134366	135932	91578	147722	97057	112350	132925	101098	113144	69827	81919	141337	40262	42786	53271	78140	73365	69725	31825	42147	63283	128730	114464	26100	41322	55572	48585	82293	42700	129615	110606	87176	159848	56375	96211	39140	78200	94549	122427	77943	20614	80801	78076	10377	113078	24491	112325	80452	51038	110520	18049	69024	133507	92216	92490	26129	151242	146332	94361	92062	66997	140407	82995	27773	163797	21364	111143	115015	39437	45483	86548	92673	155825	81274	80200	90698	82585	98974	134174	105616	84104	134253	109152	150012	45226	23806	99558	80734	46794	78449	63502	20332	118837	108541	124833	43793	49663	135684	63756	108538	107915	73665	64833	18275	83494	77650	106317	59582	72013	62584	80354	74934	17334	91332	56102	63549	49577	160221	151250	80587	71647	130132	63223	7749	23060	83543	37593	99701	15263	11826	72651	59660	11055	136395	63255	14854	76505	
67720	38823	3907	68881	18729	59764	26453	27314	11384	25658	18459	30386	70015	39640	81226	17606	32954	63707	19217	67664	57449	67213	73801	0	40337	52896	21723	24296	23578	58085	23602	44784	68045	40910	33589	37013	46159	84506	62366	34301	26232	35951	65403	37241	62838	31904	77553	53872	30764	44711	32890	29815	69138	37768	68271	42594	6029	59936	17265	54320	22066	42719	44399	80270	70733	16569	32941	32105	28748	22962	50416	34598	88871	26824	77884	35593	48848	55647	23368	16448	34395	4467	69628	51738	64517	96597	56390	6197	60246	48835	27354	32152	16568	60541	61220	50952	38369	44650	96017	84502	45495	66670	74592	74793	54814	88104	89219	66117	46946	73293	86071	41717	86648	47196	62489	71852	51236	63405	5367	32057	91476	56112	23666	26315	87525	15236	34852	23580	50207	27894	78869	64603	27829	38132	23720	34855	74899	10984	68542	49533	45841	98775	44111	46350	64036	28339	44688	72566	56974	39449	19728	17003	37386	52004	43769	62464	68460	57221	60659	50952	10785	83646	31143	31417	40802	90169	85259	33287	42201	6746	79334	33134	26938	102724	45934	61281	53942	20326	43505	36687	42812	94752	31413	19127	29624	32724	56386	84313	55754	34243	73180	48079	88939	31382	29875	49697	30873	9948	17376	56072	33320	68976	58680	74972	13474	23758	85823	14511	56233	58054	14974	6491	37549	24992	34576	56456	24193	64583	15645	19281	24775	44571	41471	37033	29929	41881	99147	90177	72425	6401	69058	39373	46886	42118	22469	54459	49840	38981	44729	58251	50993	41421	75322	11997	36026	79697	
84118	61842	42700	59723	27788	16848	17919	62796	48682	21338	61174	53405	54421	12179	66792	52561	75223	48935	29401	29676	39197	49162	90198	40337	0	104326	38553	66452	52511	21452	19654	98359	31412	31062	62523	19859	26610	66551	64396	46244	55165	25875	27547	35484	48996	60838	39696	11098	25560	46447	84941	61380	72680	74880	30414	29336	45969	61965	42572	36983	44280	94149	73332	62315	87243	33399	30612	61038	19539	62666	102971	64394	30530	78874	67648	10545	28514	54116	54347	45382	24286	46127	59393	53767	47160	65676	23427	45243	56958	38791	13259	8343	68918	73975	50288	31987	28947	6279	69478	88044	59103	53204	78134	78335	56844	63054	71264	24786	98375	60539	56477	8617	90191	16705	45132	61549	34018	46394	37687	10880	63613	85046	67536	55248	78376	41225	65266	70595	79140	52959	54594	23272	69394	67066	51113	63789	78442	50924	72085	51563	32304	77059	73044	27384	92970	15134	11588	55209	40835	82478	48661	45936	85602	41456	82166	24607	72002	86154	21131	94696	39324	45789	60077	36130	97203	73123	68140	42927	17078	34857	82877	13768	80915	115247	97950	43924	55971	61696	72439	23864	23846	73037	23870	48060	58558	22246	36714	66358	38536	20949	64987	44632	65563	68494	82963	16597	27809	54777	46309	69966	77064	51619	44838	57615	56333	52691	67868	33404	41789	16724	31613	43517	89348	33159	17016	18599	49258	73465	44184	48214	23516	96433	12559	65966	31133	70815	111460	93719	75968	39507	60254	53296	93867	94134	51403	83393	7066	82725	88473	60281	64171	89241	65086	37646	79769	73209	
27171	29020	58358	78963	81394	122429	89118	53744	73535	88323	42434	51199	80097	102305	83542	42689	31293	93234	96386	130329	77691	129878	26380	52896	104326	0	84406	43718	47859	120471	85988	6033	130430	70990	50366	88340	108545	146891	58327	55579	47928	83995	127789	66086	83649	43802	139939	116258	82092	60022	23211	60475	74900	64136	130656	90638	50044	52956	70910	87814	64302	10682	22456	142656	104227	79252	79520	51308	91134	50441	10270	65258	151256	27924	91578	97978	111234	69341	71331	55072	86895	47724	83322	65432	126903	97459	118776	52153	73940	66989	89740	94538	39687	54189	74914	113338	70302	107036	103994	85244	52954	80364	80354	73912	57022	150490	151604	128503	8936	86986	93969	104103	94625	109582	124875	74721	113622	77099	82351	94443	94893	18026	55311	43529	59088	56840	82250	33933	27364	75808	141255	126989	38624	24162	68097	38843	67835	49312	70810	60348	99701	106751	41918	108736	10059	90724	107073	88828	90468	42960	61964	59239	26936	68089	48835	124849	65995	36580	123044	43589	81548	146032	56909	61497	13861	98145	93235	63367	104587	79521	87311	95519	29192	110700	4341	123667	66151	34614	31025	99073	105197	102728	93799	51941	59704	95109	72230	146699	118140	96628	78943	64164	87290	57750	24398	112082	93259	43291	54662	49045	33500	87875	75394	91234	38969	44840	148209	76280	72318	120440	66248	77357	13746	96018	90175	118842	72107	55704	75108	55651	87458	7715	103857	46360	76074	35120	107124	90919	66129	57481	66657	48766	20390	8784	51563	15669	112226	37591	37366	58193	45203	24555	89016	75780	23828	62048	
