//--------------------------------------------------------------------------------------------------------------------
//-- données sur la Haute Loire récupérés par le géocodeur (matrice symétrique)
//-- 
//-- C. Duhamel, P. Lacomme C. Prodhon - juillet 2009 : 6927 kg à collecter, flotte de capa 14450
//--------------------------------------------------------------------------------------------------------------------
85 7 999999 0 0 0
2 50 35 1.0
2 75 20 1.1
8 100 50 2.1
4 150 70 2.1
4 200 80 2.1
8 500 80 9.2
8 1000 400 7.2
0   // la ville qui represente le depot
0	26505	29077	11568	59882	70664	12056	49644	18043	33029	42265	10682	81203	68266	58663	4409	21296	2780	63301	10440	38136	9302	51868	2068	57033	36927	40744	53790	54180	59878	30112	43554	13891	38489	18589	13255	44637	19318	1521	72542	48720	14520	12721	38348	42098	46985	45574	49058	62032	44408	2780	53902	38996	45245	31016	57266	17732	11798	57253	12775	56410	8722	15439	32758	18753	64242	37948	50406	56250	14507	15548	61170	62481	17254	73884	51847	9921	44353	25146	12921	46694	4422	68819	54528	22946	27789	
26505	0	54153	37253	64793	54243	31621	53724	25923	41687	52571	35758	65997	53060	43457	30094	44331	27213	48095	36567	22245	34901	76945	25759	41826	62003	15244	78866	79256	44672	53146	28348	39576	63566	44273	22848	70163	45002	27120	57336	66647	21571	29293	63874	26892	64146	70651	74134	46826	24104	27213	78978	62031	70322	37025	82342	29511	34832	82330	37851	81487	33798	40515	57834	44279	89318	63025	34426	81326	12194	40624	86246	87557	23895	58678	76924	26613	42200	21776	43990	64088	30021	53613	39322	23046	45183	
29077	54153	0	32624	43858	99170	41257	33620	27972	16914	26150	20575	109709	96772	87170	24942	45576	28522	91807	31505	45787	36889	27034	31270	85539	18393	62692	37767	38157	88384	54391	72061	25022	15794	28725	30833	17119	33277	30809	101048	27421	43722	24411	10618	70604	30962	20740	22286	90538	72914	28522	37878	68204	20411	21763	32431	24171	38549	41230	18892	40387	24517	13638	3752	16692	48219	21925	44636	30463	43013	17056	35392	38029	34378	102391	27567	39123	73555	54348	40508	13770	32797	97325	83034	34366	8854	
11568	37253	32624	0	63027	81472	23917	52789	21233	36174	45410	9920	92011	79074	69471	7205	20494	11385	74109	2397	48944	8885	55014	14030	67840	40072	51552	56936	57326	70686	29819	54362	6340	41635	14261	19785	39731	7749	12219	83350	51865	26381	15910	33442	52906	50131	48720	49766	72840	55216	11385	57047	42677	48391	34206	60411	20922	15254	60399	15920	59556	7544	18584	33636	13846	67387	41094	61214	59395	25315	13056	64315	65626	23784	84692	54993	21782	56214	37008	12416	41250	10195	79627	65336	29476	30934	
59882	64793	43858	63027	0	101101	72261	14259	51947	29867	22132	51579	118851	105914	96312	55946	76580	59526	100949	62509	43338	67893	26803	62273	92365	31554	62102	5804	12363	98603	85395	103064	58039	32797	60590	54808	47137	66293	61813	110498	22231	74725	52191	47865	101608	11521	28163	32778	99680	85018	59526	7867	94280	27785	31032	34453	48145	69553	13135	49896	11503	53984	44642	43680	49708	20064	23907	29601	18780	67260	50072	26294	17832	52481	106649	21744	70127	104559	85352	71512	37230	63801	106613	114038	45317	33914	
70664	54243	99170	81472	101101	0	66333	89340	75547	89362	88187	79973	27121	9121	14592	74309	79042	71428	8314	77422	57861	78985	117022	68367	15653	102080	39022	108569	108959	11583	87858	41100	83790	103643	88488	76108	114378	91469	70245	9770	102263	56282	82553	108089	36667	99761	110728	114212	15828	28099	71428	108680	96742	110399	81895	122419	79348	69544	112032	82066	111189	78013	84730	102625	88494	119020	95912	70041	111028	65541	84839	115948	117259	74484	5921	105325	61324	61365	48094	78702	111763	75474	5885	19810	67294	92858	
12056	31621	41257	23917	72261	66333	0	61657	36748	45042	54278	22695	76826	63889	54286	16422	11099	14793	58924	18314	47595	14129	63881	11103	52655	48940	41595	65803	66193	55501	23002	39177	25904	50502	33892	27138	56650	26613	12058	68165	60733	10582	24733	50361	37721	58998	57587	61071	57655	40031	14793	65915	31886	57258	43029	69279	29745	4688	69266	24788	68423	20735	27452	44770	30766	76255	49961	59865	68262	17741	27561	73183	74494	34721	69507	63860	7041	32411	21208	13846	58707	10618	64442	50151	39977	39802	
49644	53724	33620	52789	14259	89340	61657	0	34047	15813	8078	41497	107071	94134	84531	45863	66498	49443	89169	52426	31558	57810	26930	52191	80585	22617	50322	16448	16838	86822	75313	82056	47957	23860	50508	40662	47264	56211	51730	98718	11973	64643	35257	41140	80600	7640	28290	32904	87900	73238	49443	16559	84197	27911	16978	31358	30245	59471	19911	39814	19068	43901	34560	33598	39626	26900	13825	19298	18907	47282	39990	23827	25138	38427	94868	14505	60045	94477	75270	61430	37357	53719	94832	93030	31264	23831	
18043	25923	27972	21233	51947	75547	36748	34047	0	15978	27492	12868	87755	74819	65216	13170	33324	13435	69853	22181	28445	24637	43638	18433	63585	28696	36858	45567	45957	66431	42139	50107	20394	30259	25091	3075	48286	28078	16521	79094	40496	23930	4438	38493	48651	38762	37344	40827	68585	50960	13435	45678	51024	37015	17086	49035	3802	30029	49030	9957	48187	12987	15133	29241	18897	56019	29725	37083	48026	13917	15242	52946	54258	6170	80437	43624	25105	62584	38575	28256	38379	20545	75371	61080	9306	19474	
33029	41687	16914	36174	29867	89362	45042	15813	15978	0	9236	24747	103519	90583	80980	29114	49748	32694	85617	35677	33793	41061	32579	35442	79349	17637	50697	34508	34898	82194	58563	65871	31207	19200	33759	18839	37228	39461	34981	94858	29438	39694	17188	25724	64414	27703	26285	29769	84349	66724	32694	34620	67448	25956	9768	37976	12176	42721	37971	23064	37128	27152	17810	18182	22876	44960	18666	32642	36967	29680	23240	41888	43199	22383	95243	32565	43295	77727	58520	44680	27320	36969	91135	76844	22372	8415	
42265	52571	26150	45410	22132	88187	54278	8078	27492	9236	0	33983	105961	93024	83421	38350	58984	41930	88059	44913	30358	50297	30372	44678	79475	25157	49212	21883	22273	85712	67799	77019	40443	26719	42995	34085	46464	48697	44217	97608	14886	48836	28680	34960	75563	13076	33804	37288	86790	72128	41930	21995	76684	33475	10401	34801	23668	51957	25346	32300	24503	36388	27046	27418	32113	32335	9616	26790	22350	40705	32476	27270	28581	31850	93758	17948	52531	86963	64334	53916	36556	46205	93722	87993	24687	17651	
10682	35758	20575	9920	51579	79973	22695	41497	12868	24747	33983	0	90982	78046	68443	6215	26849	9795	73081	12778	47916	18162	43421	12543	66812	28479	50524	45343	45733	69658	35665	53334	9500	30042	14197	14689	37204	17754	12082	82322	40272	24995	8244	30915	51878	38538	37127	40611	71812	54187	9795	45454	44549	36798	29430	48818	11336	19823	48806	4553	47963	2405	6991	24310	11320	55795	29501	52304	47802	24286	7100	52722	54033	18688	83664	43400	20397	54829	35622	21781	38246	14071	78598	64307	22716	19341	
81203	65997	109709	92011	118851	27121	76826	107071	87755	103519	105961	90982	0	23164	22803	85201	89934	82320	26874	88314	75953	89877	132052	79259	27436	117110	57114	133973	134363	26518	98750	51992	94682	118672	99380	84890	125270	102361	81137	17212	128903	67174	91335	118981	47559	127168	125757	129241	17346	38991	82320	134085	107634	125428	105172	137449	91553	80436	137436	92958	136593	88905	95622	112941	99386	144425	118132	88133	136433	72156	95731	141353	142664	85938	21907	132031	72216	85122	58986	89594	126877	86366	21998	26373	91194	107972	
68266	53060	96772	79074	105914	9121	63889	94134	74819	90583	93024	78046	23164	0	9060	71958	76692	69077	6418	75071	62710	76634	118809	66017	14194	103867	43871	120731	121121	13275	85507	38750	81440	105430	86137	71648	112027	89118	67894	6982	115660	53932	78093	105738	34317	113926	112515	115998	7347	25748	69077	120842	94392	112186	91930	124206	78310	67193	124194	79715	123351	75662	82379	99698	86143	131182	104889	74890	123190	58913	82488	128110	129421	72695	8324	118788	58973	59015	45744	76351	113634	73124	3505	12629	77951	94729	
58663	43457	87170	69471	96312	14592	54286	84531	65216	80980	83421	68443	22803	9060	0	62386	67119	59504	7125	65498	53137	67062	109236	56444	4621	94294	34298	111158	111548	3702	75934	29177	71867	95857	76565	62075	102455	79545	58322	16366	106087	44359	68520	96166	24744	104353	102942	106426	3357	16175	59504	111270	84819	102613	82357	114634	68737	57621	114621	70143	113778	66089	72806	90125	76570	121610	95316	65318	113617	49340	72916	118537	119849	63122	17709	109215	49401	49442	36171	66778	104061	63551	12643	4021	68378	85156	
4409	30094	24942	7205	55946	74309	16422	45863	13170	29114	38350	6215	85201	71958	62386	0	19782	4180	66904	6563	41739	11095	47809	6826	60636	32867	44347	49731	50121	63481	28597	47157	9542	34430	14239	12580	40288	14969	5015	76145	44661	19176	8705	33999	45701	42926	41515	44999	65635	48011	4180	49843	37482	41186	27001	53207	13717	12755	53194	8716	52351	4444	11380	34193	14404	60183	33889	54010	52190	18110	11489	57110	58422	16579	77487	47788	14578	49010	29803	14714	41807	7003	72422	58131	22272	23730	
21296	44331	45576	20494	76580	79042	11099	66498	33324	49748	58984	26849	89934	76692	67119	19782	0	24059	71574	18195	60245	13997	68365	20369	65305	53424	52417	70287	70677	68151	12819	51827	31409	54986	30024	30213	60099	22745	16484	80815	65217	23232	29218	53811	50371	63482	62071	65555	70305	52681	24059	70399	20668	61742	47513	73763	34229	9911	73750	29272	72907	25219	31936	49255	34215	80739	54445	72515	72746	30391	32045	77667	78978	47371	82157	68344	19691	34564	33858	9978	63191	15841	77092	62801	39905	44286	
2780	27213	28522	11385	59526	71428	14793	49443	13435	32694	41930	9795	82320	69077	59504	4180	24059	0	64052	9658	38887	11236	50677	6380	57783	35735	41495	52599	52989	60629	28739	44305	13109	37298	17806	10346	43896	18535	2972	73293	47528	18129	11529	37607	42849	45794	44383	47867	62783	45159	0	52711	37623	44054	29825	56074	16541	14610	56062	11584	55219	7530	14247	31566	18011	63051	36757	51157	55058	15258	14357	59978	61290	14345	74635	50656	13051	47165	28276	14855	45502	7145	69570	55279	20037	26597	
63301	48095	91807	74109	100949	8314	58924	89169	69853	85617	88059	73081	26874	6418	7125	66904	71574	64052	0	70006	57645	71570	113744	60952	9129	98802	38806	115666	116056	8211	80443	33685	76375	100365	81073	66583	106963	84053	62830	10705	110596	48867	73028	100674	29252	108861	107450	110934	8413	20684	64012	115778	89327	107121	86865	119142	73245	62129	119129	74651	118286	70597	77315	94633	81078	126118	99824	69826	118125	53848	77424	123046	124357	67630	12048	113723	53909	53950	40679	71287	108569	68059	6622	12395	72887	89665	
10440	36567	31505	2397	62509	77422	18314	52426	22181	35677	44913	12778	88314	75071	65498	6563	18195	9658	70006	0	45581	6488	57369	8973	63398	42427	48189	59291	59681	66243	27422	49920	8737	43990	16769	19217	44174	9961	7163	78907	54220	21324	18221	37885	48463	52486	51075	54559	68398	50773	10256	59403	36307	50746	36517	62766	23233	12857	62754	18275	61911	8795	20939	38079	18290	69743	43449	57851	61750	21952	17500	66670	67982	23216	80250	57348	16726	51925	31951	10020	45693	7798	75184	60893	28908	33289	
38136	22245	45787	48944	43338	57861	47595	31558	28445	33793	30358	47916	75953	62710	53137	41739	60245	38887	57645	45581	0	46541	61446	37399	49117	46504	18854	50708	51098	55354	63321	50588	51215	48067	55913	33228	66094	56642	38760	67250	44402	32052	37294	54590	49132	41900	55152	58635	56432	41770	38852	50819	72205	54823	24034	66843	36657	45007	54171	49491	53328	45438	46677	47049	51743	61159	38051	12270	53167	23921	52264	58087	59398	30993	63400	47464	37631	64440	44016	50160	56187	41661	63364	61562	19099	37282	
9302	34901	36889	8885	67893	78985	14129	57810	24637	41061	50297	18162	89877	76634	67062	11095	13997	11236	71570	6488	46541	0	59643	9573	66719	44701	48788	61565	61955	69565	21422	53241	15225	46264	23029	21491	50662	15750	7762	82229	56495	24645	20495	44373	51785	54760	53349	56833	71719	54095	10187	61677	30306	53020	38791	65041	25507	8730	65028	20550	64185	16496	23214	40532	24778	72017	45723	58450	64024	22551	23323	68944	70256	25490	83571	59622	17325	47798	35272	4019	54468	8397	78506	64215	31183	35564	
51868	76945	27034	55014	26803	117022	63881	26930	43638	32579	30372	43421	132052	118809	109236	47809	68365	50677	113744	57369	61446	59643	0	54003	108272	19056	78601	21263	15011	111118	77125	94794	49769	13789	52320	46742	25303	58023	53542	123781	17968	66455	43921	26031	93338	21272	6329	8082	113272	95647	51255	21715	86009	6332	37672	7834	40079	61283	15978	41626	23418	45713	36371	23317	41438	18487	27920	46217	8363	65746	41802	7909	13217	50287	125124	14630	61856	96288	77082	63241	15396	55531	120058	105767	50275	24762	
2068	25759	31270	14030	62273	68367	11103	52191	18433	35442	44678	12543	79259	66017	56444	6826	20369	6380	60952	8973	37399	9573	54003	0	54749	39075	40027	55939	56329	57594	30085	41271	16039	40638	20737	15332	46786	19331	2193	70258	50868	12675	14869	40497	39814	49134	47723	51206	59749	42124	4928	56050	38970	47394	33165	59414	19881	11771	59402	14923	58559	10870	17587	34906	20901	66390	40097	49689	58398	13790	17696	63318	64629	24545	71601	53996	8077	44327	23302	13594	48842	5095	66535	52244	25023	29937	
57033	41826	85539	67840	92365	15653	52655	80585	63585	79349	79475	66812	27436	14194	4621	60636	65305	57783	9129	63398	49117	66719	108272	54749	0	92886	30297	109750	110140	4094	74526	27769	70459	94449	75156	60667	101046	78137	56913	18427	104679	42951	67112	94758	23336	102945	101534	105018	7918	14290	58096	109861	83411	101205	73170	113225	67329	56212	113213	68734	112370	64681	71398	88717	75162	120202	93908	61316	112209	47932	71507	117129	118441	61714	19770	107807	47993	48034	34763	65370	102653	62143	14704	4592	58569	83748	
36927	62003	18393	40072	31554	102080	48940	22617	28696	17637	25157	28479	117110	103867	94294	32867	53424	35735	98802	42427	46504	44701	19056	39075	92886	0	63624	25461	18914	96141	62148	79817	34792	4851	37343	31765	28434	43046	38565	108805	10644	51478	28944	27870	78361	18566	12727	16210	98295	80671	36279	25572	71033	12398	22695	24418	25103	46306	21987	26649	28081	30736	21395	14641	26461	28975	17401	43510	16448	50770	26825	21369	22680	35310	110147	10790	46880	81312	62105	48265	18527	40554	105082	90791	35298	9786	
40744	15244	62692	51552	62102	39022	41595	50322	36858	50697	49212	50524	57114	43871	34298	44347	52417	41495	38806	48189	18854	48788	78601	40027	30297	63624	0	69547	69937	36500	61284	43572	53813	64621	58511	37086	84401	59240	41358	48396	63241	29709	43531	78112	33524	60739	71706	75190	37578	30134	41451	69658	70169	71377	42873	83397	40326	42970	73010	52089	72167	48036	54753	63603	58517	79998	56890	31019	72006	26519	54862	76926	78237	35462	44546	66303	34751	57424	37000	52128	72741	44259	44510	34736	28272	53836	
53790	78866	37767	56936	5804	108569	65803	16448	45567	34508	21883	45343	133973	120731	111158	49731	70287	52599	115666	59291	50708	61565	21263	55939	109750	25461	69547	0	6719	113366	79373	97042	52017	26775	54568	48785	41493	60271	55790	126029	16209	68703	46169	42220	95586	7056	22519	27133	115520	97895	53503	6914	88257	22140	29981	25586	42123	63531	9792	43874	9423	47961	38619	37658	43686	16780	17884	36181	13136	67994	44050	18056	14362	52330	127372	15722	64105	98537	79330	65489	31585	57779	122306	108015	44267	27891	
54180	79256	38157	57326	12363	108959	66193	16838	45957	34898	22273	45733	134363	121121	111548	50121	70677	52989	116056	59681	51098	61955	15011	56329	110140	18914	69937	6719	0	113038	79046	96715	51689	20253	54241	48458	35347	59944	55463	125702	12538	68376	45841	36074	95258	9623	16373	20987	115193	97568	53176	7276	87930	15994	29654	19440	41796	63204	3073	43547	9785	47634	38292	33361	43359	10062	17557	35854	6989	67667	43723	11910	7644	52003	127045	9200	63777	98209	79002	65162	25439	57451	121979	107688	43940	27564	
59878	44672	88384	70686	98603	11583	55501	86822	66431	82194	85712	69658	26518	13275	3702	63481	68151	60629	8211	66243	55354	69565	111118	57594	4094	96141	36500	113366	113038	0	77040	30283	72973	96963	77670	63181	103560	80651	59427	17653	107193	45465	69626	97271	25850	105459	104048	107532	7143	17281	60610	112375	85925	103719	79397	115739	69843	58726	115727	71248	114884	67195	73912	91231	77676	122716	96422	67543	114723	50446	74021	119643	120955	64228	15171	110321	50507	50548	37277	67884	105167	64657	13930	8992	64796	86262	
30112	53146	54391	29819	85395	87858	23002	75313	42139	58563	67799	35665	98750	85507	75934	28597	12819	28739	80443	27422	63321	21422	77125	30085	74526	62148	61284	79373	79046	77040	0	60643	34736	63802	34115	39029	63819	24547	25300	89631	74032	32047	38033	57530	59187	72298	70887	77316	79121	61497	32874	79215	12110	70558	56329	82579	43045	18576	82566	38088	81723	34034	40751	60576	42242	89555	63261	81331	81562	39207	40861	86482	87794	56187	90973	77160	28507	40672	42674	17379	68800	24506	85908	71617	48720	53101	
43554	28348	72061	54362	103064	41100	39177	82056	50107	65871	77019	53334	51992	38750	29177	47157	51827	44305	33685	49920	50588	53241	94794	41271	27769	79817	43572	97042	96715	30283	60643	0	57132	81122	61829	47339	87719	64810	43586	42631	91352	29623	53784	81430	6694	89618	88207	91690	32122	14497	44769	96534	70084	87878	67621	99898	54002	42885	99886	55407	99043	51354	58071	75390	61835	106874	80581	63192	98882	34605	58180	103802	105113	48387	43974	94480	34665	20360	15919	52043	89326	48816	38908	24617	53643	70421	
13891	39576	25022	6340	58039	83790	25904	47957	20394	31207	40443	9500	94682	81440	71867	9542	31409	13109	76375	8737	51215	15225	49769	16039	70459	34792	53813	52017	51689	72973	34736	57132	0	36467	5773	22105	35315	10179	14539	85669	46697	28701	15803	29026	55226	44963	43552	45350	75160	57535	13704	51879	45106	43223	35855	55243	20815	22280	55231	14003	54388	7149	15642	29220	9431	62220	35926	58729	54227	27634	8641	59147	60459	26104	87012	49825	24102	58534	39327	21431	36834	16528	81946	67655	31796	25766	
38489	63566	15794	41635	32797	103643	50502	23860	30259	19200	26719	30042	118672	105430	95857	34430	54986	37298	100365	43990	48067	46264	13789	40638	94449	4851	64621	26775	20253	96963	63802	81122	36467	0	38906	33328	25380	44609	40128	110367	11887	53041	30507	25271	79924	19809	9672	13156	99858	82233	37841	26816	72595	7457	24258	21364	26665	47869	23230	28212	29324	32299	22957	12042	28024	32724	18963	44753	16802	52332	28388	22146	24368	36873	111710	12034	48442	82874	63668	49827	15473	42117	106644	92353	36861	11348	
18589	44273	28725	14261	60590	88488	33892	50508	25091	33759	42995	14197	99380	86137	76565	14239	30024	17806	81073	16769	55913	23029	52320	20737	75156	37343	58511	54568	54241	77670	34115	61829	5773	38906	0	26804	35897	8201	19239	90369	49307	33400	20503	29608	59925	47572	49062	49394	79859	62235	18404	54489	44479	45832	38465	60754	28539	28453	57840	18703	56997	11849	18252	30672	10882	64829	38536	61338	56837	32334	13340	63714	63068	30803	91711	52435	28802	63234	44027	20054	40878	21227	86646	72355	36496	28376	
13255	22848	30833	19785	54808	76108	27138	40662	3075	18839	34085	14689	84890	71648	62075	12580	30213	10346	66583	19217	33228	21491	46742	15332	60667	31765	37086	48785	48458	63181	39029	47339	22105	33328	26804	0	46788	27541	13446	76020	43357	20856	6445	40499	45576	41623	40204	43688	65510	47886	10360	48539	47949	39875	19946	51896	6662	26954	51891	11964	51048	16337	17140	32102	20904	58879	32586	37468	50887	10842	17249	55807	57118	3999	77362	46485	22030	59510	35500	25181	41240	17470	72297	58006	9691	22335	
44637	70163	17119	39731	47137	114378	56650	47264	48286	37228	46464	37204	125270	112027	102455	40288	60099	43896	106963	44174	66094	50662	25303	46786	101046	28434	84401	41493	35347	103560	63819	87719	35315	25380	35897	46788	0	40901	45262	117049	37970	59424	40412	7950	86605	41273	18641	18973	106539	88915	44523	41716	74167	19026	41365	30332	43773	53003	38086	34893	44225	34786	33239	19312	25869	43871	38583	64239	28364	59014	29531	33293	35930	53980	118392	34631	54825	89257	70051	53668	9556	47251	113326	99035	53969	28456	
19318	45002	33277	7749	66293	91469	26613	56211	28078	39461	48697	17754	102361	89118	79545	14969	22745	18535	84053	9961	56642	15750	58023	19331	78137	43046	59240	60271	59944	80651	24547	64810	10179	44609	8201	27541	40901	0	17124	93265	54951	35682	23660	34628	62821	53217	51806	54413	82755	65131	19134	60134	34910	51477	44110	63498	28671	21167	63485	22258	62642	15403	23896	37474	17685	70474	44180	66983	62481	33064	16895	67401	68713	31533	94607	58079	26687	58834	46308	12767	45897	17759	89542	75251	37226	34020	
1521	27120	30809	12219	61813	70245	12058	51730	16521	34981	44217	12082	81137	67894	58322	5015	16484	2972	62830	7163	38760	7762	53542	2193	56913	38565	41358	55790	55463	59427	25300	43586	14539	40128	19239	13446	45262	17124	0	72372	48752	14788	12753	37931	41928	47017	45606	49090	61862	44238	2812	53934	39265	45277	31048	57298	17764	9263	57285	12807	56442	8754	15471	32790	18336	64274	37981	50797	56282	14898	15580	61202	62513	17286	73714	51879	10190	44622	25415	11720	46726	3511	68649	54358	22979	27821	
72542	57336	101048	83350	110498	9770	68165	98718	79094	94858	97608	82322	17212	6982	16366	76145	80815	73293	10705	78907	67250	82229	123781	70258	18427	108805	48396	126029	125702	17653	89631	42631	85669	110367	90369	76020	117049	93265	72372	0	119626	57898	82058	109704	38283	117892	116481	119964	15638	29714	73043	124808	98358	116152	95895	128172	82276	71159	128160	83681	127317	79628	86345	103664	90109	135148	108855	79525	127156	62879	86454	132076	133387	76661	4892	122754	62939	62981	49710	80317	117600	77090	5508	21425	81917	98695	
48720	66647	27421	51865	22231	102263	60733	11973	40496	29438	14886	40272	128903	115660	106087	44661	65217	47528	110596	54220	44402	56495	17968	50868	104679	10644	63241	16209	12538	107193	74032	91352	46697	11887	49307	43357	37970	54951	48752	119626	0	63159	40625	36898	90042	7728	19360	23974	109976	92352	47959	16647	82713	19305	24261	22428	36579	57987	15515	38330	19156	42417	33076	23669	38142	22504	12341	31276	9977	62451	38506	14897	16208	45711	107618	5348	58561	92993	73786	59946	28426	52235	116763	102472	38547	22347	
14520	21571	43722	26381	74725	56282	10582	64643	23930	39694	48836	24995	67174	53932	44359	19176	23232	18129	48867	21324	32052	24645	66455	12675	42951	51478	29709	68703	68376	45465	32047	29623	28701	53041	33400	20856	59424	35682	14788	57898	63159	0	27171	52798	27672	61436	60024	63508	47606	29982	18163	68352	40993	59695	41016	71716	27396	13794	71704	27225	70860	23172	29889	47208	33203	78692	52399	46926	70700	7999	29998	75620	76931	21781	59458	66298	5574	38026	13463	22952	61144	19725	54393	40102	27038	42239	
12721	29293	24411	15910	52191	82553	24733	35257	4438	17188	28680	8244	91335	78093	68520	8705	29218	11529	73028	18221	37294	20495	43921	14869	67112	28944	43531	46169	45841	69626	38033	53784	15803	30507	20503	6445	40412	23660	12753	82058	40625	27171	0	34054	52021	39972	38554	42037	71955	54331	12420	46888	47174	38225	18296	50245	5012	22447	50240	5519	49397	8549	10695	30451	14459	57229	30935	41169	49236	17287	10804	54156	55468	10444	83807	44834	23021	57453	38246	24406	39589	16695	78742	64451	14472	20684	
38348	63874	10618	33442	47865	108089	50361	41140	38493	25724	34960	30915	118981	105738	96166	33999	53811	37607	100674	37885	54590	44373	26031	40497	94758	27870	78112	42220	36074	97271	57530	81430	29026	25271	29608	40499	7950	34628	37931	109704	36898	52798	34054	0	80332	39674	19702	20034	100266	82641	38249	42777	67894	20087	30475	31393	32883	46729	39146	28620	45285	28512	26965	7541	19595	44931	30637	53349	29425	52740	23257	34353	36991	44583	112118	35692	48552	82984	63777	47394	11518	40977	107052	92761	43079	17566	
42098	26892	70604	52906	101608	36667	37721	80600	48651	64414	75563	51878	47559	34317	24744	45701	50371	42849	29252	48463	49132	51785	93338	39814	23336	78361	33524	95586	95258	25850	59187	6694	55226	79924	59925	45576	86605	62821	41928	38283	90042	27672	52021	80332	0	87719	86308	89792	27977	10352	42871	94636	68185	85979	65723	98000	52104	40987	97987	53509	97144	49456	56173	73492	59937	104976	78683	61294	96984	32707	56282	101904	103215	46489	39829	92582	32767	26548	16375	50145	87428	46917	34763	20472	51745	68523	
46985	64146	30962	50131	11521	99761	58998	7640	38762	27703	13076	38538	127168	113926	104353	42926	63482	45794	108861	52486	41900	54760	21272	49134	102945	18566	60739	7056	9623	105459	72298	89618	44963	19809	47572	41623	41273	53217	47017	117892	7728	61436	39972	39674	87719	0	22032	26646	108064	90440	46048	10391	80802	21653	22109	25099	34667	56075	13743	36418	12900	40506	31164	30202	36230	20731	10429	27105	12648	60539	36594	17569	18880	44875	105466	8246	56649	91081	71874	58034	31098	50323	114851	100560	36394	20435	
45574	70651	20740	48720	28163	110728	57587	28290	37344	26285	33804	37127	125757	112515	102942	41515	62071	44383	107450	51075	55152	53349	6329	47723	101534	12727	71706	22519	16373	104048	70887	88207	43552	9672	49062	40204	18641	51806	45606	116481	19360	60024	38554	19702	86308	22032	0	4614	106943	89318	44926	23075	79680	1483	31343	11691	33750	54954	19445	35297	25584	39384	30042	16988	35109	25230	26048	47577	9723	59417	35473	14652	17289	43958	118795	15990	55527	89959	70753	56912	9067	49202	113729	99438	43946	18433	
49058	74134	22286	49766	32778	114212	61071	32904	40827	29769	37288	40611	129241	115998	106426	44999	65555	47867	110934	54559	58635	56833	8082	51206	105018	16210	75190	27133	20987	107532	77316	91690	45350	13156	49394	43688	18973	54413	49090	119964	23974	63508	42037	20034	89792	26646	4614	0	112555	94930	50538	28688	87679	7095	36955	13452	39362	60566	25057	40909	31196	44996	35654	18534	35919	26161	31661	53189	15335	65029	41085	15583	20892	49570	124407	21603	61140	95572	76365	62524	9399	54814	119341	105050	49558	24045	
62032	46826	90538	72840	99680	15828	57655	87900	68585	84349	86790	71812	17346	7347	3357	65635	70305	62783	8413	68398	56432	71719	113272	59749	7918	98295	37578	115520	115193	7143	79121	32122	75160	99858	79859	65510	106539	82755	61862	15638	109976	47606	71955	100266	27977	108064	106943	112555	0	19624	62953	114718	88268	106062	85806	118082	72186	61069	118070	73591	117227	69538	76255	93574	80019	125059	98765	68766	117066	52789	76364	121986	123298	66571	15672	112664	52850	52891	39620	70227	107510	67000	10852	7006	71827	88605	
44408	24104	72914	55216	85018	28099	40031	73238	50960	66724	72128	54187	38991	25748	16175	48011	52681	45159	20684	50773	41770	54095	95647	42124	14290	80671	30134	97895	97568	17281	61497	14497	57535	82233	62235	47886	88915	65131	44238	29714	92352	29982	54331	82641	10352	90440	89318	94930	19624	0	45195	96961	70510	88304	68048	100325	54428	43312	100312	55834	99469	51780	58498	75816	62261	107301	81007	51736	99308	35031	58607	104228	105540	48813	31348	94906	35092	35133	21862	52469	89752	49242	26282	11992	54069	70848	
2780	27213	28522	11385	59526	71428	14793	49443	13435	32694	41930	9795	82320	69077	59504	4180	24059	0	64012	10256	38852	10187	51255	4928	58096	36279	41451	53503	53176	60610	32874	44769	13704	37841	18404	10360	44523	19134	2812	73043	47959	18163	12420	38249	42871	46048	44926	50538	62953	45195	0	52711	37623	44054	29825	56074	16541	14610	56062	11584	55219	7530	14247	31566	18011	63051	36757	51157	55058	15258	14357	59978	61290	14345	74635	50656	13051	47165	28276	14855	45502	7145	69570	55279	20037	26597	
53902	78978	37878	57047	7867	108680	65915	16559	45678	34620	21995	45454	134085	120842	111270	49843	70399	52711	115778	59403	50819	61677	21715	56050	109861	25572	69658	6914	7276	112375	79215	96534	51879	26816	54489	48539	41716	60134	53934	124808	16647	68352	46888	42777	94636	10391	23075	28688	114718	96961	52711	0	88300	22257	30024	25756	42165	63573	7155	43916	2491	48004	38662	37700	43728	11367	17927	36224	13253	68037	44092	17597	13661	52373	127414	15764	64147	98579	79372	65532	31703	57821	122349	108058	44309	27933	
38996	62031	68204	42677	94280	96742	31886	84197	51024	67448	76684	44549	107634	94392	84819	37482	20668	37623	89327	36307	72205	30306	86009	38970	83411	71033	70169	88257	87930	85925	12110	70084	45106	72595	44479	47949	74167	34910	39265	98358	82713	40993	47174	67894	68185	80802	79680	87679	88268	70510	37623	88300	0	79429	65200	91450	51916	27447	91437	46959	90594	42906	49623	70956	52622	98426	72132	90202	90433	48078	51832	95354	96665	65058	99844	86031	37378	51237	51545	26250	79180	33378	94779	80488	57592	61973	
45245	70322	20411	48391	27785	110399	57258	27911	37015	25956	33475	36798	125428	112186	102613	41186	61742	44054	107121	50746	54823	53020	6332	47394	101205	12398	71377	22140	15994	103719	70558	87878	43223	7457	45832	39875	19026	51477	45277	116152	19305	59695	38225	20087	85979	21653	1483	7095	106062	88304	44054	22257	79429	0	31014	13174	33421	54625	19066	34968	25205	39055	29713	16659	34780	25267	25719	47199	9345	59088	35144	14689	16911	43629	118466	15612	55198	89630	70424	56583	9452	48873	113400	99109	43617	18104	
31016	37025	21763	34206	31032	81895	43029	16978	17086	9768	10401	29430	105172	91930	82357	27001	47513	29825	86865	36517	24034	38791	37672	33165	73170	22695	42873	29981	29654	79397	56329	67621	35855	24258	38465	19946	41365	44110	31048	95895	24261	41016	18296	30475	65723	22109	31343	36955	85806	68048	29825	30024	65200	31014	0	42809	13267	47554	34252	21878	33409	31984	22642	23014	27709	41240	23499	22873	33248	30304	28073	38168	39479	21449	87157	28846	48128	82560	53933	49512	32152	41802	87122	76353	14286	13248	
57266	82342	32431	60411	34453	122419	69279	31358	49035	37976	34801	48818	137449	124206	114634	53207	73763	56074	119142	62766	66843	65041	7834	59414	113225	24418	83397	25586	19440	115739	82579	99898	55243	21364	60754	51896	30332	63498	57298	128172	22428	71716	50245	31393	98000	25099	11691	13452	118082	100325	56074	25756	91450	13174	42809	0	45441	66645	16662	46988	24102	51075	41734	28679	46800	18985	37740	50577	13468	71109	47164	8592	13901	55649	130486	18990	67219	101651	82444	68604	20758	60893	125421	111130	55637	30124	
17732	29511	24171	20922	48145	79348	29745	30245	3802	12176	23668	11336	91553	78310	68737	13717	34229	16541	73245	23233	36657	25507	40079	19881	67329	25103	40326	42123	41796	69843	43045	54002	20815	26665	28539	6662	43773	28671	17764	82276	36579	27396	5012	32883	52104	34667	33750	39362	72186	54428	16541	42165	51916	33421	13267	45441	0	27459	45228	8611	44385	13560	10617	25439	17631	52217	25923	36157	44225	17504	13896	49145	50456	9972	84025	39822	28692	62465	42162	29417	34577	21707	78959	64668	13108	15672	
11798	34832	38549	15254	69553	69544	4688	59471	30029	42721	51957	19823	80436	67193	57621	12755	9911	14610	62129	12857	45007	8730	61283	11771	56212	46306	42970	63531	63204	58726	18576	42885	22280	47869	28453	26954	53003	21167	9263	71159	57987	13794	22447	46729	40987	56075	54954	60566	61069	43312	14610	63573	27447	54625	47554	66645	27459	0	67019	22540	66176	18487	25204	42523	27484	74008	47714	62932	66015	20808	25313	70935	72247	37787	72574	61613	10108	36800	24275	9487	56459	5930	67508	53217	36511	37554	
57253	82330	41230	60399	13135	112032	69266	19911	49030	37971	25346	48806	137436	124194	114621	53194	73750	56062	119129	62754	54171	65028	15978	59402	113213	21987	73010	9792	3073	115727	82566	99886	55231	23230	57840	51891	38086	63485	57285	128160	15515	71704	50240	39146	97987	13743	19445	25057	118070	100312	56062	7155	91437	19066	34252	16662	45228	67019	0	46704	8880	50791	41449	34306	46516	7113	20714	39011	7935	70824	46880	8532	4556	55160	130202	10146	66935	101367	82160	68319	26385	60609	125136	110845	47097	30721	
12775	37851	18892	15920	49896	82066	24788	39814	9957	23064	32300	4553	92958	79715	70143	8716	29272	11584	74651	18275	49491	20550	41626	14923	68734	26649	52089	43874	43547	71248	38088	55407	14003	28212	18703	11964	34893	22258	12807	83681	38330	27225	5519	28620	53509	36418	35297	40909	73591	55834	11584	43916	46959	34968	21878	46988	8611	22540	46704	0	46148	7143	5176	22495	8940	53980	27686	44768	45987	26878	5285	50907	52219	15963	86256	41585	22988	57420	38213	24373	36431	16663	81190	66899	19991	17526	
56410	81487	40387	59556	11503	111189	68423	19068	48187	37128	24503	47963	136593	123351	113778	52351	72907	55219	118286	61911	53328	64185	23418	58559	112370	28081	72167	9423	9785	114884	81723	99043	54388	29324	56997	51048	44225	62642	56442	127317	19156	70860	49397	45285	97144	12900	25584	31196	117227	99469	55219	2491	90594	25205	33409	24102	44385	66176	8880	46148	0	50121	40779	39817	45845	9775	20044	38341	15849	70154	46209	16005	12069	54490	129531	17882	66264	100696	81489	67649	34298	59938	124466	110175	46426	30051	
8722	33798	24517	7544	53984	78013	20735	43901	12987	27152	36388	2405	88905	75662	66089	4444	25219	7530	70597	8795	45438	16496	45713	10870	64681	30736	48036	47961	47634	67195	34034	51354	7149	32299	11849	16337	34786	15403	8754	79628	42417	23172	8549	28512	49456	40506	39384	44996	69538	51780	7530	48004	42906	39055	31984	51075	13560	18487	50791	7143	50121	0	9435	28772	8983	58238	31945	50038	50246	22493	8193	55166	56477	19313	81870	45844	18603	53035	33828	19988	36386	12277	76805	62514	23341	21785	
15439	40515	13638	18584	44642	84730	27452	34560	15133	17810	27046	6991	95622	82379	72806	11380	31936	14247	77315	20939	46677	23214	36371	17587	71398	21395	54753	38619	38292	73912	40751	58071	15642	22957	18252	17140	33239	23896	15471	86345	33076	29889	10695	26965	56173	31164	30042	35654	76255	58498	14247	38662	49623	29713	22642	41734	10617	25204	41449	5176	40779	9435	0	17319	7343	48803	22510	45312	40811	29375	5440	45731	47042	21217	88752	36409	25485	59917	40710	26870	31255	19159	83687	69396	23725	12350	
32758	57834	3752	33636	43680	102625	44770	33598	29241	18182	27418	24310	112941	99698	90125	34193	49255	31566	94633	38079	47049	40532	23317	34906	88717	14641	63603	37658	33361	91231	60576	75390	29220	12042	30672	32102	19312	37474	32790	103664	23669	47208	30451	7541	73492	30202	16988	18534	93574	75816	31566	37700	70956	16659	23014	28679	25439	42523	34306	22495	39817	28772	17319	0	19789	42218	23096	45808	26711	46694	20736	31640	34278	35549	106071	23815	42804	77236	58029	44189	10019	36478	101006	86715	35537	10025	
18753	44279	16692	13846	49708	88494	30766	39626	18897	22876	32113	11320	99386	86143	76570	14404	34215	18011	81078	18290	51743	24778	41438	20901	75162	26461	58517	43686	43359	77676	42242	61835	9431	28024	10882	20904	25869	17685	18336	90109	38142	33203	14459	19595	59937	36230	35109	35919	80019	62261	18011	43728	52622	34780	27709	46800	17631	27484	46516	8940	45845	8983	7343	19789	0	53947	27654	50456	45955	33145	3662	50875	52186	24987	92522	41552	28956	63388	44181	28930	27404	21382	87457	73166	29015	17494	
64242	89318	48219	67387	20064	119020	76255	26900	56019	44960	32335	55795	144425	131182	121610	60183	80739	63051	126118	69743	61159	72017	18487	66390	120202	28975	79998	16780	10062	122716	89555	106874	62220	32724	64829	58879	43871	70474	64274	135148	22504	78692	57229	44931	104976	20731	25230	26161	125059	107301	63051	11367	98426	25267	41240	18985	52217	74008	7113	53980	9775	58238	48803	42218	53947	0	27381	45678	16368	77491	53546	10688	6751	61827	136868	16812	73601	108033	88826	74986	34046	67275	131803	117512	53763	37388	
37948	63025	21925	41094	23907	95912	49961	13825	29725	18666	9616	29501	118132	104889	95316	33889	54445	36757	99824	43449	38051	45723	27920	40097	93908	17401	56890	17884	17557	96422	63261	80581	35926	18963	38536	32586	38583	44180	37981	108855	12341	52399	30935	30637	78683	10429	26048	31661	98765	81007	36757	17927	72132	25719	23499	37740	25923	47714	20714	27686	20044	31945	22510	23096	27654	27381	0	32860	20145	52025	28081	25065	26377	36361	111403	15743	48136	82568	63361	49520	29011	41810	106337	92046	36349	11922	
50406	34426	44636	61214	29601	70041	59865	19298	37083	32642	26790	52304	88133	74890	65318	54010	72515	51157	69826	57851	12270	58450	46217	49689	61316	43510	31019	36181	35854	67543	81331	63192	58729	44753	61338	37468	64239	66983	50797	79525	31276	46926	41169	53349	61294	27105	47577	53189	68766	51736	51157	36224	90202	47199	22873	50577	36157	62932	39011	44768	38341	50038	45312	45808	50456	45678	32860	0	38227	36181	50951	43147	44459	35248	75570	33825	49890	76610	56186	62420	55031	53920	75534	73732	24848	36126	
56250	81326	30463	59395	18780	111028	68262	18907	48026	36967	22350	47802	136433	123190	113617	52190	72746	55058	118125	61750	53167	64024	8363	58398	112209	16448	72006	13136	6989	114723	81562	98882	54227	16802	56837	50887	28364	62481	56282	127156	9977	70700	49236	29425	96984	12648	9723	15335	117066	99308	55058	13253	90433	9345	33248	13468	44225	66015	7935	45987	15849	50246	40811	26711	45955	16368	20145	38227	0	70007	46063	6046	7357	54343	129385	6607	66117	100549	81343	67502	18790	59792	124319	110028	46280	28156	
14507	12194	43013	25315	67260	65541	17741	47282	13917	29680	40705	24286	72156	58913	49340	18110	30391	15258	53848	21952	23921	22551	65746	13790	47932	50770	26519	67994	67667	50446	39207	34605	27634	52332	32334	10842	59014	33064	14898	62879	62451	7999	17287	52740	32707	60539	59417	65029	52789	35031	15258	68037	48078	59088	30304	71109	17504	20808	70824	26878	70154	22493	29375	46694	33145	77491	52025	36181	70007	0	28629	74251	75562	11900	64506	64928	13996	45186	23497	30112	52092	18026	59440	45149	16295	33187	
15548	40624	17056	13056	50072	84839	27561	39990	15242	23240	32476	7100	95731	82488	72916	11489	32045	14357	77424	17500	52264	23323	41802	17696	71507	26825	54862	44050	43723	74021	40861	58180	8641	28388	13340	17249	29531	16895	15580	86454	38506	29998	10804	23257	56282	36594	35473	41085	76364	58607	14357	44092	51832	35144	28073	47164	13896	25313	46880	5285	46209	8193	5440	20736	3662	53546	28081	50951	46063	28629	0	51212	52524	21326	88861	41890	25593	60025	40819	26978	31058	19268	83795	69504	25354	17831	
61170	86246	35392	64315	26294	115948	73183	23827	52946	41888	27270	52722	141353	128110	118537	57110	77667	59978	123046	66670	58087	68944	7909	63318	117129	21369	76926	18056	11910	119643	86482	103802	59147	22146	63714	55807	33293	67401	61202	132076	14897	75620	54156	34353	101904	17569	14652	15583	121986	104228	59978	17597	95354	14689	38168	8592	49145	70935	8532	50907	16005	55166	45731	31640	50875	10688	25065	43147	6046	74251	51212	0	6466	59290	134332	11554	71065	105497	86290	72449	23136	64739	129266	114975	51227	32503	
62481	87557	38029	65626	17832	117259	74494	25138	54258	43199	28581	54033	142664	129421	119849	58422	78978	61290	124357	67982	59398	70256	13217	64629	118441	22680	78237	14362	7644	120955	87794	105113	60459	24368	63068	57118	35930	68713	62513	133387	16208	76931	55468	36991	103215	18880	17289	20892	123298	105540	61290	13661	96665	16911	39479	13901	50456	72247	4556	52219	12069	56477	47042	34278	52186	6751	26377	44459	7357	75562	52524	6466	0	59454	134495	12879	71228	105660	86453	72613	26356	64902	129430	115139	51390	35015	
17254	23895	34378	23784	52481	74484	34721	38427	6170	22383	31850	18688	85938	72695	63122	16579	47371	14345	67630	23216	30993	25490	50287	24545	61714	35310	35462	52330	52003	64228	56187	48387	26104	36873	30803	3999	53980	31533	17286	76661	45711	21781	10444	44583	46489	44875	43958	49570	66571	48813	14345	52373	65058	43629	21449	55649	9972	37787	55160	15963	54490	19313	21217	35549	24987	61827	36361	35248	54343	11900	21326	59290	59454	0	78421	49794	24734	59100	36558	29167	44548	21456	73355	59064	7443	25644	
73884	58678	102391	84692	106649	5921	69507	94868	80437	95243	93758	83664	21907	8324	17709	77487	82157	74635	12048	80250	63400	83571	125124	71601	19770	110147	44546	127372	127045	15171	90973	43974	87012	111710	91711	77362	118392	94607	73714	4892	107618	59458	83807	112118	39829	105466	118795	124407	15672	31348	74635	127414	99844	118466	87157	130486	84025	72574	130202	86256	129531	81870	88752	106071	92522	136868	111403	75570	129385	64506	88861	134332	134495	78421	0	124404	64590	64631	51360	81967	119250	78740	4157	23075	72739	100345	
51847	76924	27567	54993	21744	105325	63860	14505	43624	32565	17948	43400	132031	118788	109215	47788	68344	50656	113723	57348	47464	59622	14630	53996	107807	10790	66303	15722	9200	110321	77160	94480	49825	12034	52435	46485	34631	58079	51879	122754	5348	66298	44834	35692	92582	8246	15990	21603	112664	94906	50656	15764	86031	15612	28846	18990	39822	61613	10146	41585	17882	45844	36409	23815	41552	16812	15743	33825	6607	64928	41890	11554	12879	49794	124404	0	61713	96145	76938	63098	23728	55387	119915	105624	41875	25499	
