//--------------------------------------------------------------------------------------------------------------------
//-- données sur l'ILLE_ET_VILAINE récupérées par le géocodeur (matrice symétrique)
//-- 
//-- C. Duhamel, P. Lacomme C. Prodhon - juillet 2009 : 3500 kg à collecter, flotte de capa 4650
//--------------------------------------------------------------------------------------------------------------------
167 6 999999 0 0 0
5 30 35 0.8
10 50 50 1.2
10 50 80 1
10 100 70 3.5
10 100 80 2.2
5 300 130 4.2
0   // la ville qui represente le depot
0	20542	56607	38017	75273	47136	79692	34597	40310	45852	45334	44697	50500	16029	54545	59489	39003	28456	37476	8225	36696	28865	84449	9116	35781	14496	22538	14629	12821	13418	54184	28981	18360	34824	36668	50707	29643	35540	83693	32730	65301	20797	35589	11195	56879	38816	52815	14574	32242	40106	67325	29167	13803	35798	57630	37148	44440	28109	58460	35308	80925	50781	44529	25534	44472	29223	8141	22049	52812	32326	80682	74933	37016	25821	81301	32120	48264	71102	78253	42884	27128	33414	41608	38133	6833	26554	27471	56979	47697	45487	54608	52743	62204	21793	54964	65183	81804	50205	45604	18574	26494	26106	34500	16553	23914	8445	32169	27829	62001	49428	57945	21756	46287	56487	53757	67250	53360	34234	83602	25947	52297	79877	22761	41471	34240	37731	74570	20324	16975	17592	87084	44149	84102	18993	45378	27337	40504	62720	43736	31529	16949	22960	75809	86252	42195	79658	46069	22738	60731	77759	71794	58291	47610	11759	43392	73795	32835	7132	70765	40795	7523	39137	43074	21666	19810	21954	31951	33213	
20542	0	81333	31114	91159	28518	67613	16847	35229	51683	70061	69423	60891	33412	64936	75374	25061	10744	35729	17486	47087	27102	100334	22476	13174	18495	21516	39750	19106	7199	42199	27767	36516	45215	19219	66593	7159	19365	99579	60479	81187	13904	22758	12411	80525	33734	33731	39300	25735	64833	77716	45053	40442	34036	43704	31496	37649	54345	41447	51194	96811	61172	54920	8085	54733	39614	24687	37934	77539	42716	96567	90818	23852	41706	97186	20090	72990	57176	94138	37810	32958	15481	47439	62859	27165	51281	14307	81706	50901	27554	52846	63134	78090	39948	37951	81069	97689	60596	55994	34460	49144	48857	32863	8799	18403	13007	15174	38220	67832	74154	46659	5960	30141	81214	59588	83136	69246	44625	99487	16731	32688	67797	24721	23538	58966	48122	90456	10038	41038	42318	102970	68875	99988	18292	61264	13827	65231	87447	68463	41919	32835	28791	91695	102138	37114	95544	70795	45590	71122	93645	87680	74176	33668	32091	49222	61716	57562	18670	58421	46626	24470	55022	67801	38066	15185	33404	47837	28132	
56607	81333	0	70359	29015	100195	112487	93513	49230	74526	11671	34132	81184	37538	85229	27139	92063	81516	66150	67810	67380	61660	51616	44948	88840	67556	58354	32439	47867	73650	43619	61445	32587	65508	103337	23758	82703	88600	60502	26398	23736	78816	67355	74242	20404	63948	105875	26474	60783	28531	98008	50983	29157	68593	110690	90207	77234	32917	90353	37180	37492	81465	51127	85765	33908	59907	40243	47343	42248	63009	37248	41899	105487	42427	58110	85180	29104	124161	54765	75226	59002	96738	70281	25716	49383	35885	90636	32740	37132	108812	87403	55705	29918	37084	108024	43323	26808	80889	76287	47060	36934	28759	63173	76784	76974	68676	85229	51820	90675	24741	90740	81987	99347	15769	82430	40596	35278	64918	60114	79006	111213	112672	47424	104795	27198	50739	35825	78084	27651	52533	63894	11282	51291	77908	36190	80396	16776	23014	23532	62212	44174	55755	52619	63062	52087	56468	13571	33179	91415	46806	48604	36519	100670	37371	72065	106590	18340	70812	103560	69469	55000	36418	6419	42204	72870	52637	39662	59582	
38017	31114	70359	0	107657	74480	107037	21885	21241	73197	64127	45137	82405	49910	86450	91873	66348	55801	64821	30159	68601	56210	116833	38974	63126	41841	49882	56249	27468	34821	28211	56326	53014	66729	39621	83091	42332	62885	116077	76977	97685	23181	12959	38096	97023	13363	80160	55798	8159	42860	99230	61551	56940	63143	84975	64493	71784	70843	85805	67692	113309	82687	76434	36176	40744	61128	35657	54433	44501	64231	113066	107317	20279	58205	113685	59465	51245	98446	110637	10103	54472	35973	68953	45733	43895	29929	19008	59960	36913	35198	81953	84648	94588	56447	82309	97567	114188	82110	77509	50958	65642	65356	61845	42371	51259	34263	59514	59734	89346	56800	85289	26085	73632	75279	81102	99634	85744	66139	115986	53292	26005	107221	50106	32290	47178	69636	106954	46142	57536	58817	119468	85374	116486	19526	77762	54682	55288	65484	53332	63434	49333	50305	108193	118636	21700	112042	87293	62088	92636	110143	104178	90675	74955	48821	70737	101140	51628	29641	98110	68140	40969	71521	61867	24078	47155	54919	64335	12105	
75273	91159	29015	107657	0	100134	126549	104559	76813	88587	27059	61715	64367	59751	65017	8851	92001	84616	80211	78856	66587	75721	27973	72178	88779	75515	72416	47859	86329	84696	71202	75506	46336	79569	107769	18833	87135	88538	32789	27828	6139	89862	105551	81704	10238	108778	105813	48607	102204	56113	76949	53008	51290	82655	110628	85573	91296	33865	104415	33292	13849	69149	49562	93807	61490	73968	87875	56352	69830	77070	13605	18256	116533	51785	30397	85118	62246	115054	27051	112846	73063	101170	84343	53298	77110	58018	101682	59600	64715	113244	101465	54139	15389	56727	107962	15098	9496	60677	68345	59690	50005	34032	77235	83173	76912	79722	85167	64450	86419	57883	104801	93033	99285	20542	96492	8770	19348	60951	32400	78945	122259	126733	64161	109227	65154	43503	6907	82517	42471	85304	36181	39412	27647	88955	31590	80335	44359	49873	51115	76273	59839	69817	24905	35349	79670	28754	41153	38490	65866	23163	20891	14705	96023	67596	86127	120651	37446	81858	117621	83530	71217	31155	34002	64337	77302	66699	49098	103175	
47136	28518	100195	74480	100134	0	44246	44138	80436	39787	86499	91974	70660	50216	74705	85863	18316	24354	44818	49020	56856	30519	110822	42748	21493	38917	30605	62302	56493	33831	87405	36856	57301	47034	26860	77081	28279	16905	110067	70967	91675	43215	50049	45107	91013	78941	8876	61851	72367	87384	87485	55541	62993	34085	16379	26738	21758	64833	18080	61682	107299	70941	64689	24024	91750	49383	58038	48422	100090	52485	107055	101306	46332	52194	107674	24076	95541	29851	104626	83009	42727	32307	49513	85410	56675	73832	41598	104257	94975	30311	30422	72903	88578	55091	14584	91557	108177	70365	65763	44948	59632	69642	41952	35431	31100	49885	24639	47989	69906	96705	23293	33251	9790	98159	61662	93624	79734	54394	109975	24850	42970	44430	37042	40364	81517	57891	100944	33820	61823	64870	113458	91426	110476	59118	71752	29820	87782	109998	91014	51688	45807	36815	102183	112626	82320	106032	93346	67493	80891	104133	98168	84664	17626	60854	51297	38349	74000	52021	35055	48700	47022	65510	84239	69883	35308	43173	58325	73338	
79692	67613	112487	107037	126549	44246	0	81031	108211	45786	109910	118202	71248	73627	61307	109274	46805	60481	55910	76795	68812	51667	134234	70523	55493	66693	57497	82611	84268	74487	115180	54557	80712	63760	63753	100492	64495	50905	133478	94379	115086	87800	103489	72882	114424	106716	50433	88079	100142	113612	55242	78952	89221	47525	34271	43269	35421	88244	29720	85093	130710	52384	80444	60917	117978	64779	85813	71834	126318	65914	130467	124718	85093	75606	131086	52091	121769	23670	128038	110784	61380	69200	55516	111638	82903	100060	78491	130485	121202	72685	25691	69796	111989	78503	33308	114968	131589	64117	56088	68360	83043	93054	60007	70116	61277	77660	58639	71400	42940	122933	18396	70144	41374	121571	39853	117036	103145	77805	133387	58850	86407	8630	62604	77257	107745	81302	124355	69550	85234	91097	136870	117654	133888	86893	95163	63820	114010	136226	117242	75100	69219	58001	125594	136038	110096	129443	119574	90904	62911	127544	121579	108076	40748	87082	53699	6484	97411	79796	11489	61134	77010	88922	107650	106379	65484	65586	81736	101113	
34597	16847	93513	21885	104559	44138	81031	0	25411	70715	84077	49307	79923	47428	83968	89391	38376	33434	62339	27676	66119	53727	114350	36492	33396	28130	47400	53766	18099	17763	32381	53844	50532	64247	21204	80609	27381	32680	113595	74495	95203	12243	6198	22046	94541	23916	48038	53316	14633	47030	96748	59069	54458	60661	55083	44812	69302	68361	55754	65210	110827	80204	73952	21225	44915	58646	33175	51950	48671	61749	110583	104835	9903	55722	111202	56983	55415	68554	108155	23988	51990	17239	66471	49903	41413	34099	6476	64130	41083	23785	79471	82166	92106	53965	52258	95085	111705	79628	75026	48476	63160	62873	59362	21852	31960	22643	37865	57252	86864	60970	60967	11134	44449	95230	78620	97152	83262	63657	113503	50810	17345	82104	47624	18062	51348	67154	104472	23517	55054	56335	116986	82891	114004	15576	75280	31300	79247	101463	57502	60951	46851	47823	105711	116154	27296	109560	84811	59606	90154	107661	101696	88192	46983	46339	68255	76023	71578	27158	72729	65658	38487	69039	81817	28248	25945	52437	61853	18313	
40310	35229	49230	21241	76813	80436	108211	25411	0	76875	54576	23896	86083	53588	90128	72995	70026	59479	68499	33837	72279	59887	105820	42652	52021	45519	53560	38162	24706	36389	6969	60004	56692	70407	52202	60749	46006	66563	119755	56635	87428	26855	23287	41774	67887	14718	83838	34747	16715	21618	102908	65229	30847	66821	88653	68170	75462	57830	89483	71370	91696	86364	80112	39850	19503	64806	24915	58111	23260	67909	91452	96103	31373	61882	117362	63143	30003	102124	108968	25997	58150	45603	72631	24492	31107	21554	22682	38719	15672	46291	85631	88326	67464	60125	85987	101245	86191	85788	81187	54636	69320	53672	65523	46049	54937	37941	63192	63412	93024	35559	88967	29760	77310	70131	84780	94800	89422	69817	114317	56970	37099	110899	53784	43383	25937	73314	90029	49820	40732	56986	123146	38513	105494	19489	81440	58360	34047	44243	32091	67112	53011	53983	111871	122314	7453	115720	40433	46495	96314	101009	107856	94352	78633	58015	74415	104818	43253	25394	101788	71818	44647	75199	46005	15703	50833	58597	68013	10352	
45852	51683	74526	73197	88587	39787	45786	70715	76875	0	73047	81339	41957	36764	30844	72411	21743	35485	9755	45794	23655	18457	97371	39522	30497	35692	24287	45748	53267	41277	90826	18492	43849	18603	49440	63629	40958	25909	96615	57516	78223	56799	72488	41881	77561	75715	43529	51216	69141	76749	34856	42089	52358	9524	48344	13344	13198	51381	21463	48230	93847	21921	35287	41211	81115	19622	54812	31025	89455	20757	93604	87855	65658	38743	94223	19742	84906	34392	91175	79783	22662	54994	10412	74775	46040	63197	68619	93622	84339	67067	16195	44199	75126	41640	26998	78105	94726	33654	18764	31497	46180	56191	14850	36906	28067	46659	24870	26579	22553	86070	26571	47119	27667	84708	13497	80173	66282	29836	96524	30236	72201	46071	27501	63051	70882	33282	87492	36340	48371	54234	100007	80791	97025	55892	58300	31626	77147	99363	80379	23717	32356	24791	88731	99175	79094	92580	82711	54041	42525	90681	84717	71213	20262	50219	5935	39990	60548	48795	38107	12736	40147	52059	70787	69516	32274	25374	44874	70112	
45334	70061	11671	64127	27059	86499	109910	84077	54576	73047	0	39755	59539	36368	60189	21869	82600	72053	64979	58348	66209	60489	45299	43777	79378	58093	57184	31268	46697	64187	49242	60274	31416	64337	93875	17365	73240	79137	54185	20005	21750	69353	66184	64780	18417	60245	96412	25303	59613	34154	72969	37778	27986	67423	101227	70341	76064	23519	89183	27782	31174	64321	44734	76303	39531	58736	39072	48422	47871	61838	30931	35582	74270	43855	51793	75717	40650	99822	48447	70237	57831	87276	69111	31339	39921	34714	81174	45149	42755	99349	86232	49312	23525	35913	98561	34978	24821	55849	75116	45889	29353	19361	62003	67322	67511	59213	75766	50649	89504	34846	89569	72525	89884	13782	81260	34278	28885	63747	53796	69544	79996	111501	46253	95333	32821	42373	29508	68622	26481	36404	57576	17453	44973	53053	29797	70934	22399	35423	29155	61041	43004	54585	46301	56744	57710	50150	17516	23819	63484	40488	42286	30126	91207	36200	70895	105419	14143	45563	102389	68298	45537	30025	10447	41033	63407	51467	30264	55415	
44697	69423	34132	45137	61715	91974	118202	49307	23896	81339	39755	0	87805	49493	91850	57812	81332	70785	72771	57080	74001	68281	90637	50401	78110	56825	64867	44280	45545	62919	18005	68066	48011	72129	75818	58108	71972	77869	99523	53995	72245	50471	46903	63512	52704	38334	95144	38706	40332	5060	104630	66471	31905	75214	99959	79477	83856	55189	100790	72612	76512	88086	81833	75035	8294	66528	37920	59353	6863	69630	76269	80920	54989	63125	97131	74449	12406	113431	93785	49613	65623	69219	76902	9309	38653	33563	46298	21121	12318	69907	94024	90048	64823	51444	97294	82344	71008	87510	82908	55879	55920	51031	69794	66054	66244	57946	74499	65133	97296	13854	97361	53376	88616	54948	89052	79617	90664	71539	99134	68276	60715	119293	59233	66999	10754	75036	74846	67354	45002	41803	102915	23330	90311	43105	82682	69666	18864	26074	16908	68833	54254	62376	91639	102083	26473	95488	25250	50766	98036	85826	87624	95595	89940	42832	78686	113211	40612	60082	110181	76090	44269	76441	30822	27509	62139	59259	69256	33969	
50500	60891	81184	82405	64367	70660	71248	79923	86083	41957	59539	87805	0	30178	14645	44341	48303	40917	20957	41918	11012	32022	66305	34522	45080	31816	28717	39162	49391	42606	84240	26019	37264	15956	64071	35559	43436	44840	65549	34212	50153	52924	68613	38006	49491	71840	62115	44630	65266	70163	35023	17764	45772	28436	66930	41874	47597	44795	60716	41644	62781	14693	7439	50108	74529	17863	50937	21256	82869	13268	62538	56789	79595	22752	63157	41420	78320	71356	60109	75908	19862	57472	18363	68189	39454	56611	64744	87036	77754	69545	47835	20441	44060	35054	64264	47039	63660	17903	12769	19885	39594	49605	22018	39474	33214	42784	41469	14723	28359	79484	61102	49776	55587	77403	30246	49107	35216	5556	64613	35246	85321	83034	22915	65529	64296	8370	56426	38818	41786	47649	68941	74205	65959	52017	27234	36636	70561	92777	73793	12470	22580	26118	57665	68109	75219	61514	76125	47456	28429	59615	53650	40147	52324	43633	26877	76953	53963	44920	69072	14432	33561	23869	64201	62930	33603	18386	38288	66237	
16029	33412	37538	49910	59751	50216	73627	47428	53588	36764	36368	49493	30178	0	47888	44760	40600	33214	28810	21170	24921	24319	69720	11302	37377	20916	21014	9714	28643	27010	59310	24105	6727	23049	56368	35979	35733	37137	68965	22718	50573	32176	47865	27603	49911	51092	54412	17422	44518	45233	60668	13943	20842	31253	59227	34171	39894	16364	53013	20580	66197	44125	26630	39125	49599	17448	18232	10303	57939	20550	65953	60204	58847	10596	66572	33717	53390	63653	63524	55160	16543	49769	32941	43259	14524	31681	43996	62106	52823	61842	50063	43350	47476	7955	56561	50455	67075	43548	38947	7260	10793	19320	21808	30144	25511	22036	33766	12020	53334	54554	53399	35347	47884	47329	45090	52522	38631	24452	68873	27543	64573	75331	9950	57826	39366	21328	59841	31115	11501	22718	72356	49275	69374	31269	30650	28933	45631	67847	48863	24872	4374	18415	61081	71524	54471	64930	35888	15262	54074	63031	57066	43562	44621	9207	34725	69250	23678	24172	66220	32129	6324	24408	33917	38000	25900	15297	17223	45489	
54545	64936	85229	86450	65017	74705	61307	83968	90128	30844	60189	91850	14645	47888	0	52363	65112	57726	25967	58728	16022	37843	74327	51331	61890	48626	45526	55972	66201	59415	101050	31501	54073	21397	80880	43582	60246	61649	63787	42234	58176	69733	85423	54815	57513	88649	78924	61440	82076	86973	19759	34573	62581	33447	83739	41368	47091	42223	53418	36748	70803	11006	24249	66918	91338	23714	67746	38065	99678	21568	70560	64811	96405	39562	71179	58229	95130	66348	58041	92717	36671	74281	20479	84999	56263	73421	81554	103845	94563	86355	38691	15374	52083	51864	81073	55062	71682	6871	14559	36695	56404	46094	27859	56284	50023	59593	58278	31532	21733	96294	50517	66585	72396	85425	23941	57129	43238	22365	57897	52056	102130	66598	39724	82338	81106	19756	64448	55627	58595	64458	65699	91015	73981	68826	35256	53446	87370	109587	90602	20973	39390	42927	65687	64867	92029	69537	92935	45937	11091	67637	61673	48169	51818	60442	22408	71945	70772	61730	55769	19442	50371	31892	81011	79739	50412	35196	55097	83046	
59489	75374	27139	91873	8851	85863	109274	89391	72995	72411	21869	57812	44341	44760	52363	0	76222	68836	64432	63077	53910	59942	31857	56398	73000	59736	56636	38880	70550	68917	69247	59727	37357	63790	91990	9854	71356	72759	34569	18849	8328	74082	89772	65925	7666	92998	90034	39627	86425	54158	65120	37229	42310	66875	94849	69794	75516	24886	88635	24312	17732	56472	36885	78028	59535	58189	53396	40573	67875	61291	17489	22140	100754	36006	32177	69339	60654	99275	34986	97067	57284	85391	68563	51343	61330	49039	85903	60568	62760	97465	85685	41462	8084	40947	92183	13843	13335	48000	55668	43911	34226	25052	61455	67394	61133	63943	69388	48671	74590	54851	89022	77254	83506	17970	80712	11923	15259	41696	40335	63166	106480	110954	48382	93448	52826	34524	12408	66737	33492	69525	37961	37457	31531	73175	17392	64556	42404	50842	49160	60494	44060	54037	26685	37129	77715	30534	35870	29511	55634	27046	22671	10760	80243	44075	70347	104872	28467	66079	101842	67751	55438	22176	28801	55358	61522	50920	33318	87395	
39003	25061	92063	66348	92001	18316	46805	38376	70026	21743	82600	81332	48303	40600	65112	76222	0	16125	24554	40250	48087	14341	102053	33979	11137	30148	21835	53532	47723	29138	78636	28086	48531	38265	30080	68311	20139	6549	101297	62198	82905	51256	66945	36337	82243	70171	19401	53082	63598	78615	78715	46771	54223	16134	26489	8787	14939	56063	19449	52912	98529	62172	55919	21851	82980	40614	49268	39653	91320	43716	98286	92537	45495	43425	98905	7323	86772	38698	95857	74240	33958	30134	40743	76641	47905	65063	35950	95487	86205	42208	30981	64134	79808	46322	18433	82787	99408	61596	56994	36179	50862	60873	33182	31170	22331	41116	15870	39219	41448	87936	28445	27603	7588	89390	32391	84855	70964	45625	101206	16080	47341	50376	28273	38191	72748	49122	92174	22752	53053	56100	104689	82657	101707	50348	62982	21051	79012	101229	82244	42919	37038	28046	93413	103857	73551	97262	84577	58723	72121	95363	89399	75895	10958	52084	42527	44295	65230	43252	41265	39931	38252	56741	75469	61113	26538	34404	49556	64568	
28456	10744	81516	55801	84616	24354	60481	33434	59479	35485	72053	70785	40917	33214	57726	68836	16125	0	27519	27923	40441	13029	94408	21651	5151	14900	13306	41205	35396	14851	66308	19557	37970	29736	25482	60666	6935	10422	93652	54552	75260	22851	38713	16645	74598	57844	29946	40754	51270	66287	71070	39126	41896	25826	34761	16064	28706	48418	35592	45267	90884	54527	48274	13607	70653	32968	36941	32008	78993	36071	90641	84892	36864	35780	91260	11036	74444	48233	88212	61912	26312	20971	32214	64313	35578	52735	30262	83160	73878	33044	44747	56488	72163	38677	32095	75142	91763	53950	49349	28533	43217	50311	24653	9320	13947	18142	6961	31574	52608	75608	40804	21915	23418	82668	44363	77209	63319	37979	93561	8518	38178	61942	19236	29028	60420	41476	84529	5775	42492	43773	97043	70329	94061	38021	55337	6082	66685	88901	69917	35274	29393	19517	85768	96211	61223	89617	72249	47044	64476	87718	81753	68250	24725	39757	33998	55860	59016	30924	52566	31402	25925	49096	69255	48786	9541	26759	41910	52241	
37476	35729	66150	64821	80211	44818	55910	62339	68499	9755	64979	72771	20957	28810	25967	64432	24554	27519	0	35554	15148	10430	88849	29283	32039	25452	16256	37227	43027	33247	82305	8598	35328	10082	53562	55108	32928	31799	88094	48994	69702	46560	62249	31641	69040	65475	49074	42695	58902	68228	40960	33568	43836	6398	53889	16193	21916	42860	35034	39709	85326	21942	26779	39600	72593	11101	44572	22504	80933	12236	85082	79333	57628	30221	85701	18663	76385	45674	82653	69544	14141	46963	8264	66254	37518	54676	58380	85100	75818	59037	27288	35692	66605	33118	38280	69584	86204	33154	14550	22975	37659	47669	6328	28876	20036	36420	28428	18058	28657	77549	35421	39088	34047	76186	20413	71651	57761	21328	88002	22206	64171	57353	18979	55020	62361	24775	78971	28309	39850	45713	91485	72270	88503	45652	49779	23595	68625	90842	71857	20099	23834	16760	80210	90653	68855	84059	74190	45520	43680	82160	76195	62691	26642	41697	7029	51271	52027	38556	48241	7470	31626	43537	62266	60994	24244	16853	36352	59872	
8225	17486	67810	30159	78856	49020	76795	27676	33837	45794	58348	57080	41918	21170	58728	63077	40250	27923	35554	0	41063	28671	89295	11436	35588	14303	22344	28711	9143	11699	40056	28788	25476	39191	34948	55553	29450	35347	88539	49439	70147	12676	28365	9232	69485	31592	52622	28260	25018	53793	71692	34013	29402	35605	57437	36954	44246	43305	58267	40154	85771	55148	48896	23814	58159	33590	9645	26895	66499	36693	85527	79779	39347	30666	86146	31927	61950	70908	83099	35660	26934	31694	41415	51819	13941	23978	24496	70666	48758	43768	54415	57110	67050	28909	54771	70029	86650	54572	49971	23420	38104	37817	34307	14833	23721	6725	31976	32196	61808	63114	57751	16709	46094	70174	53564	72096	58206	38601	88447	25754	45073	79683	22568	39751	47926	42098	79416	18604	29998	31279	91930	57835	88948	11769	50224	27144	54191	76407	57423	35896	21795	22767	80655	91098	34971	84504	59755	34347	65098	82605	76640	63136	47417	18867	43199	73602	46522	3629	70572	40602	13431	43983	56761	22534	19617	27381	36797	25989	
36696	47087	67380	68601	66587	56856	68812	66119	72279	23655	66209	74001	11012	24921	16022	53910	48087	40441	15148	41063	0	27053	75893	40908	51466	38202	27726	45548	55777	48992	90626	20711	43650	8622	65032	45147	44397	51226	75137	35360	59741	59310	74999	44392	59079	78226	68501	51016	71652	76549	40522	24150	52158	22656	73316	30578	36300	40560	49419	27520	72369	14101	17028	51070	80915	8757	57323	19940	89255	6611	72126	66377	85981	27922	72745	47806	84706	60059	70256	82294	14655	58433	12583	74575	45840	62997	71130	93422	84140	70506	42055	25941	53648	30819	52664	56627	73248	23403	6989	18570	35359	45359	13054	45860	31506	49170	47855	21109	27675	85870	49805	56162	61973	86991	24466	58695	44804	11577	70113	41632	91707	74121	29301	66490	70682	15023	66014	39779	48172	54035	78529	80591	75547	58403	36822	43022	76947	99163	80179	6017	21265	26713	67253	77697	81605	71102	82511	43220	33928	69203	63239	49735	41027	50019	21097	65656	60349	51306	63292	8651	39947	33458	70587	69316	39989	13475	34052	72623	
28865	27102	61660	56210	75721	30519	51667	53727	59887	18457	60489	68281	32022	24319	37843	59942	14341	13029	10430	28671	27053	0	84567	22982	15546	19151	5470	32945	36727	24462	67639	7319	31046	17498	44777	50826	24143	17104	83812	44712	65420	32623	55948	25341	64758	59175	34379	38413	52601	63946	61230	29286	39554	8704	39194	11623	17346	38578	30465	35427	81044	33655	38434	30815	68311	17712	38272	22167	76651	20814	80800	75051	48843	25939	81419	8616	72103	41104	78371	63243	11548	38178	19976	61972	33236	50394	39298	80818	71536	50252	27514	46648	62323	28836	33710	65302	81922	44110	26244	18693	33377	43387	12415	20091	11252	30119	10855	17773	40370	73267	30851	30303	27851	71904	32125	67369	53479	28139	83720	4962	55386	52783	12938	46235	58079	31636	74689	19524	35568	41431	87203	67988	84221	39352	45497	8898	64343	86560	67575	23333	19552	8334	75928	86371	62554	79777	69908	41238	54636	77878	71913	58409	22073	37415	21760	46701	47745	32255	43671	19164	27344	39255	57984	56712	15459	15753	32070	53572	
84449	100334	51616	116833	27973	110822	134234	114350	105820	97371	45299	90637	66305	69720	74327	31857	102053	94408	88849	89295	75893	84567	0	81236	97838	84574	81475	78025	95388	93755	97931	84565	73369	88628	116828	46059	96194	97597	21770	57260	25720	98921	114610	90763	32664	117836	114872	91345	111263	82843	80773	62067	92486	91713	119687	94632	100355	57246	113474	51771	15115	78207	58621	102866	88220	83027	96933	65411	96559	86129	16187	11737	125592	60844	19378	94177	78555	124113	23763	121905	82122	110229	93401	80027	86168	103326	110741	75909	91444	122303	110523	63198	40967	65785	117021	22734	21517	69736	77403	68749	59064	61116	86293	92232	85971	88781	94226	73509	90243	74192	113860	102092	108344	39993	105551	25529	38064	70009	24593	88004	131318	135792	73220	118286	81463	59654	22757	91575	69787	94363	25162	59442	4971	98013	40649	89394	64388	66182	77844	85332	68898	78875	15628	24330	121216	13554	61182	67324	69690	7495	15393	31752	105081	76654	95185	129710	70568	90917	126680	92589	80276	46917	54031	109645	86360	75758	58156	112233	
9116	22476	44948	38974	72178	42748	70523	36492	42652	39522	43777	50401	34522	11302	51331	56398	33979	21651	29283	11436	40908	22982	81236	0	29233	7948	15989	21018	18556	16923	49469	22433	15120	31978	43730	47860	23095	28992	80846	34085	62454	22089	37778	8873	61792	41004	46267	20568	34431	46101	64479	26320	21709	29250	51082	30600	37891	35612	51912	32461	78079	47935	41682	29767	50466	26377	20101	19202	58806	29479	77835	72086	48760	22974	78454	25572	54258	64553	75406	45073	20579	37131	35060	44127	15391	32549	33909	62973	53691	49204	48060	49897	59358	18553	48416	62337	78957	47359	42757	15728	30411	27462	27952	19133	17366	11949	25621	24982	55453	55422	51397	25260	39739	55471	47209	64404	50513	31388	80755	19399	54486	73329	8755	45188	40234	34885	71723	18477	19642	23586	84238	50143	81256	21181	42532	20789	46498	68715	49730	28682	11439	16412	72963	83406	44384	76812	52063	23991	57885	74912	68948	55444	41062	19570	36844	67247	31819	14085	64217	34247	5722	36290	42058	38868	13262	19108	29105	35401	
35781	13174	88840	63126	88779	21493	55493	33396	52021	30497	79378	78110	45080	37377	61890	73000	11137	5151	32039	35588	51466	15546	97838	29233	0	19214	17197	48894	43085	17314	55851	23448	43893	33627	22090	63673	7551	5521	96659	57560	78267	25549	36410	20959	77605	47387	25045	48444	58960	73977	74077	42133	49585	24999	29860	17652	23804	51425	30690	48274	93891	57534	51281	13860	78342	35976	44630	35015	86682	39078	93648	87899	37504	38787	94267	10681	82134	43331	91219	69602	29320	21642	36105	72003	43267	60425	27959	90849	81567	33715	39846	59495	75170	41684	27194	78149	94770	56958	52356	31541	46224	56235	28544	13506	17693	20840	7914	34581	56498	83298	35902	19612	18517	84752	48254	80217	66326	40986	96568	11442	38849	57040	23635	29698	68110	44483	87536	10084	48415	51462	100051	78019	97069	45710	58344	10318	74374	96591	77606	38281	32400	23408	88775	99219	50767	92624	79939	54085	67483	90725	84760	71257	19823	47446	37889	50959	60592	38614	47665	35293	33614	52103	70831	56475	13855	29766	44917	41784	
14496	18495	67556	41841	75515	38917	66693	28130	45519	35692	58093	56825	31816	20916	48626	59736	30148	14900	25452	14303	38202	19151	84574	7948	19214	0	13124	29198	23389	9406	54301	19568	25963	29971	35639	52068	15004	26127	85054	45954	66662	16784	31909	5973	66000	45837	43402	28747	39263	54280	62472	30528	29889	26385	48217	27734	35026	39820	49047	36669	82286	45928	39676	21521	58646	24370	24934	23409	66986	27472	82042	76293	33003	27181	82661	22707	62437	61688	79613	49905	17714	29040	32194	52306	23571	40728	23458	71153	61871	41114	45195	47890	63565	30078	45551	66544	83164	45352	40750	19935	34619	38304	25086	10471	10990	12074	22756	22976	52588	63601	48531	17743	36874	70661	44343	68611	54720	29381	84962	16533	40445	70463	9477	37097	48413	32878	75931	10386	30485	31766	88445	58322	85463	22507	46739	10330	54678	76894	57910	26675	20794	13547	77170	87613	49216	81019	60242	35037	55878	79120	73155	59651	38197	27750	33978	64382	47009	18917	61352	31382	13918	40497	57248	36779	4975	18160	33312	40234	
22538	21516	58354	49882	72416	30605	57497	47400	53560	24287	57184	64867	28717	21014	45526	56636	21835	13306	16256	22344	27726	5470	81475	15989	17197	13124	0	29673	30543	18278	61455	7703	27774	17882	38594	47554	17959	16830	80539	41440	62147	26440	49765	19157	61485	52991	34105	35141	46418	60673	57958	26013	36282	13972	38920	16891	22613	35305	35732	32154	77772	34039	35162	24631	65039	18096	32088	18895	73379	21198	77528	71779	42659	22667	78147	13410	68831	46372	75099	57059	11931	31995	20360	58699	29964	47121	33114	77546	68264	44068	32782	43376	59051	25564	36254	62030	78650	40838	26628	15421	30104	40115	12799	13907	5068	23936	13459	18461	40753	69994	36119	24120	27577	68632	32509	64097	50206	24867	80448	4571	49202	58050	8824	40052	54807	28364	71416	13341	32296	38159	83931	64716	80949	33168	42225	8627	61071	83287	64303	22161	16280	5527	72656	83099	56371	76505	66635	37966	51364	74605	68641	55137	27340	34143	22144	51969	44473	26072	48939	19548	21072	35983	54712	43933	9275	13646	28798	47388	
14629	39750	32439	56249	47859	62302	82611	53766	38162	45748	31268	44280	39162	9714	55972	38880	53532	41205	37227	28711	45548	32945	78025	21018	48894	29198	29673	0	22159	33191	54300	32867	6699	36929	62879	29623	42244	48141	71535	21369	44769	38357	54046	33784	38059	57273	65416	6460	50699	40223	69430	23706	10955	40015	70231	49749	48656	16748	71061	22157	68767	52886	46634	45307	44589	31328	14805	20067	52929	34431	68523	62774	65028	17118	69142	44721	48380	83702	66094	61341	30423	56280	41703	38249	8224	26671	50177	57096	47814	68353	58825	54848	34483	11584	67565	53025	53793	52310	47709	18482	13298	14745	34595	36326	36515	28217	44770	23242	62096	49544	62161	41528	58888	42755	53852	55092	41201	36339	71443	38548	70754	84093	18445	64337	34356	31092	62411	37626	5614	17709	74926	44265	71944	37450	33220	39938	40621	62837	43853	33633	15596	27177	63651	74094	42885	67500	46185	11378	62836	65601	59636	46132	60211	3298	43487	78012	19103	21384	74982	40890	12021	26978	29342	32990	32411	24059	20601	51670	
12821	19106	47867	27468	86329	56493	84268	18099	24706	53267	46697	45545	49391	28643	66201	70550	47723	35396	43027	9143	55777	36727	95388	18556	43085	23389	30543	22159	0	14557	31466	36062	32750	46465	38326	62827	36724	42621	95813	40496	77421	8119	25782	17832	58264	26042	59896	20995	22436	41586	78966	41287	21142	42879	64711	44229	51520	35875	65541	47428	93045	62423	56170	31088	32861	40864	7603	34169	47756	43967	92802	87053	36765	37941	93421	39201	49743	78182	90373	33077	34208	31728	48689	39612	15116	15366	12703	58458	40168	51683	61689	64384	74324	36183	62045	77303	93924	61847	57245	30695	45378	33872	41581	22107	30995	13999	39250	39470	69082	50907	65026	16033	53368	57872	60838	79370	65480	45875	95722	33028	42490	86958	29842	33029	35719	49372	86690	25879	24741	24092	99204	45628	96223	7240	57498	34418	41983	64200	45215	43170	29069	30041	87929	98372	29289	91778	34355	30504	72372	89879	83914	70411	54691	21434	50473	80876	34220	5689	77846	47876	20705	51257	44459	14805	26891	34655	44071	21677	
13418	7199	73650	34821	84696	33831	74487	17763	36389	41277	64187	62919	42606	27010	59415	68917	29138	14851	33247	11699	48992	24462	93755	16923	17314	9406	18278	33191	14557	0	43036	25035	30986	39685	23325	61063	11265	23471	94049	54949	75657	9000	23595	6881	74995	34571	37837	33770	26572	59303	72186	39523	34911	31304	52320	31838	39945	48815	45553	45664	91281	55642	49390	12191	63669	34084	15970	32404	72008	37186	91037	85288	24689	36176	91656	26810	67460	65791	88608	41025	27428	20071	41909	57329	21635	45751	15144	76175	66893	32144	50114	57604	72560	34418	42057	75539	92159	55066	50464	28930	43614	43327	34800	5562	15670	7477	19280	32690	62302	68624	53450	8167	40977	75683	54058	77606	63715	39095	93957	20637	32131	75382	19191	28128	53436	42592	84926	8981	35508	36788	97440	63345	94458	14723	55734	15011	59701	81917	62933	36389	27305	23261	86165	96608	37951	90014	65265	40059	65592	88115	82150	68646	37774	26561	43692	69301	52032	9954	66271	41096	18940	49492	62271	27420	9655	27874	42307	28968	
54184	42199	43619	28211	71202	87405	115180	32381	6969	90826	49242	18005	84240	59310	101050	69247	78636	66308	82305	40056	90626	67639	97931	49469	55851	54301	61455	54300	31466	43036	0	77635	57580	81698	60827	67677	54631	75188	109092	63564	81814	35480	31912	50399	62273	23343	92463	48275	25340	16004	114199	76040	26224	75446	97278	76795	84087	64758	98108	82181	86081	97655	91402	48475	13889	76097	28257	68922	17646	79199	85838	90489	39998	72694	106700	71768	24389	110749	103354	34621	75192	54228	86472	18878	48222	16931	31307	33105	10058	54916	94256	99617	74392	61013	94612	91913	80577	97079	92477	65448	65489	60600	79363	54674	63562	46566	71817	74702	106865	29945	97592	38384	85935	64517	98621	89186	100233	81108	108703	65595	45723	119524	68802	52008	20323	84605	84415	58445	54572	51372	112484	32899	99880	28114	92252	66984	28433	38629	26477	78402	63823	62608	101208	111652	9847	105057	34819	60335	107605	95395	97194	105164	87258	52401	88255	113443	50181	29497	110413	85659	53838	86010	40391	15006	59458	68828	78825	18977	
28981	27767	61445	56326	75506	36856	54557	53844	60004	18492	60274	68066	26019	24105	31501	59727	28086	19557	8598	28788	20711	7319	84565	22433	23448	19568	7703	32867	36062	25035	77635	0	32712	11255	45365	52492	24730	23601	85478	46379	67086	33211	56536	25928	66424	59762	40876	40079	53189	65612	46430	22017	41221	6943	45691	14865	20587	40244	33706	37093	82710	27412	31452	31402	69978	12120	38859	16627	78318	13461	82467	76718	49430	27606	83086	20181	73769	44346	80038	63831	5956	38766	13734	63638	34903	52060	39885	82485	73202	50839	30756	39666	63989	30503	36951	66968	83589	37128	20001	15256	35043	45054	6173	20678	11839	30707	20230	12181	34127	74933	34093	30891	34348	73571	25883	69036	55145	21157	85387	14008	55973	56025	12402	46823	59745	24654	76355	20112	37234	43098	88870	69654	85888	39939	47163	15398	66010	88226	69242	17742	21219	7046	77594	88038	63142	81443	71574	42904	47654	79544	73580	60076	25314	39082	15518	49943	49411	32843	46913	12921	29010	40922	59650	58379	16046	10162	33737	54159	
18360	36516	32587	53014	46336	57301	80712	50532	56692	43849	31416	48011	37264	6727	54073	37357	48531	37970	35328	25476	43650	31046	73369	15120	43893	25963	27774	6699	32750	30986	57580	32712	0	35333	60169	27630	39534	45431	67883	19376	42777	35647	51337	31074	36066	54563	62706	12628	47990	43956	67834	18502	17122	38419	67521	41337	47060	14206	60179	19615	65115	51291	31189	42597	48322	29732	20427	14862	56662	32835	64872	59123	62319	12712	65491	42011	52114	70819	62443	58631	28828	53570	40107	41982	12752	30404	47468	60829	51547	65644	57229	42268	32491	7178	64856	49374	53573	50714	46113	16886	9647	12753	32999	33616	33806	25508	42061	21646	60500	53277	60565	38819	56178	42535	52256	51441	37550	29011	67792	35838	68045	82497	14947	61627	38090	25887	58760	34916	6706	21442	71275	33439	68293	34740	29568	37228	44354	66570	47586	32038	11079	25581	59999	70443	57943	63849	31093	8836	61240	61949	55985	42481	57502	7031	41891	76416	18883	27644	73386	39295	12557	23327	29122	36723	29701	22463	13991	48960	
34824	45215	65508	66729	79569	47034	63760	64247	70407	18603	64337	72129	15956	23049	21397	63790	38265	29736	10082	39191	8622	17498	88628	31978	33627	29971	17882	36929	46465	39685	81698	11255	35333	0	55582	50935	34948	33819	83920	44821	65529	49745	65434	34826	64867	68660	51094	41451	62087	66984	44381	19248	42592	15636	55909	23557	29280	38687	42399	35535	81153	19201	21403	41620	71350	6140	47757	18067	79689	3977	80909	75160	76416	26048	81528	30399	75141	53039	78480	72729	8545	48983	10976	65010	36274	53432	61565	83856	74574	61057	37013	29799	62432	28945	45644	65411	82031	27261	12019	16696	33486	43486	6458	30896	22057	39605	30448	13188	34663	76305	42785	46597	44566	72013	26419	67478	53587	15952	83829	24226	66191	69078	19736	57040	61117	19399	74797	30329	38606	44469	87312	71026	84330	48837	45606	25616	67382	89598	70614	6936	19391	17263	76037	86480	72040	79886	72946	41347	37787	77987	72022	58518	34007	40454	16054	58636	50783	41741	58249	7044	30382	39364	61022	59751	26264	11602	32179	63057	
36668	19219	103337	39621	107769	26860	63753	21204	52202	49440	93875	75818	64071	56368	80880	91990	30080	25482	53562	34948	65032	44777	116828	43730	22090	35639	38594	62879	38326	23325	60827	45365	60169	55582	0	82400	21962	24232	115385	76286	96994	32686	24656	30837	96332	46001	19139	62488	37295	73610	92804	60860	63629	43710	37763	36363	42515	70152	38434	67000	112618	76260	70008	13768	71495	54702	41862	53741	75252	57804	112374	106625	21254	57513	112993	31335	96178	51234	109945	41392	48046	8078	62526	86047	45591	60679	31070	104893	67664	11089	50776	78222	93897	60410	34938	96876	113496	75684	71082	50267	64951	72045	50141	27226	35681	31433	29219	53307	82920	97342	43647	22723	27129	104401	74675	98943	85052	59713	115294	34396	21357	64784	40969	10920	82154	63210	106262	27503	64226	65506	118777	92063	115795	36158	77071	31099	88418	110635	91650	57007	51126	43879	107502	117945	53877	111351	93983	68777	86210	109452	103487	89983	32117	50517	59486	58703	80750	35845	55409	61714	47658	70829	90988	54828	31275	48492	63644	44894	
50707	66593	23758	83091	18833	77081	100492	80609	60749	63629	17365	58108	35559	35979	43582	9854	68311	60666	55108	55553	45147	50826	46059	47860	63673	52068	47554	29623	62827	61063	67677	52492	27630	50935	82400	0	62595	63999	44760	9122	16173	65322	81011	57165	15511	84238	81274	30300	77664	48073	56359	28468	32982	58115	86089	61033	66756	15159	79875	15552	25831	47711	28125	69267	57723	49428	44068	31813	66063	52531	25587	36000	91994	27245	42368	60579	54568	90515	39320	88306	48524	76631	59803	45258	52570	39711	77142	58929	60948	88704	76925	32702	7057	32187	83423	18694	21179	39239	46907	35150	25465	15326	52695	58633	52373	55182	60628	39910	65829	48765	80261	68494	74746	21834	71952	20761	12417	32935	44669	54405	97719	102193	39622	84688	47490	25763	24145	57977	23766	60765	48152	31372	45170	64415	13329	55795	36318	49203	43074	51734	35300	45277	36877	47320	65419	40726	31435	19784	46874	38826	32862	13842	71483	34348	61587	96112	19139	57318	93082	58991	46677	13415	24366	46030	52762	42159	24558	78635	
29643	7159	82703	42332	87135	28279	64495	27381	46006	40958	73240	71972	43436	35733	60246	71356	20139	6935	32928	29450	44397	24143	96194	23095	7551	15004	17959	42244	36724	11265	54631	24730	39534	34948	21962	62595	0	14845	93423	54324	75032	20461	36064	16417	74369	57615	32456	40526	51042	66059	70842	38898	41667	29352	39184	20427	37993	48190	40015	45038	90656	54298	48046	10959	70424	32740	36712	31779	78764	35842	90412	84663	34215	35551	91031	15400	74216	52656	87983	61684	26084	18322	35740	64085	35349	52507	27613	82931	73649	30396	48162	56260	71935	38448	36519	74914	91534	53722	49120	28305	42989	50083	28179	8418	13719	15752	10484	31345	56134	75380	45227	19266	27842	82439	47889	76981	63090	37751	93332	18685	35529	66365	19007	26379	60192	41248	84300	5541	42264	43544	96815	70101	93833	37792	55109	9137	66456	88673	69688	35045	29164	21917	85540	95983	60995	89389	72021	46612	64248	87489	81525	68021	29148	39528	42348	60284	58788	30696	56989	34928	25696	48867	69026	48558	9312	26530	41682	52012	
35540	19365	88600	62885	88538	16905	50905	32680	66563	25909	79137	77869	44840	37137	61649	72759	6549	10422	31799	35347	51226	17104	97597	28992	5521	26127	16830	48141	42621	23471	75188	23601	45431	33819	24232	63999	14845	0	96216	57116	77824	33941	38686	31256	77162	65090	20359	48000	58516	73533	73634	41690	49142	20313	25174	12966	19118	50982	26004	47831	93448	57090	50838	16136	77899	35532	44187	34571	86239	38634	93204	87455	39780	38343	93823	7938	81690	38645	90775	69158	28876	24420	35662	71559	42824	59981	30235	90406	81123	36493	35160	59052	74727	41240	22508	77706	94326	56514	51912	31097	45781	55791	28101	20459	17249	36034	10788	34138	56055	82854	31216	21888	13831	84308	47811	79773	65882	40543	96124	10999	41627	52354	23191	32477	67666	44040	87093	17037	47972	51019	99607	77575	96625	45267	57901	15969	73931	96147	77163	37837	31956	22964	88332	98775	68469	92181	79495	53642	67040	90282	84317	70813	15137	47003	37446	46273	60149	38170	42979	34849	33171	51659	70388	56032	21456	29322	44474	59487	
83693	99579	60502	116077	32789	110067	133478	113595	119755	96615	54185	99523	65549	68965	63787	34569	101297	93652	88094	88539	75137	83812	21770	80846	96659	85054	80539	71535	95813	94049	109092	85478	67883	83920	115385	44760	93423	96216	0	57172	32756	98833	114522	90675	41223	117749	114784	91257	111175	89887	67068	61979	92399	91626	119599	94544	100267	57159	113386	51683	25379	69904	58533	102778	95264	82939	96846	65324	103604	86041	20891	16442	125504	60756	2890	94090	85600	124026	8159	121817	82034	110142	93314	87072	86081	103238	110653	82953	98489	122215	110436	48084	40880	65698	116934	22646	33295	57194	77316	68661	58976	61029	86206	92144	85884	88693	94139	73421	76538	81237	113772	102004	108257	47038	105463	25441	37976	69922	5290	87916	131230	135704	73132	118199	88508	59566	26061	91488	69700	94276	5926	66486	18439	97926	40561	89306	71433	73227	84888	85244	68810	78788	11477	3579	121128	10130	68227	67237	55986	14675	16887	31664	104994	76567	95098	129623	70481	90829	126593	92501	80188	46829	61076	109557	86273	75670	58069	112146	
