//--------------------------------------------------------------------------------------------------------------------
//-- données sur les Haut Rhin récupérés par le géocodeur (matrice symétrique)
//-- 
//-- C. Duhamel, P. Lacomme C. Prodhon - juillet 2009 : 22254 kg à collecter, flotte de capa 30000
//--------------------------------------------------------------------------------------------------------------------
124 4 999999 0 0 0
5 500 40 2.2
5 1000 80 3.2
5 1500 180 6.2
5 3000 120 7.2
0   // la ville qui represente le depot
0	69423	65572	21679	23396	31261	39308	21890	33112	70825	82161	31842	70981	33656	45736	22070	34516	15024	44882	15254	24030	5707	25291	66681	11530	53036	14346	19398	57550	43141	19922	48259	48566	13402	78970	41610	77889	23564	23759	25405	15120	55278	24028	7794	6755	13159	69856	64811	70071	31275	7622	27831	65364	39520	74020	25083	26463	75337	79339	16033	81890	49518	28722	96345	20094	31947	43735	78843	38857	17905	19538	38274	74828	67040	55021	62856	87377	71453	39157	56531	21170	32759	41181	18023	83616	23306	19712	80728	23357	26299	47675	30906	40931	85552	29397	102412	56753	100031	27847	26535	20246	41165	82265	49848	33534	29276	81220	60379	30576	66705	31873	41924	28242	31460	68442	14524	31835	59236	71024	71736	35576	62999	26605	28940	12160	
69423	0	19195	49497	52138	48603	57758	66549	50455	7715	17121	40898	29310	55825	48018	69863	37527	59238	38147	55643	56970	67899	47460	12447	67456	34268	62710	57931	13703	41413	57977	70428	50774	68151	12946	34875	21216	56504	55492	77364	57668	16207	75000	75779	74740	64764	16117	14644	11184	75458	68090	50835	5609	31767	7996	63830	46191	29977	9647	61597	15865	40565	87175	31189	53411	64886	33191	31559	61027	61435	58750	44328	20936	27762	27923	50335	21352	14780	56716	23353	58321	40442	40417	53184	19129	49657	58562	10360	54035	68889	30782	46286	63100	22656	73581	34939	22803	32266	51450	59474	62715	40419	25922	32955	42168	47430	31876	19142	52746	15947	47010	37033	50411	75643	30563	93614	46972	11977	24646	18383	57745	22150	45351	43867	66909	
65572	19195	0	48045	50686	38750	47905	56695	40602	15390	26727	39447	10669	54374	26231	60010	36075	49384	36695	58268	64687	70523	46009	11562	70080	15963	52856	48078	13576	31560	48123	68976	22998	58297	26567	33423	22455	64221	45639	67511	60292	15965	65146	69346	77364	54911	9422	4843	14637	65605	58237	40982	12962	30315	21618	53976	46925	15025	25463	51744	29487	39113	77322	40910	51205	72604	28994	37479	59575	51581	48897	34474	26856	9788	18070	60625	34974	16019	46862	24528	48468	36280	30563	55995	28182	50103	48708	25294	44181	59036	29330	36433	61648	30118	63727	46978	9600	44597	41596	67192	52862	38968	34293	31503	40716	45978	33248	4815	51294	15956	45558	30158	48959	65790	12589	83760	45520	12617	4979	23764	56293	27066	42415	49402	57055	
21679	49497	48045	0	3153	27906	35954	43515	29758	50767	66186	12023	53783	11145	42382	46829	14697	20925	25063	7847	9173	20103	5472	50706	19660	46207	18667	34898	37731	30081	34943	25747	45212	24108	59151	21791	61914	8707	32459	54331	9871	35459	51966	27983	26943	20722	53881	48836	54096	52425	18366	24477	45545	19701	54201	40796	23109	58139	59520	28813	62070	29699	64142	80370	13012	17090	23916	59023	16346	13503	18757	34920	55009	49842	35202	43037	67558	55478	35803	36712	15050	16815	28067	7249	67642	16224	23241	56830	26571	45856	27856	20444	18420	69578	50547	86437	38248	78472	24493	11678	39682	21346	62446	30029	13715	10371	61401	42551	8065	46886	12054	22105	6931	52610	51244	34592	12016	39417	55049	51917	13064	43180	11392	17761	22866	
23396	52138	50686	3153	0	30021	38068	45629	31872	53191	68610	14446	56206	8404	44496	48943	17121	21544	27487	9961	11678	22217	5661	53129	21774	48631	19286	37012	40154	32505	37057	23007	47326	24727	61575	24215	64338	6213	34573	56445	11985	37883	54080	30097	29058	21341	56305	51259	56520	54539	20480	26591	47969	22124	56625	42910	25223	60563	61943	29432	64494	32122	66256	82793	13631	14359	26340	53369	13606	18011	19376	37034	57432	52266	37625	26541	69981	57902	37917	39136	15669	19239	30490	9363	70065	16843	23860	59253	28685	47970	30279	22867	15679	72001	52661	88861	40672	80895	26607	8947	41796	23770	64869	32453	16139	7631	63824	44975	5325	49310	14478	24528	4191	54724	53668	36706	14439	41841	57473	54341	10324	45604	13618	20185	23485	
31261	48603	38750	27906	30021	0	13791	22971	1852	44511	55848	31677	44667	33930	20219	26285	18370	14335	29020	24493	30913	36748	25565	40367	36306	26723	19082	14354	34976	7902	14399	48533	23049	17886	58338	25748	51576	30447	11915	33787	26517	31609	31422	40742	43589	21136	43542	38497	43757	31881	24462	7207	45242	23906	53389	20252	7406	49023	57175	18020	61258	33655	43598	70031	17430	38830	22106	63193	39132	17807	15122	12757	52570	40726	30747	52949	66745	45140	12748	41222	12535	11610	14868	22220	57303	11962	14984	54414	10457	25312	32061	6422	41205	59239	30003	76099	30439	73718	7277	33417	19138	27422	60007	34234	16032	29550	58963	34066	30851	44448	31708	19944	28516	32066	42129	50036	31670	35341	44710	49479	35850	43423	14927	9633	17739	
39308	57758	47905	35954	38068	13791	0	30165	15618	54813	66150	39224	27756	41478	8482	33479	30263	21717	40913	32041	38460	44296	33113	50670	43853	20772	26629	21548	45278	13720	21593	56080	11312	25269	68640	37641	61878	37994	18067	40981	34065	41912	38616	43119	51137	28684	53845	48799	54060	39075	32010	14755	55544	24340	63691	18323	20698	34171	67478	25214	71560	45548	50792	80333	24978	46377	21082	73496	46679	25354	22670	6595	62873	23803	20893	70239	77047	55442	6227	51524	22241	20524	15484	29768	67605	23876	17443	64717	13963	32506	43954	19522	48753	69541	37197	86401	40741	84020	15249	40965	26332	29252	70310	46127	27925	37098	69265	32861	38398	54750	39256	18920	36064	39260	25971	57230	39217	45643	31172	59781	43397	53725	26840	23175	25121	
21890	66549	56695	43515	45629	22971	30165	0	25621	62044	73381	46622	62200	48876	37164	4328	37661	21350	48311	39438	45858	28083	40511	57900	33906	44256	34027	12292	52509	34361	15356	63478	39994	23748	75871	45039	69109	45392	17294	9976	41463	49143	7611	25173	29511	36082	61076	56030	61290	11310	39408	22153	62775	43197	70922	7507	28096	66557	74709	14311	78791	52946	19787	87564	32375	53775	39639	80726	54077	32752	30068	29702	70103	58260	48280	77637	84278	62673	24486	58755	29639	34392	32401	37166	74836	31274	20363	71947	15836	4765	51352	27021	56151	76772	9432	93632	47972	91251	22767	48363	5905	46713	77541	53525	35323	44496	76496	51599	45796	61981	46654	37477	43462	11495	59662	20782	46615	52874	62244	67012	50795	60956	34238	30573	29055	
33112	50455	40602	29758	31872	1852	15618	25621	0	46363	57700	33529	46519	35782	22071	28137	20222	16187	27851	26345	32765	38600	27417	42219	38158	28575	20933	16206	36828	8217	16251	50385	24901	19738	60190	24579	53428	32298	13767	35639	28369	33461	33274	42594	45441	22988	45394	40349	45609	33733	26314	9059	47094	20977	55240	22104	9258	50875	59027	19872	63110	32487	45450	71883	19282	40681	17719	65045	40984	19659	16974	14609	54422	42578	32599	51781	68597	46991	14600	43074	14387	11926	16720	24072	59155	13814	16836	56266	12309	27164	30892	6738	43057	61091	31855	77950	32291	75570	9129	35269	20990	25889	61859	33065	17884	31402	60814	35918	32702	46300	33560	15557	30368	33918	43981	51888	33522	37193	46562	51330	37702	45274	16779	11166	19590	
70825	7715	15390	50767	53191	44511	54813	62044	46363	0	12135	41912	21584	56839	43590	65434	38541	54809	39161	63692	57983	75948	48474	5657	75505	29839	58281	53503	14717	36984	53548	71442	46345	63722	15378	35889	14425	57517	51064	72936	65716	21389	70571	74771	82788	60336	9326	12300	4393	71030	63661	46406	6094	32781	10428	59401	52350	23187	15991	57169	18297	41579	82747	32880	56629	65900	34418	32573	62041	57006	54322	39899	21950	23333	23495	51349	23784	7989	52287	24366	53892	41704	35988	61419	14143	55527	54133	8791	49606	64461	31795	41858	64114	17670	69152	29953	18374	30558	47021	60488	58287	41433	33075	33969	43181	48444	28342	14713	53759	11488	48024	35582	51425	71215	26134	89185	47986	12991	20218	18858	58759	23164	47840	54826	62480	
82161	17121	26727	66186	68610	55848	66150	73381	57700	12135	0	54745	30332	69672	53463	75308	51374	64683	51994	73566	79986	85821	61307	15339	85379	39713	68155	63376	35132	46858	63422	84274	56219	73596	22462	48722	7659	79520	60937	82809	75590	31263	80445	84645	92662	70209	16816	23878	13475	80903	73535	56280	15573	45614	19907	69275	62223	28126	25470	67042	27776	54411	92620	15905	66503	87903	44292	42052	74873	66880	64195	49773	31429	33207	33368	75923	33263	9551	62161	39826	63766	51578	45862	71293	10674	65401	64007	10959	59480	74335	44628	51731	76947	7371	79026	21972	28248	26941	56895	82491	68160	54266	42553	46801	56014	61276	37821	24587	66592	20966	60857	45456	64258	81088	36008	99059	60818	22470	30091	28337	71591	42365	57714	64700	72354	
31842	40898	39447	12023	14446	31677	39224	46622	33529	41912	54745	0	44650	18339	31919	49432	3712	23839	15931	18157	19483	30413	9974	41574	29970	37075	21581	37500	28599	20949	37546	32942	34675	27022	50019	12659	52782	19017	35061	56933	20181	26327	54568	38293	37254	23636	44749	39704	44964	55027	26961	27080	36922	10569	45069	43399	22130	49007	50388	31727	52938	20567	66744	71238	15925	27400	14784	56499	23541	20306	21671	26218	45876	40710	26069	33461	58425	46346	38406	27580	17964	8361	18935	15698	58509	19138	26155	47697	29173	48458	18724	15882	25614	60445	53150	77305	29116	69340	27095	21988	42284	10079	53314	20897	4600	9944	52269	33419	15260	37754	9524	12973	12925	55212	42112	44902	5582	30285	45917	42785	20259	34048	7783	19806	25780	
70981	29310	10669	53783	56206	44667	27756	62200	46519	21584	30332	44650	0	59580	20636	70060	41282	59435	41901	68318	60724	80574	51215	16070	80131	11723	62907	58129	28214	30087	58174	74182	17402	68348	36040	38629	24121	60258	55690	77562	70342	26016	75197	79397	87415	64962	13930	14385	18768	75656	68288	51033	26756	35521	31090	64027	56976	4356	35514	61795	38959	44319	87373	41066	61255	68641	39044	47530	64781	61632	58948	25522	36907	4247	18841	65831	44447	21965	32526	34460	58519	34807	26519	66046	33990	60153	58759	31101	54232	69087	34536	34960	66855	40169	73778	47134	17640	52102	51647	63229	62913	44174	44344	36709	45922	51184	43299	13476	56500	26007	50765	40209	54166	75841	5114	93811	50726	28579	6669	33815	61499	37117	40942	37211	67106	
33656	55825	54374	11145	8404	33930	41478	48876	35782	56839	69672	18339	59580	0	47596	52043	20433	26450	30799	17966	18761	30221	10567	56442	29779	51943	24192	40111	43467	45000	40157	16545	50425	29633	64887	27527	67650	13296	37672	59544	19990	41195	57179	38101	37062	26246	59617	54572	59832	57638	29572	29691	51281	25437	59937	46010	28322	63875	65256	34338	67806	35435	69355	86106	18536	14972	29652	46907	7143	22917	24282	40133	60745	55578	40938	20079	68508	61214	41017	42448	20575	22024	43041	18309	73378	21749	28766	62565	31784	51069	33592	32766	9217	75313	55760	92173	43984	83190	29706	16404	44895	20297	60654	35765	19451	9683	54765	48287	3564	52622	13981	27841	6244	57823	56980	47585	14257	45153	60785	57653	3862	48916	18524	22970	28391	
45736	48018	26231	42382	44496	20219	8482	37164	22071	43590	53463	31919	20636	47596	0	44648	23934	28648	29902	38971	45391	51227	40044	39781	50784	13558	33560	32716	34390	16230	32762	63011	4098	32200	57752	26630	50990	44925	30277	52149	40996	31023	49784	50050	58068	35615	32956	29325	43171	50243	38941	21686	44656	23522	52802	38615	27629	26956	56589	36382	60672	34971	61960	69445	31909	53308	18682	62607	53610	32285	29601	9820	51984	16588	16858	53832	66159	44553	13158	40636	29172	20949	12662	36699	56717	30807	24374	53828	20894	43674	29904	21103	55684	58653	48366	75512	29853	73132	22180	47896	37500	29678	59421	32077	25335	44029	58376	25646	45329	43862	37240	19346	42995	50428	18756	68398	37202	34755	23958	48893	50328	42836	27085	23354	32052	
22070	69863	60010	46829	48943	26285	33479	4328	28137	65434	75308	49432	70060	52043	44648	0	41110	21823	51760	42888	49307	26926	43960	61350	32748	47705	37476	12765	55958	37810	15830	66928	43443	24222	79321	48488	72558	48841	20743	5704	44912	52592	3339	24015	28353	39531	64525	59480	64740	9755	26161	25602	66224	46646	74371	10957	31545	70006	78158	14784	82240	56396	15515	91014	35825	57224	43088	84176	57527	36202	33517	33151	73553	61709	51730	81086	87727	66122	27935	62204	33088	37842	35850	40615	78285	34723	23813	75397	19286	8214	54801	30470	59600	80221	6134	97081	51422	94700	26217	51812	9354	50162	80990	56975	38773	47945	79945	55048	49245	65430	50103	40926	46911	9107	63111	19624	50064	56323	65693	70461	54245	64405	37687	34022	32504	
34516	37527	36075	14697	17121	18370	30263	37661	20222	38541	51374	3712	41282	20433	23934	41110	0	26264	13128	20582	21908	32837	12399	38771	32395	34272	24006	28809	25795	12996	28854	35366	26721	29447	47216	9856	49979	21442	26370	48242	22606	23524	45877	40718	39678	26060	41946	36900	42161	46336	29386	18388	33610	7765	42266	34707	11142	46204	47585	34151	50135	17764	58053	68434	18350	29825	11981	53696	25965	22731	24095	18265	43073	37907	23266	42932	55622	43543	29714	24777	20389	5368	11699	18123	55706	14608	18935	44894	20482	39767	15920	10024	28039	57642	44458	74502	26313	66536	18404	24413	33593	9411	50510	18094	4233	12368	49465	30616	17684	34951	11949	5019	15350	46521	39309	47327	11910	27482	43114	39982	22684	31245	7828	8818	28205	
15024	59238	49384	20925	21544	14335	21717	21350	16187	54809	64683	23839	59435	26450	28648	21823	26264	0	37456	17527	23946	18992	18304	56756	21942	43112	2901	11385	50124	19173	7896	41272	31591	4652	74727	34184	67965	23480	10779	36881	11903	47998	34516	19055	20723	6299	59931	54886	60146	34975	7487	11370	61631	32094	69777	19021	10952	65412	73564	8020	77646	42092	39983	86420	10169	31863	36309	71416	31871	7980	5515	21424	67401	57115	47136	55430	83134	61528	18698	49105	11245	22835	31257	14959	73692	13381	6374	70803	10324	28406	40249	20982	33944	75628	33097	92487	46828	90107	17922	26451	17536	33739	74839	42422	26108	22289	73794	50455	23589	59279	24447	27606	21255	35160	58518	25958	24409	51810	61099	64310	28589	55573	16681	19015	5046	
44882	38147	36695	25063	27487	29020	40913	48311	27851	39161	51994	15931	41901	30799	29902	51760	13128	37456	0	30105	31431	42360	21922	38547	41918	34049	33529	39199	25572	20350	39244	43400	30682	38969	46992	3548	49756	30965	36760	58632	32129	23301	56267	50240	49201	35583	41723	36677	41937	56725	38909	28778	33387	8413	42043	45097	21531	45980	47361	42865	49912	6248	68443	68211	27873	39348	11074	41529	35488	32254	27772	25619	29988	37683	23043	25542	63130	43320	40104	22001	25570	15783	17046	27646	55483	24998	29324	44671	30872	50157	13989	22106	26749	57419	54848	74279	26089	66313	28794	33936	43982	10982	55276	8552	16629	21891	36380	30393	27207	34728	21472	12374	24873	56911	39086	56850	14991	27258	42890	28025	33221	31021	19813	19208	37727	
15254	55643	58268	7847	9961	24493	32041	39438	26345	63692	73566	18157	68318	17966	38971	42888	20582	17527	30105	0	7642	13413	11328	60240	12970	46596	16094	31811	43587	36700	31857	34296	42126	17868	65007	27647	71449	7905	29372	51244	5943	41315	48880	21293	20253	12645	63416	58370	63630	49338	11908	21391	51401	25557	60057	37710	20023	68896	65376	26240	67927	35555	43103	89904	14633	16288	29772	64880	24895	9574	16184	31833	60865	60599	41058	48893	73414	65013	32717	42568	14729	22671	34741	10078	77176	17078	20668	62686	23484	42769	33712	24466	26968	79112	47461	95972	50312	93591	21406	10876	36595	27202	68302	35885	19571	15313	67257	53939	16613	52742	17910	27961	14279	49523	62002	27898	17872	45273	64583	57773	21613	49036	17248	22499	16626	
24030	56970	64687	9173	11678	30913	38460	45858	32765	57983	79986	19483	60724	18761	45391	49307	21908	23946	31431	7642	0	19739	12572	66052	18476	52408	21906	37623	44831	42513	37669	35540	47938	27347	66251	28892	77261	6172	35184	57056	12597	42560	54692	27619	26580	23961	69228	64182	69442	55150	21092	27203	52645	26801	61302	43522	25835	65239	66620	32052	69171	36799	66867	95716	20445	14555	31017	66124	26139	16228	21996	37646	62109	56942	42302	50137	74658	70825	38529	43813	20541	23916	40553	12614	82988	22890	26480	63930	29296	48582	34956	30278	28212	84924	53273	101784	45348	85572	27218	9143	42407	28447	69546	37129	20815	16557	68501	59751	17858	53987	19155	29205	15523	55335	58345	34225	19116	46517	70395	59017	22857	50280	18493	28311	26105	
5707	67899	70523	20103	22217	36748	44296	28083	38600	75948	85821	30413	80574	30221	51227	26926	32837	18992	42360	13413	19739	0	23691	72604	7440	58959	18175	24264	55950	49064	24788	46659	54489	17335	77370	40011	83812	19657	28625	30271	18306	53679	28894	7273	6233	16988	75779	70733	75994	36141	11555	33754	63765	37920	72421	29949	32386	81260	77739	20899	80290	47918	33588	102267	23923	26947	42136	77243	37258	21937	23367	44197	73228	72963	53421	61256	85777	77376	45080	54932	27093	35035	47104	22441	89539	29441	23645	75049	27290	31165	46075	36829	39331	91475	34263	108335	62675	105954	33770	23383	25112	39566	80665	48248	31935	27676	79620	66302	28977	65106	30274	40324	26642	36326	74365	13878	30235	57636	76947	70136	33976	61399	29612	34863	16093	
25291	47460	46009	5472	5661	25565	33113	40511	27417	48474	61307	9974	51215	10567	40044	43960	12399	18304	21922	11328	12572	23691	0	47970	24295	43472	15721	31640	34995	36529	31685	25255	41954	21161	56415	19056	59179	13343	29201	51073	14507	32724	48708	32211	31579	17775	51146	46100	51360	49167	21101	21219	42810	16965	51466	37538	19851	55404	56784	25866	59335	26963	60884	77634	10065	21726	21181	54150	15854	14446	15810	31662	52273	47106	32466	38164	64822	52743	32545	33977	12104	13739	34569	9838	64906	13277	20294	54094	23313	42598	25120	24294	17928	66842	47289	83702	35512	75736	21235	16314	36424	18611	59710	27294	10980	5790	58665	39816	7573	44151	7181	19369	5239	49352	48509	39114	9280	36682	52314	49181	12572	40445	10052	14685	19919	
66681	12447	11562	50706	53129	40367	50670	57900	42219	5657	15339	41574	16070	56442	39781	61350	38771	56756	38547	60240	66052	72604	47970	0	71404	25738	54180	49402	12236	32883	49447	70300	42244	59621	20071	34747	14240	65545	46963	68835	61615	17288	66470	70670	78687	56235	3771	6744	2799	66929	59560	42305	10787	31639	15122	55300	48249	17631	20685	53068	22991	40437	78646	32695	52528	73928	30317	34027	60899	52905	50221	35798	23404	16491	19394	61948	28478	7113	48186	25851	49791	37603	31887	57318	19138	51426	50032	14003	45505	60360	30653	37757	62972	21903	65051	38762	14273	35553	42920	68516	54186	40291	30842	32827	42039	47302	29797	10612	52618	12505	46882	31481	50283	67114	19292	85084	46844	11875	13099	20313	57617	28390	43739	50725	58379	
11530	67456	70080	19660	21774	36306	43853	33906	38158	75505	85379	29970	80131	29779	50784	32748	32395	21942	41918	12970	18476	7440	24295	71404	0	58517	19525	30086	55508	48621	30611	46216	54046	23158	76928	39568	83369	18394	41293	36093	17864	53236	34717	15320	14281	18337	75336	70291	75551	41964	17378	33311	63322	37478	71978	35772	31943	80817	77297	26722	79847	47476	39410	101825	26553	24496	41693	76800	36815	21495	28104	43754	72785	72520	52978	60814	85334	76933	44637	54489	26650	34592	46661	21999	89097	28999	29468	74606	35405	36988	45633	36387	38889	91033	40086	107892	62233	105512	33327	20261	30935	39123	80223	47806	31492	27234	79178	65859	28534	64663	29831	39882	26200	42149	73922	21926	29793	57194	76504	69694	33533	60957	29169	34420	21916	
53036	34268	15963	46207	48631	26723	20772	44256	28575	29839	39713	37075	11723	51943	13558	47705	34272	43112	34049	46596	52408	58959	43472	25738	58517	0	40450	35672	20598	19185	35717	69901	10325	45891	44495	31013	37732	51815	33232	55104	47885	17232	52740	56940	64957	42504	22658	19028	29914	53198	45830	28575	31398	27905	39545	41570	34518	16024	43332	39337	47414	36703	64915	56187	38798	60198	21638	48815	60500	39175	36490	14620	38193	7727	11773	58215	52901	31296	34456	26844	36061	23905	15617	43588	43459	37696	36302	40571	31775	46630	26920	24058	62573	45395	51321	62255	14066	59874	29190	54786	40455	36558	45630	29093	38306	43568	44585	10405	52219	30070	43149	22301	49884	53383	9130	71354	43110	20963	13660	35101	57218	29045	30040	26309	44649	
14346	62710	52856	18667	19286	19082	26629	34027	20933	58281	68155	21581	62907	24192	33560	37476	24006	2901	33529	16094	21906	18175	15721	54180	19525	40450	0	25500	47296	30389	10652	38444	35814	6857	71899	31356	65137	20653	23061	44933	9075	45171	42568	17907	19575	3471	57104	52058	57319	43026	6797	15079	58803	29266	66950	31398	13711	62585	70737	10776	74819	39264	39021	83592	7341	29036	33481	68589	29043	5153	6786	25522	64574	54288	44308	52602	80306	58701	26405	46277	8418	20007	28429	12131	70864	10554	7418	67976	11063	36458	37421	18154	31117	72800	41149	89660	44000	87279	15095	23624	30283	30911	72011	39594	23280	19461	70966	47627	20762	56452	21619	24778	18427	43212	55690	24809	21581	48982	58272	61482	25761	52745	13853	16187	5615	
19398	57931	48078	34898	37012	14354	21548	12292	16206	53503	63376	37500	58129	40111	32716	12765	28809	11385	39199	31811	37623	24264	31640	49402	30086	35672	25500	0	43730	25581	4190	54699	30836	13755	67092	36260	60330	36613	4811	23525	32683	40363	21161	21353	25691	27302	52296	47251	52511	21619	18712	13373	53996	34418	62142	9928	19317	57777	65929	4116	70012	44167	33336	78785	23596	44996	30860	71947	45298	23973	21289	20923	61324	49480	39501	68857	75499	53894	14750	49976	20859	25613	23622	28386	66057	22494	8829	63168	6100	15050	42573	18242	47371	67993	19742	84853	39193	82472	13988	39584	8443	37934	68761	44746	26544	35716	67717	42820	37017	53202	37874	28698	34682	21804	50883	26950	37836	44095	53464	58233	42016	52176	25459	21793	16270	
57550	13703	13576	37731	40154	34976	45278	52509	36828	14717	35132	28599	28214	43467	34390	55958	25795	50124	25572	43587	44831	55950	34995	12236	55508	20598	47296	43730	0	28642	45206	58696	30002	52777	23139	23143	31684	44772	42722	64594	45936	4392	62229	64048	63008	49390	16794	12210	15746	62688	52716	38065	9533	20035	18189	51059	34459	32537	23508	48827	26059	28833	74405	50139	41680	53155	21460	29620	49295	46061	45980	31557	18997	24240	14261	50345	31546	25248	43945	9755	43719	28711	27646	41453	26170	37926	45791	20818	41264	56119	19050	35034	51369	39347	60810	41979	10262	42460	38679	47743	49945	28688	26434	21223	30436	35698	25389	13888	41014	10874	35279	25302	38680	62873	25642	80843	35240	1935	24819	15905	46013	9338	33620	32135	51535	
43141	41413	31560	30081	32505	7902	13720	34361	8217	36984	46858	20949	30087	45000	16230	37810	12996	19173	20350	36700	42513	49064	36529	32883	48621	19185	30389	25581	28642	0	19736	49681	19067	22528	50831	17391	44069	35757	17251	39123	38441	24103	36758	47496	55513	33060	36036	30990	36250	37217	36386	19131	37735	13789	45882	25589	12048	34469	49669	23356	53751	25299	48934	62524	29354	44140	10531	55686	40280	29731	27047	8438	45063	26172	23240	44593	59238	37633	18481	33715	17176	9973	6887	34144	49796	16604	14703	46907	15794	30648	23704	6726	42353	51732	35340	68592	22932	66211	11918	38727	24474	18701	52501	25877	14358	26683	51456	26559	31999	36941	26263	8369	29664	37402	27574	55373	26225	27834	37204	41972	36998	35916	16108	12377	35205	
19922	57977	48123	34943	37057	14399	21593	15356	16251	53548	63422	37546	58174	40157	32762	15830	28854	7896	39244	31857	37669	24788	31685	49447	30611	35717	10652	4190	45206	19736	0	54743	30879	10510	67136	36303	60373	36656	4641	31091	32727	40407	28726	21874	26213	14278	52340	47295	52555	29185	15467	13417	54039	34461	62186	13042	19360	57821	65973	4637	70055	44211	40902	78829	23640	45039	30903	71991	45342	14949	9412	20966	61368	49524	39545	68901	75542	53937	14793	50019	20903	25657	23665	28430	66100	22538	5286	63212	6143	22616	42616	18285	47415	68036	27307	84896	39237	82515	14032	39627	11557	37977	68805	44790	26588	35760	67760	42863	37060	53246	37918	28741	34726	29370	50926	27261	37880	44138	53508	58276	42060	52220	25502	21837	13026	
48259	70428	68976	25747	23007	48533	56080	63478	50385	71442	84274	32942	74182	16545	63011	66928	35366	41272	43400	34296	35540	46659	25255	70300	46216	69901	38444	54699	58696	49681	54743	0	64991	44199	63615	42093	82216	27862	52238	74110	34556	55761	71745	52667	51628	40813	74183	69138	74398	72204	44138	44257	65847	40003	63682	60576	42888	78441	62094	48904	60821	44208	83921	77587	33102	30756	44218	44986	13383	37483	38848	54699	48078	70144	55504	11599	53078	75780	55583	57014	35141	36590	57607	32875	87944	36315	43332	73810	46350	65635	48158	47332	11077	89880	70326	74824	58550	67759	44272	32188	59461	31330	45224	47607	34017	24249	49942	62853	18130	67188	28547	42407	20810	72389	71546	62151	28823	59719	75351	54396	14894	63482	33090	37536	42957	
48566	50774	22998	45212	47326	23049	11312	39994	24901	46345	56219	34675	17402	50425	4098	43443	26721	31591	30682	42126	47938	54489	41954	42244	54046	10325	35814	30836	30002	19067	30879	64991	0	35029	48326	27556	44213	47755	33031	54903	43825	26558	52538	52880	60897	38444	29722	26092	36395	52997	41770	24515	34720	24448	43376	29805	30459	23723	47221	39136	51245	35898	64714	62669	34738	56138	21436	58142	56440	35115	32431	15405	47519	13355	15947	54758	56732	37777	15988	31169	32001	23703	15416	39528	49940	33636	27204	47052	23724	46428	28993	23857	58514	51876	51119	68736	22975	66356	25009	50726	40254	32432	54956	31166	28088	46859	53911	22413	48159	37714	39994	22100	45824	53182	15523	71152	39956	30290	20724	44428	53158	37637	29839	26108	34882	
13402	68151	58297	24108	24727	17886	25269	23748	19738	63722	73596	27022	68348	29633	32200	24222	29447	4652	38969	17868	27347	17335	21161	59621	23158	45891	6857	13755	52777	22528	10510	44199	35029	0	77270	36727	70508	26023	13178	34907	14446	50541	33531	17110	18779	5792	62474	57429	62689	37721	5543	14907	64174	34637	72320	21419	19081	67955	76107	10419	80190	44635	38224	88963	12712	34406	38852	73959	34414	10523	9354	24962	69944	59658	49679	57973	85677	64072	22235	51648	13788	25378	33800	17502	76235	15924	9911	73346	12723	31153	42792	23525	36487	78171	35844	95030	49371	92650	20465	28994	19935	36282	77382	44965	28651	24832	76337	52998	26133	61822	26990	30149	23798	37906	61061	24013	26952	54353	63642	66853	31132	58116	19224	21558	3102	
78970	12946	26567	59151	61575	58338	68640	75871	60190	15378	22462	50019	36040	64887	57752	79321	47216	74727	46992	65007	66251	77370	56415	20071	76928	44495	71899	67092	23139	50831	67136	63615	48326	77270	0	44413	25836	66041	65030	86902	67205	25745	84537	85317	84277	74302	24354	24182	19420	84996	77628	60373	15147	41305	7164	73368	55728	38214	14941	71135	10028	50103	96713	26882	62949	74424	42729	38458	70565	70973	68288	53865	30474	37300	37461	59166	15516	24170	66253	32890	67859	49980	49954	62722	15704	59195	68100	11906	63572	78427	40319	55824	68718	27958	83118	23221	32340	23826	60987	69012	72253	49957	22761	42493	51705	56968	28716	28680	62284	20012	56548	46571	59949	85181	40101	103151	56510	21515	34184	24987	67283	31688	54889	53405	76446	
41610	34875	33423	21791	24215	25748	37641	45039	24579	35889	48722	12659	38629	27527	26630	48488	9856	34184	3548	27647	28892	40011	19056	34747	39568	31013	31356	36260	23143	17391	36303	42093	27556	36727	44413	0	46457	27738	33461	55333	28902	20002	52968	47013	45974	32356	38424	33378	38639	53427	35682	25479	30597	5115	38744	41798	18233	42682	44063	39566	46613	8614	65144	64912	24646	36121	7775	43894	32261	29027	24473	22321	39551	34385	19744	27908	52100	40021	36805	21255	26685	12484	13747	24419	52184	21699	26026	41372	27573	46858	12398	18807	29114	54120	51549	70980	22791	63014	25495	30709	40684	7755	46988	10918	13402	18664	45943	27094	23980	31429	18245	9075	21646	53612	35787	53623	11764	23960	39592	36460	28979	27723	16586	15909	34500	
77889	21216	22455	61914	64338	51576	61878	69109	53428	14425	7659	52782	24121	67650	50990	72558	49979	67965	49756	71449	77261	83812	59179	14240	83369	37732	65137	60330	31684	44069	60373	82216	44213	70508	25836	46457	0	76586	58004	79876	72656	28329	77511	81711	89728	67276	13882	20944	10542	77970	70601	53346	17368	42680	24141	66341	59290	21924	29705	64109	32010	51478	89687	23727	63569	84969	41358	44491	71940	63946	61262	46839	33868	30273	30434	72989	37498	6686	59227	36892	60832	48644	42928	68359	14073	62467	61073	14358	56546	71401	41694	48798	74013	12935	76092	29794	25314	30488	53961	79557	65227	51332	41305	43868	53080	58343	40260	21653	63659	22968	57923	42522	61324	78155	29244	96125	57885	22338	27158	30776	68658	39431	54780	61766	69420	
23564	56504	64221	8707	6213	30447	37994	45392	32298	57517	79520	19017	60258	13296	44925	48841	21442	23480	30965	7905	6172	19657	13343	65545	18394	51815	20653	36613	44772	35757	36656	27862	47755	26023	66041	27738	76586	0	34700	56572	12112	42075	54207	27538	26499	23476	68743	63697	68958	54666	20607	26718	52161	26316	60817	43037	25350	64755	66136	31567	68686	36315	66383	95231	19960	9106	30532	65639	17625	15744	21511	37161	61624	56458	41817	49653	74173	70340	38044	43328	20057	23431	40068	12129	82503	22405	25995	63445	28812	48097	34471	29793	19698	84439	52788	101299	44864	85087	26734	3694	41923	27962	69061	36645	20331	12495	68016	59266	9344	53502	18670	28720	9055	54851	57860	34144	18631	46033	69911	58533	14343	49796	18008	27827	25621	
23759	55492	45639	32459	34573	11915	18067	17294	13767	51064	60937	35061	55690	37672	30277	20743	26370	10779	36760	29372	35184	28625	29201	46963	41293	33232	23061	4811	42722	17251	4641	52238	33031	13178	65030	33461	58004	34700	0	28557	30192	37873	26192	28804	33142	24812	49806	44760	50020	26651	28137	10883	51505	31927	59652	8620	16826	55287	63438	8478	67521	41676	38368	76294	21105	42505	28369	69456	42807	21482	18798	18432	58833	46989	37010	66366	73008	51403	13037	47485	18369	23122	21131	25895	63566	20003	8136	60677	3609	14565	40082	15751	44881	65502	24773	82362	36702	79981	11497	37093	13908	35443	66271	42255	24053	33226	65226	40329	34526	50711	35384	26207	32191	26836	48392	31313	35345	41604	50973	55742	39525	49686	22968	19302	16828	
25405	77364	67511	54331	56445	33787	40981	9976	35639	72936	82809	56933	77562	59544	52149	5704	48242	36881	58632	51244	57056	30271	51073	68835	36093	55104	44933	23525	64594	39123	31091	74110	54903	34907	86902	55333	79876	56572	28557	0	52837	60517	2359	27354	31693	47456	72450	67405	72665	5722	29500	33527	74149	54571	82296	18882	39470	77931	86083	25685	90165	64321	9932	98939	43750	65149	51013	92101	65452	44127	41442	41076	81478	69634	59655	89011	95652	74047	35861	70129	41013	45767	43775	48540	86210	42648	31738	83322	27211	14458	62726	38395	67525	88146	7729	105006	59347	102626	34142	59737	17279	58087	88915	64900	46698	55870	87870	62973	57170	73356	58028	48851	54836	9791	71036	19985	57990	64248	73618	78386	62170	72330	45612	41947	34038	
15120	57668	60292	9871	11985	26517	34065	41463	28369	65716	75590	20181	70342	19990	40996	44912	22606	11903	32129	5943	12597	18306	14507	61615	17864	47885	9075	32683	45936	38441	32727	34556	43825	14446	67205	28902	72656	12112	30192	52837	0	43524	51088	25991	24952	8225	65624	60579	65839	51547	8759	23599	53610	27765	62266	39918	22231	71105	67584	19651	70135	37763	40983	92112	7683	20192	31981	67088	27103	4157	9595	34042	63073	62808	43266	51102	75622	67221	34925	44777	9722	24880	36949	4661	79384	10896	14079	64894	25693	44978	35920	26674	29176	81320	49669	98180	52520	95799	23615	14780	38804	29411	70510	38094	21780	17521	69465	56147	18822	54951	20119	30169	16487	51732	64210	26772	20080	47482	66792	59982	23821	51245	10680	24708	13732	
55278	16207	15965	35459	37883	31609	41912	49143	33461	21389	31263	26327	26016	41195	31023	52592	23524	47998	23301	41315	42560	53679	32724	17288	53236	17232	45171	40363	4392	24103	40407	55761	26558	50541	25745	20002	28329	42075	37873	60517	43524	0	59076	61264	60225	46607	19716	14671	19931	59535	49933	34912	12966	17252	21113	47907	31676	29904	26432	45674	28982	26050	71252	46205	38897	50372	18676	32543	46512	43278	42827	28404	21920	20938	10959	47562	34469	21314	40792	8838	40935	25928	24493	38670	33477	35143	42639	23741	38111	52966	16267	30363	48586	35413	57657	52273	6328	49892	35527	44960	46792	25905	29358	18440	27653	32915	28313	9954	38231	13798	32496	22518	35896	59720	22341	77690	32457	4691	20884	18829	43230	11377	30836	29352	48751	
24028	75000	65146	51966	54080	31422	38616	7611	33274	70571	80445	54568	75197	57179	49784	3339	45877	34516	56267	48880	54692	28894	48708	66470	34717	52740	42568	21161	62229	36758	28726	71745	52538	33531	84537	52968	77511	54207	26192	2359	51088	59076	0	25983	30322	45182	70176	65130	70391	7332	28129	31253	71875	52297	80022	16608	37196	75657	83809	23411	87891	62047	12176	96664	41476	62875	48739	89827	63177	41852	39168	38802	79204	67360	57381	86737	93378	71773	33586	67855	38739	43492	41501	46266	83936	40374	29464	81048	24936	12184	60452	36121	65251	85872	5454	102732	57072	100351	31867	57463	15005	55813	86641	62625	44424	53596	85596	60699	54896	71081	55754	46577	52562	7517	68762	18614	55715	61974	71344	76112	59896	70056	43338	39673	32667	
7794	75779	69346	27983	30097	40742	43119	25173	42594	74771	84645	38293	79397	38101	50050	24015	40718	19055	50240	21293	27619	7273	32211	70670	15320	56940	17907	21353	64048	47496	21874	52667	52880	17110	85317	47013	81711	27538	28804	27354	25991	61264	25983	0	4237	17071	73768	68722	73983	33055	11534	31743	71120	45276	79776	26864	30375	79249	85095	17813	87645	55274	24767	100256	24005	34773	49491	84598	44613	21817	23450	42186	80584	70952	60973	68612	93133	75365	43069	62287	25082	36671	45093	23779	87528	27218	23624	84640	26828	28080	53431	34818	46687	89464	31178	106324	60664	103943	31759	32291	22027	46921	88021	55604	39290	35032	86976	64291	36332	72461	37629	47680	33998	33241	72354	7635	37591	64992	74936	77492	41331	68755	30517	32852	16072	
6755	74740	77364	26943	29058	43589	51137	29511	45441	82788	92662	37254	87415	37062	58068	28353	39678	20723	49201	20253	26580	6233	31579	78687	14281	64957	19575	25691	63008	55513	26213	51628	60897	18779	84277	45974	89728	26499	33142	31693	24952	60225	30322	4237	0	18910	75608	70562	75823	37293	13374	33583	70423	44578	79079	31101	32215	81089	84397	22051	86948	54576	29558	102096	25845	33733	48794	83901	43916	22578	25290	44026	79886	72792	60079	67915	92435	77205	44909	61590	26922	38511	46933	23082	89368	29058	25464	86480	29108	32317	52733	36658	45989	91304	35415	108164	62504	105783	33599	31593	26264	46224	87323	54907	38593	34334	86278	66131	35635	71764	36932	46982	33300	37478	74194	12426	36893	64295	76776	76794	40634	68057	32357	34691	17911	
13159	64764	54911	20722	21341	21136	28684	36082	22988	60336	70209	23636	64962	26246	35615	39531	26060	6299	35583	12645	23961	16988	17775	56235	18337	42504	3471	27302	49390	33060	14278	40813	38444	5792	74302	32356	67276	23476	24812	47456	8225	46607	45182	17071	18910	0	59420	54375	59635	45343	6049	17396	61120	31583	69266	33714	16027	64901	73053	14198	77135	41581	38273	85909	9658	31352	35798	70905	31359	7469	9102	27838	66890	56604	46625	54919	82623	61017	28721	48594	10734	22324	30746	14448	73181	12870	11202	70292	19489	38774	39737	20471	33433	75117	43465	91976	46317	89596	17411	25940	32600	33228	74328	41911	25597	21778	73283	49943	23078	58768	23936	27095	20744	45528	58006	24061	23897	51299	60588	63799	28078	55062	16170	18504	4867	
69856	16117	9422	53881	56305	43542	53845	61076	45394	9326	16816	44749	13930	59617	32956	64525	41946	59931	41723	63416	69228	75779	51146	3771	75336	22658	57104	52296	16794	36036	52340	74183	29722	62474	24354	38424	13882	68743	49806	72450	65624	19716	70176	73768	75608	59420	0	4619	6484	70077	62708	45454	14472	34787	18806	58448	51397	15506	24369	56216	26675	43585	81794	33172	55676	77076	33465	37175	64047	56053	53369	38946	26553	17135	22542	65097	32162	8590	51334	28999	52940	40751	35035	60467	20615	54574	53180	17726	48653	63508	33802	40905	66120	22380	68199	36424	17421	37030	46068	71664	57334	43439	33990	35975	45187	50450	32945	11434	55766	15653	50030	34630	53431	70262	19936	88232	49992	15023	10973	23461	60765	31538	46887	53873	61527	
64811	14644	4843	48836	51259	38497	48799	56030	40349	12300	23878	39704	14385	54572	29325	59480	36900	54886	36677	58370	64182	70733	46100	6744	70291	19028	52058	47251	12210	30990	47295	69138	26092	57429	24182	33378	20944	63697	44760	67405	60579	14671	65130	68722	70562	54375	4619	0	9433	64989	57621	40366	10522	29699	18668	53360	46309	16487	22513	51128	26537	38497	76706	40294	50589	71988	28378	34529	58959	50965	48281	33858	23906	12836	17454	60009	32025	15403	46246	20257	47852	35664	29947	55379	27566	49487	48092	20637	43565	58420	28714	35817	61033	29502	63111	46362	10592	43981	40980	66576	52246	38352	31344	30887	40100	45362	30299	5818	50678	13007	44943	29542	48343	65174	15638	83144	44904	11022	9721	20815	55677	20428	41799	48786	56439	
70071	11184	14637	54096	56520	43757	54060	61290	45609	4393	13475	44964	18768	59832	43171	64740	42161	60146	41937	63630	69442	75994	51360	2799	75551	29914	57319	52511	15746	36250	52555	74398	36395	62689	19420	38639	10542	68958	50020	72665	65839	19931	70391	73983	75823	59635	6484	9433	0	69626	62258	45003	9524	34337	13858	57998	50946	20329	19421	55765	21727	43134	81343	29831	55226	76626	33015	36003	63596	55603	52918	38496	25380	19189	22091	64646	27214	5249	50884	28549	52489	40301	34585	60016	17274	54124	52730	12740	48203	63058	33351	40454	65670	19039	67749	33084	16971	33689	45618	71214	56883	42989	36505	35524	44737	49999	31772	13310	55315	14918	49580	34179	52981	69811	21990	87782	49541	16421	15797	22288	60314	31088	46437	53423	61077	
31275	75458	65605	52425	54539	31881	39075	11310	33733	71030	80903	55027	75656	57638	50243	9755	46336	34975	56725	49338	55150	36141	49167	66929	41964	53198	43026	21619	62688	37217	29185	72204	52997	37721	84996	53427	77970	54666	26651	5722	51547	59535	7332	33055	37293	45343	70077	64989	69626	0	33351	31731	72353	52775	80500	17085	37674	66193	84286	23889	88369	62524	16311	97142	41953	63353	49217	90304	63655	42330	39646	39280	79681	67837	57858	87214	93856	72251	34064	68333	39217	43970	41979	46743	84414	40851	29941	81525	25414	7203	60930	36599	65729	86350	4756	103210	57550	100829	32345	57941	15483	56291	87119	63103	44901	54074	86074	61177	55374	71559	56232	47055	53039	2863	59950	23835	56193	62452	71821	76590	60373	70534	43816	40150	38633	
7622	68090	58237	18366	20480	24462	32010	39408	26314	63661	73535	26961	68288	29572	38941	26161	29386	7487	38909	11908	21092	11555	21101	59560	17378	45830	6797	18712	52716	36386	15467	44138	41770	5543	77628	35682	70601	20607	28137	29500	8759	49933	28129	11534	13374	6049	62708	57621	62258	33351	0	20762	64486	34949	72633	37081	19394	68268	76420	15385	80502	44947	32777	89276	13025	28575	39165	74272	34726	10836	12469	31205	70257	59971	49992	58286	85989	64384	32088	51961	14101	25691	34112	11625	76548	16237	12185	73659	15830	42141	43104	23838	36800	78484	46832	95343	49684	92963	20778	23163	35967	36595	77694	45278	28964	25145	76649	53310	26445	62135	27303	30461	24111	48895	61373	18566	27264	54666	63955	67166	31444	58429	19536	21871	4633	
27831	50835	40982	24477	26591	7207	14755	22153	9059	46406	56280	27080	51033	29691	21686	25602	18388	11370	28778	21391	27203	33754	21219	42305	33311	28575	15079	13373	38065	19131	13417	44257	24515	14907	60373	25479	53346	26718	10883	33527	23599	34912	31253	31743	33583	17396	45454	40366	45003	31731	20762	0	53904	21044	62051	26499	5943	57686	60863	14961	69920	30794	49844	78693	10223	31622	22630	66975	31925	10600	7915	20623	56352	49389	39409	55484	75407	53802	21506	38056	7486	12240	23530	15013	65965	9121	6020	63076	7483	31559	29199	10387	33998	67901	36250	84761	39101	82380	10196	26210	25384	24560	63789	31373	13171	22343	62744	42728	23643	48230	24501	17010	21309	38313	50791	35267	24463	40761	53373	53260	28643	44524	12085	8420	16073	
65364	5609	12962	45545	47969	45242	55544	62775	47094	6094	15573	36922	26756	51281	44656	66224	33610	61631	33387	51401	52645	63765	42810	10787	63322	31398	58803	53996	9533	37735	54039	65847	34720	64174	15147	30597	17368	52161	51505	74149	53610	12966	71875	71120	70423	61120	14472	10522	9524	72353	64486	53904	0	27198	10297	59261	41622	25414	14084	57029	18166	35996	82607	37319	48843	60318	28622	27151	56458	56866	54182	39759	16528	23193	23354	45927	23653	12428	52147	18784	53752	35874	35848	48616	17562	45089	53993	12210	49466	64321	26213	41717	58532	21089	69012	33372	18234	34567	46881	54906	58146	35851	27880	28386	37599	42861	22920	14573	48177	6065	42442	32464	45842	71075	25994	89045	42403	7408	20078	13436	53176	17581	40782	39298	62340	
