//--------------------------------------------------------------------------------------------------------------------
//-- données sur le FINISTERE récupérées par le géocodeur (matrice symétrique)
//-- 
//-- C. Duhamel, P. Lacomme C. Prodhon - juillet 2009 : 2900 kg à collecter, flotte de capa 8000
//--------------------------------------------------------------------------------------------------------------------
163 4 999999 0 0 0
20 50 20 2.1
20 50 35 1
20 100 50 2.2
20 200 80 2.2
0   // la ville qui represente le depot
0	97485	24801	55086	127952	129310	132436	126092	68663	123934	111841	51300	81249	82079	56005	147320	21935	65646	71773	41796	47968	116341	106784	88693	110230	81191	73837	47609	56958	98873	51191	65290	125227	71618	88975	105902	131508	85392	123229	141928	102001	109386	101881	68764	144150	138357	125696	119827	44352	121776	97231	150481	146227	117158	127729	70233	79074	152754	112022	141606	141845	114646	146723	137048	96909	133572	118362	20299	132455	138562	108954	79629	106293	115278	34703	15137	134532	21307	103105	36054	115804	85769	132741	52029	89190	92131	80651	74420	107717	68738	64576	81115	92217	69738	73130	63542	78881	146730	147248	125771	120724	112430	146566	108429	114593	117565	142680	88608	121747	133018	146080	141822	91667	136130	95165	146173	84522	140596	126806	145374	90950	137307	113832	133667	139656	85243	63926	33299	95999	91819	74094	154019	79225	84705	87041	62385	79542	15591	58452	13099	8144	22476	122115	36400	121929	50216	100672	149037	116584	139106	102041	133967	110116	45971	122503	36790	123251	115169	47085	104890	104789	83688	39260	13475	
97485	0	82221	46248	110407	111765	114891	108547	51119	73683	130320	104256	41794	64534	82029	129776	96122	46118	38484	63816	65561	66090	89239	47095	92685	20961	56292	59312	48829	2404	52486	49250	107682	35078	124155	117874	113963	39896	105684	124384	84456	125646	84336	96662	126605	120813	108152	102283	53546	104231	107842	132936	128682	99614	110184	47768	19577	135210	129539	124062	124300	64395	129179	119504	79365	116027	100818	82006	114910	121017	137263	39479	88748	97733	66814	89714	116987	87820	122639	80676	98259	40273	115196	49619	71645	107321	38289	25855	11248	37961	39330	35619	40718	29674	28626	87186	33936	129185	129703	108226	103179	126967	129022	127964	134127	100020	125136	116900	126390	115473	128535	124277	5898	118585	129067	128628	99712	123052	109261	127829	115363	119763	118061	116122	122111	13039	33040	71797	6948	74275	33945	136474	21075	17905	15715	113880	37115	99121	39688	88745	96574	80189	134523	69265	104385	49400	115862	131492	132435	121562	112651	116422	92571	55823	134911	72722	128485	97624	82495	121150	54538	41360	73846	92033	
24801	82221	0	39179	112045	113403	116529	110185	52756	108027	102459	49382	65342	66172	38468	131413	24808	49739	55866	25889	23470	100433	90877	72786	94323	65284	39140	20436	41051	82966	35284	49383	109320	55711	87056	119511	115601	69485	107322	126021	86094	97784	85974	66003	128243	122450	109789	103920	28445	105869	109479	134574	130320	101251	111822	54326	63167	136847	101677	125699	125938	98739	130816	121141	81002	117665	102455	7442	116548	122655	107036	63722	90386	99371	17852	10343	118625	18893	94778	20154	99897	69862	116834	36122	73282	79459	64744	58513	91810	52831	48669	65208	76310	53831	57223	46005	62974	130823	131341	109864	104817	128605	130659	100102	106266	101658	126773	86689	128027	117111	130173	125915	75760	120223	93246	130266	71850	124689	110899	129467	89031	121400	119699	117760	123749	69336	48019	17392	80092	75912	58187	138112	63317	68797	71134	60466	63635	18871	42545	17432	19778	11262	136161	11903	106022	34309	88001	133130	104983	123199	114289	118060	94209	20504	136549	12293	130122	99262	41341	93289	88882	67781	23360	18379	
55086	46248	39179	0	90934	92292	95418	89074	31645	86916	110847	84783	44231	45061	62556	110302	53286	3887	8507	17064	37477	79323	69766	51675	73212	42130	36819	32116	21634	47810	6493	7046	88209	32557	104682	98400	94490	25393	86211	104910	64983	106172	64863	77189	107132	101339	88678	82809	11655	84758	88368	113463	109209	80140	90711	33215	34525	115736	110065	104588	104827	77628	109705	100030	59891	96554	81344	39170	95437	101544	117790	19630	69275	78260	22208	46878	97514	44984	103166	37840	78786	25770	95723	6511	52172	87847	20652	25698	56654	29811	16113	21116	55199	30677	19617	67712	39955	109712	110230	88753	83706	107494	109548	108490	114654	80547	105662	97426	106916	96000	109062	104804	40604	99112	109593	109155	80238	103578	89788	108356	95890	100289	98588	96649	102638	33916	24145	28961	43994	54801	14095	117001	40164	29050	47980	94406	34084	56285	18286	45909	53738	37353	115050	25939	84911	13545	96389	112019	112961	102088	93178	96949	73098	17634	115438	37028	109011	78151	56857	101677	67771	23689	26760	49197	
127952	110407	112045	90934	0	38138	39424	36137	63376	69858	36987	59073	62167	50096	57189	20244	125841	87696	94831	93536	78362	62265	33147	57800	27473	94437	68549	89031	78548	112119	91483	87341	30570	84864	48171	13249	40336	108450	28266	29508	27089	32313	37658	41290	31729	25936	25302	25828	87998	11785	11626	57469	38369	20730	5058	65220	92320	52333	36206	33749	48833	60570	59360	24137	31323	21151	34399	111725	20034	50888	43930	102687	36525	41612	96534	119434	41520	117540	29306	110395	15762	108827	28160	86447	46329	24375	103709	87666	120963	81984	90239	104174	61324	82984	95478	49363	66329	53718	46827	21279	15722	22480	19490	34631	40794	40468	55007	34654	21318	10986	33913	48810	104913	19080	35734	53161	31984	28176	10179	18298	32387	35051	13574	45993	14454	98489	83949	101516	109245	36814	97153	61007	92471	97951	100287	60099	63469	128840	75187	118465	126293	109909	29452	98984	22351	84693	22529	44210	27363	46094	16593	20080	29123	85542	29839	88842	20306	20416	68314	27817	53587	106746	103565	121752	
129310	111765	113403	92292	38138	0	10764	5140	66049	74144	70051	91882	64840	52769	69655	55315	128515	90369	97504	96209	81035	66550	27502	60473	27444	97110	71222	91704	81221	114792	94156	90014	7519	87537	81235	46313	5978	111124	11974	30261	39679	65377	31467	74354	34547	26667	17379	20323	90671	34191	44690	21642	23381	25198	39969	67893	94994	24760	69270	18918	13006	64856	23533	20499	39033	30375	13791	114398	31922	17126	76994	105360	30880	21004	99207	122107	5693	120213	62370	113069	29573	111500	16192	89121	59270	57439	106382	90340	123636	84657	92912	106847	63997	85657	98151	74811	69002	17891	21714	25238	24527	55544	54561	67695	73858	19860	21646	67718	54967	44050	24009	16288	107586	35597	68798	17334	65048	40063	32936	53369	65451	17483	46638	15966	50688	101162	86622	104189	111918	44351	99826	25180	95144	100624	102960	93163	66142	131513	77860	121138	128967	112582	63100	101657	17576	87366	55593	20974	61011	10267	49657	18290	30420	88216	63488	91515	57061	47063	82371	60881	57873	109419	106238	124425	
132436	114891	116529	95418	39424	10764	0	14993	68017	76112	73098	93850	66809	54738	71623	45663	130483	92338	99473	98178	83003	68519	29470	62442	29413	99079	73191	93673	83190	116761	96125	91983	7430	89506	84281	49359	15012	113092	13293	20710	41648	68423	33435	77400	24996	17116	14792	18425	92640	37238	47736	28795	14605	28245	43015	69861	96962	23798	72316	9985	20160	66825	30686	12255	41002	20824	15760	116367	24967	24279	80041	107329	32849	22973	101175	124076	8530	122181	65416	115037	32619	113469	7948	91089	61239	60485	108351	92308	125605	86626	94881	108816	65966	87626	100120	76780	70971	25045	18292	28284	27573	58590	42166	70741	76905	21829	28799	70764	58013	47097	14458	12866	109555	28641	71844	24487	68095	28455	35983	36283	68497	7877	49685	23120	53735	103131	88591	106158	113887	46320	101795	29489	97113	102593	104929	96210	68111	133482	79829	123107	130935	114550	66147	103626	15739	89335	58640	17415	64058	17421	52704	21337	32388	90184	66534	93484	60108	50109	84340	63927	59842	111388	108207	126394	
126092	108547	110185	89074	36137	5140	14993	0	61633	69728	69818	87466	60424	48353	65239	55082	124099	85953	93088	91793	76619	62134	23086	56057	23028	92694	66806	87288	76805	110376	89740	85598	7344	83121	81001	46080	6262	106708	11741	34150	35263	65143	27051	74121	38436	30556	17146	20090	86255	33958	44457	22924	28045	24965	39736	63477	90578	26042	69036	23425	14288	60440	24883	21423	34617	32805	10582	109982	31689	16722	76761	100944	26464	16588	94791	117691	9453	115797	62137	108653	29340	107084	20033	84705	54854	57205	101966	85924	119220	80241	88496	102431	59581	81241	93735	70395	64586	19173	23657	25005	24294	55311	54328	67461	73625	15444	20840	67484	54733	43817	27898	19822	103170	35363	68565	18589	64815	39830	32703	53135	65218	18690	46405	11827	50455	96746	82206	99773	107502	39935	95410	26462	90728	96208	98544	92930	61726	127097	73444	116722	124551	108166	62867	97241	17343	82950	55360	24508	60778	11549	49424	18057	26004	83800	63255	87099	56828	46829	77955	60648	53457	105003	101822	120009	
68663	51119	52756	31645	63376	66049	68017	61633	0	59111	83042	56978	16427	17256	23181	82498	66042	27897	35031	33736	16861	51518	41961	23870	45407	34637	7048	29231	18749	52319	31683	27541	60404	25064	76877	70596	66685	48651	58406	77106	37178	78368	37058	49384	79327	73535	60874	55005	28198	56953	60564	85658	81404	52336	62906	5429	32521	87931	82261	76784	77022	49824	81901	72226	32087	68749	53540	51925	67632	73739	89985	42887	41470	50455	36734	59634	69709	57740	75361	50596	50981	49027	67918	26648	24367	60043	43909	27867	61163	22184	30439	44374	27394	23184	35678	30718	22928	81907	82425	60948	55901	79689	81744	80686	86849	52742	77858	69622	79112	68195	81257	76999	45113	71307	81789	81350	52434	75774	61983	80551	68085	72485	70783	68844	74833	38689	24149	41716	49445	26997	37353	89196	32671	38151	40487	66602	14737	69040	15387	58665	66494	50109	87245	39184	57107	24893	68584	84214	85156	74283	65373	69144	45293	25743	87633	28035	81207	50346	33252	73872	39966	46946	43765	61952	
123934	73683	108027	86916	69858	74144	76112	69728	59111	0	100976	88318	49761	45928	66092	89140	122315	84170	74150	90009	74835	8341	49691	36991	53137	52917	60325	85505	75022	75108	87956	83814	68134	54701	112160	77238	74415	87769	66136	84836	43821	96302	44173	77205	87057	81264	68603	62735	84471	64683	67206	93388	89134	60065	69548	57770	63064	95661	100195	84513	84752	12532	89630	79955	39585	76479	61269	108199	75362	81469	107920	82006	48585	58185	93007	115907	77439	114013	93295	106869	58711	88146	75648	82921	55707	81071	83028	63826	83861	53028	68675	83493	35936	58683	73914	71248	42171	89637	90155	68678	63631	86331	88386	98620	104783	60472	85587	92373	85754	74838	88987	84729	68912	79037	99723	89080	73462	83503	69713	87194	89114	80214	77426	76574	81476	68863	62385	97990	67726	40933	76472	96926	57377	68325	58767	85942	53067	125314	71661	114939	122767	106382	93888	95458	64836	81166	86518	91944	91799	82013	72015	76874	53023	82016	94275	85162	87849	56988	78808	91806	19714	86065	100039	118226	
111841	130320	102459	110847	36987	70051	73098	69818	83042	100976	0	59735	77879	67962	61517	19719	143875	105730	112865	111570	83954	90970	60437	77757	59485	112471	75258	107065	96582	130153	109517	105375	62582	102898	37798	22296	72347	126484	60278	45660	55794	3721	66364	45618	41481	46143	57314	57840	106032	44165	36035	89480	58576	52742	31314	83254	110355	91754	24576	53956	80845	89276	91371	44716	60028	41262	66410	129759	38524	82900	32300	120721	63816	73623	114568	106073	73532	135574	15347	128429	48141	126861	60172	104482	58010	21044	121743	105701	138997	100018	108273	122208	81282	101018	113512	53692	86286	85730	86248	53290	52070	8286	25211	20672	26835	72479	87018	26905	14275	25781	54033	80822	122947	37727	25361	85172	28654	37928	43952	30032	21199	67062	23654	78005	23581	116523	101983	119550	127279	64984	115187	93019	110505	115985	118321	51548	83426	104627	93221	136499	144327	127943	14643	95802	54362	102727	12872	81355	9113	78106	23879	52091	61134	103576	15031	84542	15779	43434	72643	9138	82293	124780	121599	110560	
51300	104256	49382	84783	59073	91882	93850	87466	56978	88318	59735	0	56385	44146	27375	76973	65737	81914	89048	87753	41484	81589	68900	53941	72346	88654	43148	51337	54660	106337	85700	81558	87343	79082	38020	57149	93623	102668	85345	86495	64117	59168	63997	20011	88716	82924	80761	81943	82215	61185	48478	112596	108342	65267	54316	59437	86538	114870	61067	103722	103961	79895	108839	99164	59025	78138	80478	57435	77021	100678	58000	96905	68409	77394	57950	54308	96648	65722	52887	66983	59307	103045	83619	80665	37853	43378	97927	81884	115180	76202	84457	98391	57465	77202	89696	23153	62470	108846	109364	76737	66940	62212	75602	58211	64375	79681	104796	37653	71529	59605	108195	103938	99130	76067	44210	108288	35769	85163	67399	74410	43030	99423	63614	95783	66243	92706	78167	62045	103463	53935	91370	116135	86688	92168	94504	12167	59610	44040	69405	56901	58501	58091	71897	49240	84045	78910	49749	111153	66367	101222	53288	75539	72232	79760	72285	39270	73033	45933	20444	54672	70037	100963	70189	49973	
81249	41794	65342	44231	62167	64840	66809	60424	16427	49761	77879	56385	0	13064	33765	81512	79649	41504	48638	47343	32169	42164	40975	14516	44421	21056	17658	42838	32356	43247	45290	41148	59418	21191	73636	69609	65699	62258	57420	76120	36192	75126	36072	46143	78341	72548	59887	54019	41805	55967	59577	84672	80418	51349	61920	8826	31203	86945	79019	75797	76036	40469	80914	71239	31101	67763	52553	65533	66646	72753	86744	56494	40484	49469	50341	73241	68723	71347	72120	64203	49995	62634	66932	40255	21126	56801	57517	33590	51999	11530	36163	57981	12437	25174	41401	38922	11207	80921	81439	59962	54915	78703	80757	77444	83608	51756	76871	66380	78126	67209	80271	76013	37050	70321	78547	80364	49192	74787	60997	79565	64844	71498	69797	67858	73847	37002	29873	55324	35864	26010	50960	88210	25516	36464	26906	54880	7384	82648	28994	72272	80101	63716	86259	52792	56120	38500	65343	83228	82325	73297	64387	68158	44307	39350	86647	42495	80220	49360	41335	70631	30612	60553	57372	75560	
82079	64534	66172	45061	50096	52769	54738	48353	17256	45928	67962	44146	13064	0	21354	69149	80381	42236	49371	48076	32902	37496	28612	9848	32058	28227	23089	43571	33088	66659	46023	41881	47055	39404	63480	57247	53336	62990	45057	63757	23829	64970	23709	35987	65978	60186	47525	41656	42538	43604	47215	72309	68055	38987	49557	19759	46860	74582	68863	63435	63673	35802	68552	58877	18738	55400	40191	66265	54283	60390	76588	57227	28121	37106	51073	73974	56360	72080	61964	64935	37632	63367	54569	40987	10969	46645	58249	42206	59170	22318	44779	58714	13372	37524	50018	26510	18377	68558	69076	47599	42552	66340	68395	67288	73452	39393	64509	56224	65763	54846	67908	63650	59453	57958	68391	68001	39036	62425	48634	67202	54688	59136	57434	55495	61484	53029	38489	56056	43035	13648	51693	75847	47011	52491	34077	53204	15517	83380	29727	73005	80833	64449	73896	53524	43758	39233	55187	70865	72169	60935	52024	55795	31944	40082	74284	43382	67858	36997	34070	60474	25944	61286	58105	76292	
56005	82029	38468	62556	57189	69655	71623	65239	23181	66092	61517	27375	33765	21354	0	77762	59447	58606	65741	64446	22863	58282	45592	30634	49038	65347	16804	32716	36039	83029	62393	58251	64035	55774	55670	55404	70316	79361	62037	80737	40809	59958	40689	28177	82958	77166	64505	58636	58908	60584	46733	89289	85035	55967	52571	36130	63231	91562	63851	80415	80653	56587	85532	75857	35718	72380	57171	44694	71263	77370	71575	73597	45101	54086	39329	44982	73340	54869	56951	53764	54612	79737	71549	57358	14546	41633	74619	58577	91873	52894	61149	75084	34158	53894	66388	8178	39163	85538	86056	64579	59532	63002	73857	62276	68439	56373	81489	48414	72318	57860	84888	80630	75823	74938	63379	84981	34024	79405	65614	72664	47891	76116	64404	72475	64498	69399	54859	44884	80155	30628	68063	92827	63381	68861	71197	35196	36302	45032	46097	52071	54417	47238	72687	34712	60738	55603	50174	87845	67156	77915	51543	72775	48924	56453	73074	23451	73822	44188	11552	55462	46730	77656	74475	53018	
147320	129776	131413	110302	20244	55315	45663	55082	82498	89140	19719	76973	81512	69149	77762	0	145017	106872	114007	112712	97538	81441	52323	76976	46649	113613	87725	108207	97724	131295	110659	106517	49746	104040	53365	24649	59512	127626	47442	25941	46265	19311	56834	61186	21763	28412	33721	45004	107174	31465	26912	64554	40845	39906	22217	84396	111497	54809	41400	36225	68009	79746	78536	26985	50499	23531	53575	130901	19296	70064	49125	121863	55701	60788	115710	138610	60696	136716	33088	129571	35441	128003	34306	105624	61615	36611	122885	106843	140139	101160	109415	123350	80500	102160	114654	69259	85505	63844	49303	25966	31315	17240	5492	38413	44577	59644	74183	44646	8591	15741	34314	45110	124089	17788	40928	72337	44221	18209	25352	9810	39231	34736	16968	65169	11672	117665	103125	120692	128421	55991	116329	60500	111647	117127	119463	66944	82645	120194	94363	137641	145469	129085	13824	118160	41527	103869	28439	46686	11524	65271	35770	39256	48299	104718	10477	100109	5200	39592	88210	24705	72763	125922	122741	140928	
21935	96122	24808	53286	125841	128515	130483	124099	66042	122315	143875	65737	79649	80381	59447	145017	0	64175	70302	40325	50899	114870	105313	87222	108760	79720	72366	46138	55488	97402	49720	63820	123756	70147	103027	133948	130037	83922	121758	140458	100530	141720	100410	82816	142679	136887	124226	118357	42882	120306	123916	149010	144756	115688	126258	68763	77604	151284	145613	140136	140374	113176	145253	135578	95439	132101	116892	17387	130984	137091	123006	78158	104822	113808	33233	15387	133061	6878	138713	25400	114333	84298	131270	50558	87719	123395	79180	72950	106246	67267	63106	79645	90746	68267	71659	67340	77411	145259	145777	124300	119253	143041	145096	144038	150201	116095	141210	102660	142464	131547	144609	140352	90196	134659	109217	144702	115786	139126	125335	143904	105002	135837	134135	132196	138185	83772	62455	20903	94528	90349	72624	152549	77754	83234	85570	76437	78071	24793	56982	10672	16774	13950	150598	37508	120459	48746	131936	147566	148509	137636	128725	132496	108645	44501	150985	37898	144559	113698	61192	137224	103318	82217	28606	16054	
65646	46118	49739	3887	87696	90369	92338	85953	27897	84170	105730	81914	41504	42236	58606	106872	64175	0	8403	18898	34977	75934	66378	48286	69824	33706	33430	28728	18245	47707	8884	6863	84821	24133	101293	95012	91101	25290	82823	101522	61595	102784	61474	73801	103743	97951	85290	79421	13490	81370	84980	110074	105820	76752	87322	29827	31991	112348	106677	101200	101438	74240	106317	96642	56503	93165	77956	49987	92049	98155	114402	19526	65887	74872	24042	57696	94126	55802	99777	48658	75397	25666	92335	5082	48783	84459	20548	25594	56551	26423	16010	21013	51810	22253	19514	64324	36566	106323	106842	85364	80317	104105	106160	105102	111266	77159	102274	94038	103528	92611	105673	101416	40501	95723	106205	105766	76850	100190	86399	104968	92501	96901	95199	93260	99249	33812	18882	39778	43891	51413	13992	113613	31739	28947	39556	91018	30695	67102	14897	56727	64556	48171	111662	27773	81523	14003	93000	108631	109573	98700	89789	93561	69710	23443	112049	38862	105623	74762	54453	98288	64382	23585	28594	60014	
71773	38484	55866	8507	94831	97504	99473	93088	35031	74150	112865	89048	48638	49371	65741	114007	70302	8403	0	26590	42427	66476	74242	56150	77688	29653	41295	36177	25695	40045	14559	11323	92685	20080	109158	102876	98966	17628	90687	109386	69459	110648	69339	81665	111608	105815	93154	87285	21182	89234	92844	117939	113685	84616	95186	32771	26312	120212	114541	109064	109303	64781	114181	104506	64367	101029	85820	56503	99913	106020	122266	11864	73751	82736	31734	64212	101990	62317	107642	55173	83262	18004	100199	12774	56647	92323	12886	16279	48889	32057	7425	13351	41104	18200	11852	72188	34322	114188	114706	93229	88182	111970	114024	112966	119130	85023	110138	101902	111392	100476	113537	109280	32839	103588	114069	113630	84714	108054	94264	112832	100366	104765	103064	101125	107114	26150	11668	46294	36229	59277	6330	121477	27687	21285	35503	98882	33003	73618	22346	63243	71071	54686	119526	39704	89387	21695	100865	116495	117437	106564	97653	101425	77574	29959	119913	50792	113487	82627	61902	106152	54924	15923	36286	66530	
41796	63816	25889	17064	93536	96209	98178	91793	33736	90009	111570	87753	47343	48076	64446	112712	40325	18898	26590	0	24800	81965	72408	54317	75855	46815	39461	19152	22583	64497	13253	24127	90851	37242	107324	101043	97132	51017	88853	107553	67625	108815	67505	79831	109774	103982	91321	85452	6415	87401	91011	116105	111851	82783	93353	35858	44699	118379	112708	107231	107469	80271	112348	102673	62534	99196	83987	26493	98079	104186	120433	45253	71917	80903	9531	34201	100156	32307	105808	16170	81428	51393	98365	14091	54814	90490	46275	40045	73341	34362	30200	46740	57841	35362	38754	70355	44506	112354	112872	91395	86348	110136	112191	111133	117296	83190	108305	100069	109559	98642	111704	107446	57291	101754	112236	111797	82881	106221	92430	110998	98532	102932	101230	99291	105280	50867	29550	16284	61623	57444	39719	119644	44849	50329	52665	73058	45166	43608	24077	33233	41061	24676	117693	13263	87554	12279	99031	114661	115604	104731	95820	99591	75740	8784	118080	24351	111654	80793	44181	104319	70413	49312	10250	36520	
47968	65561	23470	37477	78362	81035	83003	76619	16861	74835	83954	41484	32169	32902	22863	97538	50899	34977	42427	24800	0	66886	57329	39238	60775	48742	16932	13866	17189	66424	33781	34661	75772	39169	78956	85963	82053	55770	73774	92474	52546	81053	52426	49272	94695	88902	76241	70373	26943	72321	68015	101026	96772	67703	78274	20797	46626	103299	84946	92151	92390	65191	97268	87593	47455	84117	68907	30294	83000	89107	92671	50007	56838	65823	20600	33675	85077	40469	78047	35035	66349	56147	83286	33768	33276	62728	51029	41972	75268	36289	34954	51494	42762	37289	43508	29274	46433	97275	97793	76316	71269	84097	97111	83371	89535	68110	93225	69510	94479	83563	96625	92367	59218	86675	84474	96718	55119	91141	77351	95919	68986	87852	86151	84212	90201	52794	38254	26156	63550	42364	44473	104564	46776	52256	54592	52366	30105	33725	25007	43284	51112	32838	93782	15983	72474	30663	71270	99582	88252	89651	72824	84512	60661	21889	94170	11173	94918	65714	23488	76557	55334	54066	31998	41710	
116341	66090	100433	79323	62265	66550	68519	62134	51518	8341	90970	81589	42164	37496	58282	81441	114870	75934	66476	81965	66886	0	41376	28676	44822	44602	52010	77190	66707	66793	79642	75500	59819	46386	103845	68923	66100	79455	57821	76521	35506	87987	35858	68890	78742	72950	60288	54420	76157	56368	58891	85073	80819	51751	61233	49456	54749	87346	91880	76199	76437	9058	81316	71640	31271	68164	52955	99884	67047	73154	99605	73691	40270	49870	84692	107593	69124	105698	84980	98554	50396	79831	67333	74606	47392	72756	74713	55511	75546	44713	60360	75178	27621	50368	65599	62933	33856	81322	81840	60363	55316	78016	80071	90305	96469	52157	77273	84058	77439	66523	80672	76414	60597	70722	91408	80765	65147	75189	61398	78879	80799	71900	69111	68259	73161	60549	54070	89675	59411	32618	68157	88611	49062	60011	50452	77627	44752	116999	63346	106624	114452	98067	85573	87143	56521	72852	78203	83629	83484	73698	63700	68559	44708	73701	85960	76847	79534	48673	70493	83491	11399	77750	91724	109911	
106784	89239	90877	69766	33147	27502	29470	23086	41961	49691	60437	68900	40975	28612	45592	52323	105313	66378	74242	72408	57329	41376	0	36690	7096	73326	47438	67921	57438	91009	70372	66230	22092	63754	74064	39142	28373	87340	20094	38575	15896	58206	4972	46480	40796	35004	22343	16474	66887	18423	31414	47346	43092	13805	31453	44109	71210	49620	62099	38472	38710	41073	43589	33914	15250	30218	15228	90615	29102	35427	69824	81577	3859	12144	75423	98323	31397	96429	55199	89285	12450	87717	29606	65337	35487	44114	82599	66556	99853	60874	69129	83063	40214	61874	74368	51028	45219	43595	44113	22417	17370	48236	51759	60524	66688	14431	39546	55416	47658	36742	42945	38687	83802	32776	61627	43038	36505	37243	23452	40418	52156	34173	39330	30532	43380	77378	62839	80406	88135	20568	76042	50885	71360	76840	79176	57875	42359	107730	54077	97354	105183	88798	55792	77874	18576	63582	48423	45902	53703	35972	36224	30832	8858	64432	56180	67731	49753	21197	58588	53710	34089	85636	82455	100642	
88693	47095	72786	51675	57800	60473	62442	56057	23870	36991	77757	53941	14516	9848	30634	76976	87222	48286	56150	54317	39238	28676	36690	0	40021	26333	25074	50254	39771	48524	52706	48564	55018	28116	72967	65209	61299	69673	53020	71720	31792	74457	31672	45474	73941	68148	55487	49619	49221	51567	55177	80272	76018	46949	57520	22520	36480	82545	78350	71397	71636	27727	76514	66839	26701	63363	48153	72948	62246	68353	86075	63910	36084	45069	57757	80657	64323	78763	71451	71618	45595	70050	62532	47671	20456	56132	64932	48890	57276	24618	51462	65397	7276	44207	56701	35997	15587	76521	77039	55562	50515	74303	76357	76775	82939	47356	72471	65711	73726	62809	75871	71613	42327	65921	77878	75964	48523	70387	56597	75165	64175	67098	65397	63458	69447	42279	45172	62739	41141	21610	58376	83810	30793	41741	32183	62691	17817	90063	36410	79688	87516	71132	81859	60207	51720	45916	64674	78828	79770	68897	59987	63758	39907	46765	82247	49911	75820	44960	43557	69961	17870	67969	64788	82975	
110230	92685	94323	73212	27473	27444	29413	23028	45407	53137	59485	72346	44421	32058	49038	46649	108760	69824	77688	75855	60775	44822	7096	40021	0	76173	50285	70767	60285	93855	73219	69077	20381	66600	72654	37733	26661	90187	16872	32796	18743	56796	10305	46999	35018	29225	16564	10695	69734	12644	27745	45634	41380	8026	25230	46956	74057	47908	60689	36760	36998	43919	41877	23447	18096	24439	13516	93462	23323	33715	68414	84423	10229	11725	78270	101170	29685	99276	53790	92132	7592	90563	21118	68184	38333	48858	85446	69403	102699	63720	71975	85910	43061	64720	77214	53874	48065	41883	42402	16639	11592	46964	45981	59114	65278	12719	37834	59137	46386	35470	37202	36976	86649	26998	60217	41326	37024	31464	17674	34639	56871	28008	38058	28820	42108	80225	65685	83252	90981	23414	78889	49173	74207	79687	82023	58393	45205	110576	56923	100201	108030	91645	54520	80720	12797	66429	47013	44190	52431	34260	41077	15487	5322	67279	54907	70578	48481	21715	61434	52301	36936	88482	85301	103489	
81191	20961	65284	42130	94437	97110	99079	92694	34637	52917	112471	88654	21056	28227	65347	113613	79720	33706	29653	46815	48742	44602	73326	26333	76173	0	39785	42805	32322	22728	38384	34242	91175	12809	107648	101367	97456	37092	89177	107877	67949	109139	67829	80155	110098	104306	91645	85776	41771	87725	91335	116429	112175	83107	93677	31261	10684	118703	113032	107555	107793	43434	112672	102997	62858	99520	84311	65499	98403	104510	120757	37482	72241	81227	50307	73207	100480	71313	106132	64169	81752	37468	98689	33349	55138	90814	35485	16962	31313	17000	24151	32815	19757	12524	25822	70679	12975	112678	113196	91719	86672	110460	112515	111457	117620	83514	108629	100393	109883	98966	112028	107771	16532	102078	112560	112121	83205	106545	92754	111322	98856	103256	101554	99615	105604	16484	17861	55290	15346	57768	31947	119968	4997	15946	6388	97373	16154	82614	23181	72238	80067	63682	118017	52758	87878	33129	99355	114985	115928	105055	96144	99915	76064	39316	118404	56215	111978	81117	65989	104643	33577	38556	57339	75526	
73837	56292	39140	36819	68549	71222	73191	66806	7048	60325	75258	43148	17658	23089	16804	87725	72366	33430	41295	39461	16932	52010	47438	25074	50285	39785	0	20705	16642	57953	37317	33175	66038	30698	71015	76230	72319	54285	64040	82740	42812	72505	42692	43522	84961	79168	66507	60639	33832	62587	53244	91292	87038	57969	68540	11063	38155	93565	76398	82418	82656	51235	87534	77859	37721	74383	59174	57559	73266	79373	84123	48521	47104	56089	42368	65268	75343	63374	69499	56230	56615	54661	73552	32282	18505	54180	49543	33501	66797	19586	36073	50008	28806	28818	41312	25427	28492	87541	88059	66582	61535	75550	87378	74824	80987	58376	83491	63759	84746	73829	86891	82633	50747	76941	75927	86984	46572	81407	67617	86185	62223	78119	76417	74478	80467	44323	29783	47350	55079	32631	42987	94830	38305	43785	46121	51098	20301	51787	21021	64299	72128	55743	85235	31667	62740	30527	62722	89848	79704	79917	58053	74778	50927	31377	85622	26857	86840	55980	27960	68010	41378	52580	49399	67586	
47609	59312	20436	32116	89031	91704	93673	87288	29231	85505	107065	51337	42838	43571	32716	108207	46138	28728	36177	19152	13866	77190	67921	50254	70767	42805	20705	0	10805	60040	28137	28277	86395	32785	88674	96586	92675	49387	84397	103096	63169	90952	63048	59172	105317	99525	86864	80995	21299	82944	86554	111648	107394	78326	88896	31401	40242	113922	94845	102774	103012	75814	107891	98216	58077	94739	79530	26976	93623	99729	102570	43623	67461	76446	14956	30709	95700	37200	87946	29877	76971	49763	93909	22803	50357	72627	44645	35588	68884	29906	28571	45110	53384	30905	37124	39173	40049	107897	108416	86938	81891	105679	107734	93270	99434	78733	103848	79409	105102	94185	107247	102990	52834	97297	94374	107340	65019	101764	87973	106542	78885	98475	96773	94834	100824	46410	31871	20998	57166	52987	38089	115187	40392	45872	48208	62084	40709	39237	18623	38126	45954	29569	113236	11269	83097	17420	81169	110205	111147	100274	91363	95135	71284	11661	113623	20892	107197	76336	33206	86457	65956	47682	28771	41413	
56958	48829	41051	21634	78548	81221	83190	76805	18749	75022	96582	54660	32356	33088	36039	97724	55488	18245	25695	22583	17189	66707	57438	39771	60285	32322	16642	10805	0	49693	22071	17929	76047	22438	92520	86238	82327	39039	74049	92748	52821	94010	52701	65027	94970	89177	76516	70647	17236	72596	76206	101300	97046	67978	78548	21053	29894	103574	97903	92426	92665	65466	97543	87868	47729	84391	69182	40964	83275	89381	105628	33275	57113	66098	25772	48672	85352	46778	91003	39634	66623	39415	83561	17036	40009	75685	34297	25240	58536	19558	18223	34762	43036	20557	26777	42631	29701	97550	98068	76591	71543	95331	97386	96328	102492	68385	93500	85264	94754	83838	96899	92642	42486	86949	97431	96992	68076	91416	77625	96194	83727	88127	86426	84486	90476	36062	21523	30755	46819	42639	27741	104839	30044	35524	37860	65542	30361	58079	8275	47703	55532	39147	102888	28223	72749	13931	84227	99857	100799	89926	81015	84787	60936	14781	103275	24350	96849	65988	36664	89514	55608	37334	32804	50991	
98873	2404	82966	47810	112119	114792	116761	110376	52319	75108	130153	106337	43247	66659	83029	131295	97402	47707	40045	64497	66424	66793	91009	48524	93855	22728	57953	60040	49693	0	53908	50672	109104	36499	125577	119296	115385	41318	107106	125806	85878	127068	85758	98084	128027	122235	109573	103705	54968	105653	109263	134358	130104	101035	111606	49190	20999	136631	130961	125484	125722	65817	130600	120925	80787	117449	102240	83428	116332	122439	138685	40901	90170	99155	68236	91136	118409	89242	124061	82098	99681	41694	116618	51041	73067	108742	39711	27277	9687	39383	40752	37041	42140	31096	30048	88608	35358	130607	131125	109648	104601	128389	130444	129386	135549	101442	126557	118322	127812	116895	129957	125699	7320	120007	130489	130050	101134	124474	110683	129251	116785	121185	119483	117544	123533	14461	34462	73219	8370	75697	35367	137896	22497	19327	17137	115302	38537	100543	41110	90167	97996	81611	135945	70687	105806	50822	117284	132914	133856	122983	114073	117844	93993	57245	136333	74143	129907	99046	83917	122572	55960	42782	75267	93455	
51191	52486	35284	6493	91483	94156	96125	89740	31683	87956	109517	85700	45290	46023	62393	110659	49720	8884	14559	13253	33781	79642	70372	52706	73219	38384	37317	28137	22071	53908	0	11136	99694	27999	116167	109885	105975	31615	97696	116395	76468	117657	76348	88674	118617	112824	100163	94294	7821	96243	99853	124947	120693	91625	102195	44700	35857	127221	121550	116073	116312	89113	121190	111515	71376	108038	92829	35335	106922	113029	129275	25851	80760	89745	18373	43044	108999	41150	114651	34005	90271	31991	107208	5944	63656	99332	26873	30039	62876	30289	23399	27338	66684	26119	25839	79197	40433	121197	121715	100238	95190	118979	121033	119975	126139	92032	117147	108911	118401	107485	120546	116289	46826	110596	121078	120639	91723	115063	101273	119841	107375	111774	110073	108134	114123	40137	22749	25126	52380	66286	20317	128486	35606	35272	43422	81900	34562	52450	18764	42075	49903	33519	126535	22105	96396	9953	107874	123504	124446	113573	104662	108434	84583	13800	126922	33193	120496	89635	53023	113161	79256	29910	22925	45362	
65290	49250	49383	7046	87341	90014	91983	85598	27541	83814	105375	81558	41148	41881	58251	106517	63820	6863	11323	24127	34661	75500	66230	48564	69077	34242	33175	28277	17929	50672	11136	0	84457	23769	100929	94648	90737	28412	82459	101158	61231	102420	61110	73437	103379	97587	84926	79057	16031	81006	84616	109710	105456	76388	86958	29463	31627	111984	106313	100836	101074	73876	105953	96278	56139	92801	77592	49624	91685	97791	114038	22648	65523	74508	26583	57332	93762	55438	99413	48294	75033	28788	91971	7623	48419	84095	23670	25809	60269	26059	19169	24135	51446	21889	22636	63960	36202	105959	106478	85000	79953	103741	105796	104738	110902	76795	101910	93674	103164	92247	105309	101052	44219	95359	105841	105402	76486	99826	86035	104604	92137	96537	94835	92896	98886	36934	18518	39414	48150	51049	17114	113249	31376	32069	39192	90654	30331	66738	14533	56363	64192	47807	111298	32824	81159	13639	92637	108267	109209	98336	89425	93197	69346	23079	111685	43913	105259	74398	54089	97924	64018	26707	31135	59650	
125227	107682	109320	88209	30570	7519	7430	7344	60404	68134	62582	87343	59418	47055	64035	49746	123756	84821	92685	90851	75772	59819	22092	55018	20381	91175	66038	86395	76047	109104	99694	84457	0	82430	76851	41930	12555	106016	7591	28189	34572	60993	26359	69971	32475	24595	12996	15940	85563	29808	40306	26338	22084	20815	35586	62785	89886	28612	64886	17464	17702	59748	28229	14363	33925	28655	8683	109291	27539	21822	72611	100253	25772	15897	94099	116999	10389	115105	57987	107961	25190	106392	10056	84013	54163	53055	101275	85232	118528	79550	87805	101739	58890	80549	93043	69703	63895	22587	23105	20855	20144	51160	50178	63311	69475	14752	26342	63334	50583	39667	21937	17679	102478	31213	64414	22030	60665	35680	28553	48985	61067	12729	42255	17419	46305	96054	81515	99082	106811	39244	94718	29877	90036	95516	97852	88780	61034	126406	72753	116030	123859	107474	58717	96550	13193	82258	51210	24894	56628	14964	45274	13907	25312	83108	59104	86407	52678	42679	77264	56497	52765	104311	101130	119318	
71618	35078	55711	32557	84864	87537	89506	83121	25064	54701	102898	79082	21191	39404	55774	104040	70147	24133	20080	37242	39169	46386	63754	28116	66600	12809	30698	32785	22438	36499	27999	23769	82430	0	98150	91869	87958	33747	79679	98379	58451	99641	58331	70657	100600	94808	82147	76278	32273	78226	81837	106931	102677	73609	84179	21763	16734	109205	103534	98057	98295	45379	103174	93499	53360	90022	74813	56001	88905	95012	111258	27984	62743	71728	40809	63709	90982	61815	96634	54671	72254	34124	89191	23850	45640	81316	29006	12080	43768	7866	14653	29470	21702	4661	19892	61181	14920	103180	103698	82221	77174	100962	103017	101959	108122	74015	99131	90895	100385	89468	102530	98272	29327	92580	103062	102623	73707	97047	83256	101824	89358	93758	92056	90117	96106	22903	8363	45792	27801	48270	22449	110470	11026	22365	18842	87875	13601	73116	13683	62740	70569	54184	108518	43260	78380	23631	89857	105487	106430	95557	86646	90417	66566	29818	108906	46717	102480	71619	56490	95145	35522	32043	47841	66028	
88975	124155	87056	104682	48171	81235	84281	81001	76877	112160	37798	38020	73636	63480	55670	53365	103027	101293	109158	107324	78956	103845	74064	72967	72654	107648	71015	88674	92520	125577	116167	100929	76851	98150	0	43784	85396	122205	73326	78237	68843	35937	79412	29328	80458	74666	70362	70888	101752	57214	49083	102529	91546	65790	44362	78974	106075	104802	24705	86925	93893	102325	104420	73147	73077	69880	79459	95079	68763	95948	21637	116441	76864	86672	95593	91952	86580	103366	24234	104626	61190	122581	73220	100202	53731	34093	117464	101421	134717	95739	103993	117928	77002	96738	109232	47924	82007	98778	99296	66339	65119	38981	67344	29558	35722	85528	100067	20475	48298	49328	82643	93870	118667	67809	15511	98221	41702	76905	57000	66152	25851	80111	40383	91053	46714	112243	97703	99689	122999	78032	110907	106067	106225	111705	114041	28552	79147	81683	88941	94544	96144	95735	48666	86884	67411	98447	26154	94404	43136	91154	36927	65140	74183	99297	49054	76914	49802	56482	56739	31441	95341	120500	117319	87616	
105902	117874	119511	98400	13249	46313	49359	46080	70596	77238	22296	57149	69609	57247	55404	24649	133948	95012	102876	101043	85963	68923	39142	65209	37733	101367	76230	96586	86238	119296	109885	94648	41930	91869	43784	0	49872	114235	37802	42713	32874	12283	43443	36899	42354	39142	34838	35364	93782	21690	9269	67005	56022	30266	8393	71004	98105	69278	28938	51401	58369	66355	68896	37623	37108	34356	43935	117510	33239	60424	36663	108472	40895	51148	102318	125218	51056	123324	22038	116180	29278	114612	37696	92232	41939	17107	109494	93451	126748	87769	96024	109958	67109	88769	101263	44973	72114	63254	63772	30815	29595	11507	26410	27363	33527	50004	64543	27386	19077	10494	47119	58346	110697	32285	28466	62697	24717	38801	21476	25218	25119	44587	6950	55529	14798	104273	89734	107301	115030	42599	102937	70543	98255	103735	106071	52832	69254	95908	80972	124250	132078	115693	22586	104769	31887	90477	15261	58879	17055	55630	6334	29616	38659	91327	22974	75823	21172	23055	63924	10457	59372	112531	109350	101841	
131508	113963	115601	94490	40336	5978	15012	6262	66685	74415	72347	93623	65699	53336	70316	59512	130037	91101	98966	97132	82053	66100	28373	61299	26661	97456	72319	92675	82327	115385	105975	90737	12555	87958	85396	49872	0	111887	15713	37863	40443	69115	32230	78093	42148	34268	21118	24062	91434	37930	48429	17731	30982	28937	43708	68656	95757	20849	73008	26519	9095	65619	19595	28101	39796	37977	14554	115162	35661	13188	80733	106123	31643	21768	99970	122870	10295	120976	66109	113832	33312	112263	24005	89884	60033	61178	107146	91103	124399	85421	93675	107610	64761	86420	98914	75574	69765	13980	18464	28977	28266	59283	58300	71434	77597	20623	17708	71457	58705	47789	31611	23889	108349	39336	72537	13396	68787	43802	36675	57108	69190	25085	50377	7315	54427	101925	87386	104953	112681	45115	100589	21269	95907	101387	103723	96902	66905	132277	78623	121901	129730	113345	66839	102421	21315	88129	59332	23379	64750	6356	53396	22029	31183	88979	67227	92278	60800	50802	83134	64620	58636	110182	107001	125189	
85392	39896	69485	25393	108450	111124	113092	106708	48651	87769	126484	102668	62258	62990	79361	127626	83922	25290	17628	51017	55770	79455	87340	69673	90187	37092	54285	49387	39039	41318	31615	28412	106016	33747	122205	114235	111887	0	103923	122623	82695	123884	82575	94901	124844	119051	106390	100522	43293	102470	106080	131175	126921	97852	108423	46007	27895	133448	127777	122301	122539	78018	127417	117742	77604	114266	99056	69739	113149	119256	135502	10803	86987	95972	54548	77448	115226	75554	120878	68409	96498	5202	113435	29593	69884	105559	7137	24611	50024	45293	22926	5629	54340	31436	14212	85425	47558	127424	127942	106465	101418	125206	127260	126203	132366	98259	123374	115138	124629	113712	126774	122516	33974	116824	127306	126867	97951	121290	107500	126068	113602	118002	116300	114361	120350	27285	24904	59530	37364	72514	11310	134713	33139	22420	40427	112119	46239	86854	35583	76479	84307	67923	132762	52940	102623	39147	114101	129731	130673	119800	110890	114661	90810	43195	133150	64029	126723	95863	75138	119389	68160	3373	61579	79766	
