//--------------------------------------------------------------------------------------------------------------------
//-- données sur le CANTAL récupérés par le géocodeur (matrice symétrique)
//-- 
//-- C. Duhamel, P. Lacomme C. Prodhon - JUILLET 2009 : 8700 kg à collecter, flotte de capa 9300
//--------------------------------------------------------------------------------------------------------------------
187 7 999999 0 0 0
2 50 80 0.8
2 100 120 1.2
5 200 120 1.4
5 200 150 1.3
5 500 180 1.8
5 500 200 1.3
2 1000 250 1.9
0   // la ville qui represente le depot
0	30938	36189	64768	24725	36740	60603	57113	35734	78218	93595	54791	43960	52937	60505	67391	71871	71425	78957	47864	16652	82504	51612	86517	75601	14029	16447	45975	17199	75187	69454	59244	49478	42114	70822	35909	50097	44600	17111	46567	29832	62336	87700	17384	60586	45832	35083	54909	64595	46728	81140	50511	72696	23956	82324	57549	8873	46508	75378	56023	71697	68733	72452	69476	69563	76372	46141	40327	38432	13056	28152	36982	56563	74511	66995	26515	66705	87374	43133	50042	46831	33630	65130	32657	40335	36461	75478	51061	41113	69280	94101	69436	48411	34500	46178	81350	87464	61311	5939	58298	16149	28444	70562	29755	40485	80720	18767	29951	75368	30435	26358	73835	38174	67263	85002	46059	58995	42801	64231	19381	85699	78550	39355	61964	45467	32727	51035	56660	61852	36868	65527	96815	73152	53430	94320	26624	32513	76517	78296	22584	54960	68597	70967	30362	56245	39453	65587	74342	40795	77139	99607	25008	85249	49390	64535	22213	61149	47243	58747	60831	77613	66282	21040	79663	83532	73039	23671	18836	62265	61784	28128	52347	54745	12959	37298	47090	13750	57856	45965	44135	48871	34412	32775	28716	74802	65271	43039	59774	
30938	0	48203	72571	30815	61512	68407	47017	26995	77622	101398	75489	19814	73351	51766	84328	79674	62687	99655	33758	45727	103202	72310	107216	96299	20913	45522	69655	10693	74614	60716	43456	30927	59855	78626	27170	75572	35862	25970	27610	30713	80636	95503	25188	68389	70604	25844	62713	87112	67427	101838	68757	69112	14324	103022	73767	24746	36523	96076	76721	92395	89538	93150	90174	53776	97177	62358	56545	49181	33754	33063	44785	47824	95209	66588	35861	87404	108072	73513	75147	68373	21524	56391	46073	18433	27722	96176	67279	27007	70013	114799	60423	39672	18262	30391	102048	108162	52573	21153	76116	15978	50494	91260	52036	66493	101418	36643	59026	96066	11231	55433	81638	58872	87961	105701	66757	75213	34063	84929	32089	101822	99248	64830	53226	29680	20621	58838	78897	69655	53085	73330	117513	93956	44692	115018	37307	40973	97321	86099	43282	76502	89295	78770	59437	64048	31000	86392	65604	46920	98779	120305	16270	105947	65608	82276	10880	68953	55047	66551	81529	98311	57543	13330	100361	104336	72443	24551	33306	78483	82482	48827	36559	46007	25666	41203	38351	36412	49117	49870	60353	69569	55111	33655	39465	95500	56533	63737	80578	
36189	48203	0	92001	19038	16273	87836	84345	62967	105451	120828	83543	52176	81690	87737	96143	99103	98658	107710	40413	36798	113012	78247	111030	104353	26902	25425	25508	39288	102420	96687	86476	76710	26189	98055	63142	29630	71833	23126	73799	19258	91089	114933	44617	87819	27574	35452	82142	93347	75481	109892	35091	99929	41207	100832	86302	30613	40297	87982	78989	100449	97486	83573	98229	96796	105125	74893	69080	10379	41808	55385	64215	83796	103263	94228	13495	86703	116126	39847	29575	25679	60862	92363	61409	62745	63694	104231	79814	40578	96513	122853	96669	75644	47850	73411	96487	117971	88544	34326	87051	33027	17558	99315	28957	59504	109473	23917	38061	104121	41312	33369	101068	66927	96016	113755	66262	87748	70034	92983	17938	114451	107303	18888	89197	72700	59960	78268	85412	89085	65620	92759	127743	101905	80663	127237	10895	11276	105269	105529	51337	33809	97350	98199	43429	83478	32244	94340	101575	34584	105891	124736	52241	114001	78143	44523	39590	88382	74476	85980	89584	92536	93515	48273	108902	112284	100272	26017	15091	91018	89083	56881	79580	81978	23132	19345	74323	25290	85089	28012	72888	77624	63165	25771	8039	103555	92504	71791	88527	
64768	72571	92001	0	80508	92522	22373	45185	57689	25526	28827	51050	90688	44166	34693	35020	7103	28148	63499	100635	79605	77101	60375	81115	56206	67909	79400	101757	66042	18680	35488	52382	74358	104889	6055	54336	105880	56928	70992	71447	82604	41548	22932	50788	8293	101614	87855	22221	33511	51928	47981	113790	19362	76727	76921	33402	62753	99279	69975	57342	66294	45188	67049	64073	50116	37896	41770	44846	94214	62508	45768	31620	42713	54044	15919	80090	64470	70936	106086	105824	102613	63811	39747	47447	78510	62113	69528	38994	93884	12770	74706	27118	45234	87271	68074	75947	85668	27298	59267	38683	68921	90284	54219	92708	83782	56041	78365	92905	49934	82104	89311	9067	57898	61860	65608	72346	36125	47974	55513	75164	29251	54338	95138	36979	58093	70902	19238	25295	23022	46965	19728	77420	41540	51538	74926	82407	88295	41887	25211	60572	110743	56633	16955	93315	14963	92224	41923	39642	93566	35613	80213	63183	57444	47587	127309	71588	8997	17514	13364	50701	72210	33728	59215	74260	45055	19706	76442	77902	39395	62215	66116	60460	34040	68741	93080	41740	70662	40060	101747	47537	52882	63071	85546	84498	62838	34293	54461	46585	
24725	30815	19038	80508	0	18490	76468	70958	49579	94082	109459	72175	40224	70321	74350	84775	87735	85270	96341	28461	33901	99888	68996	103901	92985	14328	26704	26632	21935	91051	83300	70415	57886	32051	86687	49754	32549	58445	8995	54569	6682	79720	103564	33248	76450	27582	17323	70774	81979	64112	98524	40952	88560	23854	106693	74933	19244	27172	92762	73407	89081	86117	85701	86860	80734	93756	63525	57711	21376	30440	44016	52846	70408	91895	82859	14773	84089	104758	45708	32125	25350	46028	78975	50040	45392	50306	92862	68445	28627	85144	111485	83007	62256	24449	57349	102349	104848	75156	22958	75682	15674	22690	87946	31085	61631	98104	20873	40188	92752	23959	35497	89699	55558	84647	102386	68390	76379	56647	81615	6569	103083	95934	21807	75810	56639	45126	66899	74044	77716	54252	81391	114199	90536	67275	111704	7930	13396	93901	94160	39968	33480	85981	86831	45556	72109	20292	82971	88187	21459	94523	116991	38853	102633	66774	54471	22237	77014	63108	74611	78215	94997	80127	34885	97047	100916	88903	8664	12526	79649	79168	45512	63518	68590	11763	15653	60935	18310	71701	24320	61519	66255	51796	14076	11660	92186	79117	60423	77158	
36740	61512	16273	92522	18490	0	88452	84330	62951	106067	121444	84159	45674	82306	87722	96759	99719	98642	108326	33911	43380	111873	85621	119262	104969	27518	31951	11361	35306	103036	96671	101372	88843	34420	98671	63126	19667	71817	22948	85526	15136	91705	115548	45233	88435	9541	28950	82758	93963	76097	110508	43322	100544	37226	109063	86918	31229	33796	95356	86363	101065	98102	90947	98845	111691	105741	75509	69696	26623	42424	56001	64831	83780	103879	94844	20020	94077	116742	48078	16853	9569	59400	92347	62025	76349	63678	104846	80429	34077	97129	123469	97285	75628	41349	88306	104719	116832	88528	34942	87667	29046	27937	99931	36332	66878	110089	30499	45435	104737	35458	40743	101683	67543	96632	114371	73637	88364	70018	93599	18553	115067	107918	8925	89181	87596	58498	78884	86028	89701	66236	93375	126183	102521	80647	123689	11554	4641	105885	106145	51952	17698	97966	98815	50803	84094	25742	94956	101559	28083	106507	128976	52225	114617	78759	48820	35609	88998	75092	86596	90200	99910	93499	48257	109031	112900	100888	22036	21673	91634	91153	57497	94475	81962	23748	11446	74307	30295	85073	22132	73504	78239	63781	19269	16520	104170	92488	72407	89143	
60603	68407	87836	22373	76468	88452	0	37203	40113	21926	48229	58134	86533	51250	20582	51047	26505	20166	75678	96481	75451	84185	67459	88198	75609	63755	75246	97603	61888	18894	27506	44400	60247	100734	25457	50182	101725	42817	66837	57336	78449	48632	42334	46634	12624	97460	83700	19559	40594	59012	67383	109636	16403	72573	84005	40486	58599	95125	77059	64426	73378	57115	74133	71157	42134	57298	40251	43327	90060	58354	41614	27465	28578	73446	13777	75936	71553	90339	101931	101670	98459	48234	31765	43293	61286	44904	73844	46078	89730	12988	94109	13007	31123	83117	53963	83031	89145	13187	55112	45767	64766	86130	73621	88554	79628	75443	74210	88750	69337	77950	85157	28469	64982	68944	85010	79892	43209	33863	62597	71009	48653	73741	90984	27781	43982	66748	9568	32379	26501	50305	26812	96823	60942	40278	94328	78252	84141	61289	39582	56417	106588	65318	32252	89161	20894	88070	53785	31661	89412	55015	99615	50100	76847	51687	123155	67434	20512	13360	7414	57622	79294	22804	55061	81344	64457	16746	72288	73747	46479	69299	61962	51302	19928	64587	88926	27628	66508	32078	97593	46018	59966	68246	81392	80344	71523	26311	61545	53669	
57113	47017	84345	45185	70958	84330	37203	0	23159	35101	70943	90278	65153	83394	18928	77136	49219	18745	105615	79096	72112	116329	96157	120342	98323	60417	71908	94265	50864	40302	16774	13673	33931	97396	48171	31287	98387	25862	63499	31230	71019	80776	65048	48094	42419	94122	71183	52472	72738	87514	90097	106298	25940	57368	116149	72630	55260	81861	109203	96570	105522	87305	106277	103301	15912	80012	72745	66932	86721	55015	37179	42793	10741	96160	34243	72598	103697	113053	98593	98331	91601	27113	12449	56459	34357	27950	111644	78222	72345	35701	116822	31365	11585	63600	22294	115175	127784	33606	51774	77911	56284	82791	96335	85215	90340	98157	70872	85412	92050	56569	81818	51183	82719	101088	107724	90604	75353	15563	94741	67671	71367	96455	87645	9284	20256	34189	42482	64523	62250	63472	58956	119537	83656	6515	117042	74914	80803	84003	67327	67129	99730	98749	59071	85823	54191	76338	84039	21662	92258	77729	122329	33145	99561	75994	119817	53924	52656	46274	39558	92817	111438	13601	36237	113488	87171	31482	64857	70409	78623	101443	72674	19634	27040	61249	81509	19384	63169	5175	90176	70739	92110	78958	73961	77006	104954	12591	87584	85813	
35734	26995	62967	57689	49579	62951	40113	23159	0	52234	79866	65796	45083	58479	26378	69455	58142	37298	86043	59026	50561	91847	73352	95860	82686	38865	50356	72713	29313	49225	35328	28026	33029	75844	57094	6003	76835	9350	41947	30118	49467	65763	73971	26103	53517	72570	48770	47840	72240	62255	88225	84746	43724	36324	91667	58895	33708	61792	84721	72088	81040	74665	81795	78819	38345	82304	47486	41673	65170	33463	11920	29913	22436	81596	41200	51046	79216	94459	77041	76780	70049	11957	31003	31200	26098	6398	82650	52406	52276	44625	101186	35035	14284	43531	26745	90693	96807	27184	30222	61244	34732	61239	77648	63664	67535	87806	49320	63860	82454	36500	60266	60106	59915	76606	92088	67800	60341	8675	71403	46119	80290	85635	66093	27838	16764	17210	43966	64024	54783	38213	58457	103900	79084	19303	101406	53362	59251	82449	71227	44325	78178	75683	63897	64271	49176	56268	71519	40215	60430	83907	106693	11593	92334	50735	98265	32880	54080	40174	42806	67917	86956	32155	14685	89006	89463	47055	43306	48857	63610	76961	49869	24085	20618	39697	59958	12963	41617	23729	68625	45480	68119	56153	52409	55454	81888	31145	64779	65706	
78218	77622	105451	25526	94082	106067	21926	35101	52234	0	51449	71730	95837	64846	29377	57642	29725	18168	86121	109780	93010	97781	81055	101795	78829	81315	92805	115162	79447	10985	25509	42403	68485	118294	28677	60489	119285	55064	84397	65784	96009	62228	45554	64193	23871	115019	101260	37118	54191	72608	70603	127195	9383	90132	97601	54082	76158	112545	90655	78022	86974	67810	87729	84753	40136	60518	62450	65526	107619	75913	59173	40103	32734	76666	14055	93495	85150	93558	119491	119229	116018	60482	29768	60852	73533	57152	92150	59674	103029	14986	97328	25254	43371	94285	56849	96627	108290	25434	72672	59363	82326	103689	76841	106113	97187	78663	91770	106310	72556	87254	102716	31689	78578	82540	88230	93026	56805	46110	76193	88569	51873	76960	108543	27000	56229	65865	27128	45975	43702	67865	40408	100042	64162	41559	97548	95812	101701	64509	47833	73977	124148	79255	39577	106721	35643	105629	64545	29663	106972	58235	102835	62347	80066	68267	140714	84993	34568	30919	21010	73323	92890	23748	65439	94940	67677	6099	89848	91307	60075	82895	79521	50481	32176	82147	106485	39876	84067	30081	115152	68217	73562	85805	98951	97904	85460	24314	75141	67265	
93595	101398	120828	28827	109459	121444	48229	70943	79866	51449	0	41065	119515	34181	60571	20523	25019	54026	42520	129462	90813	57274	50389	66419	35228	96737	93860	130584	94869	38652	61366	78260	100236	120246	26946	83163	134707	82806	99819	97325	111431	24052	14781	79615	35304	130441	116682	42995	20337	41942	27002	110885	45240	105554	66936	27084	91580	128106	59990	47357	51598	24210	57064	54088	75994	16917	38040	45269	123041	73883	74595	60447	68591	33065	41797	108917	54484	49958	100715	134651	131440	92638	65625	51803	101275	90940	48550	33212	122711	38648	53728	52996	71113	116098	93952	65962	64689	53176	88094	33008	97748	109792	33240	102322	69350	35063	107192	92916	28956	110932	94505	24336	47913	51875	44630	62360	30343	73852	40363	103991	15583	33360	123965	62857	83971	99730	48065	25116	34994	47387	32756	56442	20561	77417	53947	111234	117123	20908	15932	66277	139570	35655	21339	80752	34243	121051	20944	65521	122394	10387	59234	92010	36466	40251	119301	100415	29329	46341	42191	29723	57514	59606	88042	59564	24077	45584	105270	106729	22940	52230	59240	86338	59918	97569	121907	67618	99489	65938	130574	45247	42896	53086	114373	113325	41860	60171	44476	28639	
54791	75489	83543	51050	72175	84159	58134	90278	65796	71730	41065	0	90508	8156	74088	22220	57968	72120	31902	94412	59342	30662	16780	34675	28545	61568	62389	95416	63747	65429	79460	96354	91738	79478	59895	62392	99538	73126	64650	88827	76381	17165	38844	58844	46779	95273	81632	44020	25176	12695	36980	72020	63334	70504	30482	18041	56411	93056	23536	8492	19855	23562	20610	17634	94088	31201	26678	26453	85262	44635	53825	54216	82083	27455	59090	74391	19175	37897	61850	99483	96272	75890	83719	34669	82595	70170	24679	22735	87661	59523	47045	66512	84629	81048	88438	29508	35622	66692	52487	13127	62698	78321	26402	70851	35825	33665	72328	50762	31208	76983	63034	57285	18665	15421	37947	28751	15646	76510	13432	68822	40527	31494	88796	80951	87728	74988	51249	26401	36020	28037	36884	45393	27981	87139	44887	76065	81954	31345	33241	37029	104401	20219	41257	49281	39622	86001	20416	83614	87343	31967	49625	67268	38193	15426	80437	68761	39382	49525	50631	16671	25771	77700	63300	27821	38360	63678	70219	71560	19944	14254	29993	94607	70385	62400	86739	81134	64320	84032	95405	20423	9287	23838	79323	78157	26112	78265	12447	14603	
43960	19814	52176	90688	40224	45674	86533	65153	45083	95837	119515	90508	0	86657	69885	102447	97793	80806	112678	18338	58749	116224	85332	120238	109321	33936	58544	54235	28812	92733	78835	61575	49046	66570	96745	45290	60152	53981	38992	45729	36256	96057	113622	43307	86508	55184	21146	80832	105232	80449	114860	75471	87232	23850	116044	91886	37768	21103	109098	89743	105417	102454	106172	103196	71895	110093	80478	74664	55895	46776	51183	62905	65944	108231	84708	49293	100426	121094	80228	59728	52953	39643	74511	64192	36552	45842	109198	85398	11587	88132	127821	78542	57792	9460	48510	115070	121184	70692	38878	92019	29000	57209	104282	65604	79515	114440	49665	74708	109088	13897	70016	99757	71894	100983	118723	79779	93332	52182	97951	47826	119941	112270	49410	71345	47799	38741	76957	97016	87775	71205	91449	130535	106872	62811	128040	40827	44574	110237	104219	56304	61082	102317	96889	72459	82168	24098	99308	83723	31500	110859	133327	34389	118969	83727	88990	23605	87072	73166	84670	94552	111333	75663	31449	113383	117252	90563	30628	50946	96602	95505	61849	54679	64126	38689	46139	56471	49434	67237	46467	78472	82591	68133	30194	45793	108522	74652	76759	93494	
52937	73351	81690	44166	70321	82306	51250	83394	58479	64846	34181	8156	86657	0	67657	15789	51537	65690	28252	90641	57795	34056	17329	38069	24895	57797	60842	91645	59976	58999	73030	88719	88567	87228	53465	55250	95768	65984	60879	85656	72610	10735	32414	51702	40349	91502	77861	39238	18745	8924	30434	77825	56904	66734	33876	11611	52641	89286	26930	14297	23249	17132	24004	21028	87657	24771	19536	19311	84102	40865	46683	47074	72092	23805	52660	69978	21424	36668	67655	95712	92501	64725	77289	27527	79424	63028	24858	16719	83891	53092	43395	60082	74638	77278	85268	32902	39015	60262	48717	5614	58927	76774	19856	69304	36332	30014	68253	59898	24662	73213	61487	50854	14895	18815	34297	29300	9216	69368	13611	65051	34097	27844	85026	74521	73648	71817	44818	19970	29589	20895	30454	46109	21551	79997	43614	72295	78183	24915	26811	33259	100630	17891	34827	47734	33192	82231	13986	77184	83573	25537	48901	64098	34543	8284	86241	64990	32952	43095	44201	10126	29165	71269	60129	31215	31930	57248	66449	67790	13514	19170	26222	84778	63243	58629	82968	71143	60550	77602	91635	13281	9836	20068	75552	74386	24096	71835	11457	8173	
60505	51766	87737	34693	74350	87722	20582	18928	26378	29377	60571	74088	69885	67657	0	67090	38793	13323	95189	83979	75513	100228	83502	104241	87896	63818	75309	97666	54266	29876	17055	29006	46693	100797	37744	34688	101788	29264	66900	43782	74420	64675	54622	47292	28667	97523	73723	35967	56637	75006	79670	109699	18073	61277	100048	56529	58661	86744	93102	80469	89421	76878	90176	87200	27962	69586	56659	54424	90122	58416	40581	24280	8969	85734	21851	75999	87596	102626	101994	101733	95002	34681	17593	43951	47732	31351	89887	62121	77228	25275	106396	11183	17570	68484	40409	99074	105188	10566	55175	61810	59685	86192	85909	88616	80286	87731	74273	88813	81624	61453	85219	40757	72666	84987	97298	80551	59252	20309	78640	71072	60941	86028	91046	10304	30428	40064	25977	48422	42909	50964	42855	109110	73230	26725	106616	78315	84204	73577	55624	57076	103131	88323	48645	89224	37302	81221	73613	21209	85383	67303	111903	36546	89134	63486	123218	57833	36555	29768	23456	73665	95337	5327	39638	97387	76745	27706	68259	73810	62522	85342	62620	37749	8526	64650	84911	14075	66570	16684	93577	58231	76008	68904	77362	80407	94528	13956	77530	69712	
67391	84328	96143	35020	84775	96759	51047	77136	69455	57642	20523	22220	102447	15789	67090	0	31354	65001	31266	104861	72014	42525	31590	51670	27909	72016	75061	105864	74195	50751	72341	89235	99368	101447	34699	66051	109987	76784	75099	96457	86829	8398	22507	62503	39660	105721	92080	36901	8868	23143	26608	92086	56215	80953	48137	10485	66860	103505	41191	28558	36849	12107	38265	35289	86968	16523	21442	28903	98321	55084	57483	56511	74964	26819	51971	84197	35685	39682	81916	109931	106720	75526	76600	38328	90225	73828	33800	16613	98110	44841	46409	59393	77510	91497	96068	47163	47271	59573	62936	11792	73146	90993	22870	83523	50551	33028	82472	74117	24130	87432	75706	33161	29114	33076	37311	43561	13745	80249	25614	79271	25850	32966	99245	73832	90368	82617	44129	16727	28900	31695	29765	49123	14240	88391	46629	86514	92402	17270	10048	47478	114850	20905	18065	61953	32503	96450	7702	76495	97792	12091	51915	74898	36072	21475	100502	79209	27588	42406	43512	14973	42765	70581	70930	44815	23682	56559	80668	82009	4567	33431	40441	97689	66315	72848	97187	74015	74769	76913	105854	26471	24097	34287	89771	88605	27110	71146	25676	13890	
71871	79674	99103	7103	87735	99719	26505	49219	58142	29725	25019	57968	97793	51537	38793	31354	0	32302	59691	107738	86708	74445	67560	83589	52398	75012	86503	108860	73145	22834	39642	56536	78512	111991	5222	61439	112982	61082	78094	75601	89706	43056	19124	57891	13579	108717	94957	29324	29759	59113	44172	120893	23516	83830	84106	36495	69856	106382	77160	64527	68769	41380	74234	71258	54269	34087	44863	47940	101317	69611	52871	38722	46867	50235	20073	87193	71654	67128	113188	112927	109716	70914	43901	54550	79551	69216	65720	42087	100987	16924	70898	31271	49388	94374	72228	83132	81860	31451	66369	41776	76023	97387	50411	99811	86520	52233	85467	100007	46126	89207	96414	3293	65083	69045	61800	79531	39218	52128	57533	82266	25443	50530	102241	41133	62247	78005	26341	28388	26115	50058	22821	73612	37732	55692	71118	89509	95398	38079	21545	67674	117845	52825	13290	100418	22066	99327	38115	43796	100669	31804	76404	70286	53636	50680	134412	78691	13984	24617	20466	46893	74685	37881	66318	76735	41247	23860	83545	85004	34369	69400	73219	64614	38193	75844	100183	45893	77765	44214	108850	50630	60067	70256	92649	91601	59030	38447	61646	45809	
71425	62687	98658	28148	85270	98642	20166	18745	37298	18168	54026	72120	80806	65690	13323	65001	32302	0	88693	94987	86521	99407	82681	103421	81401	74826	86317	108674	65274	23381	8476	26034	52117	111805	31249	45696	112796	40271	77908	49416	85428	63854	48126	62626	25497	108531	84731	35551	55817	74234	73175	120707	9055	72285	99227	55708	69669	97752	92281	79649	88600	70383	89355	86380	23768	63090	56243	59319	101130	69424	51588	34638	16113	79238	17322	87007	86776	96131	113002	112741	106010	45689	13399	59285	52543	42359	94723	61300	88236	18780	99901	14443	23933	79492	40481	98254	110862	19089	66183	60989	70693	97200	79414	99624	95620	81236	85281	99821	75129	72461	96227	34261	80204	84166	90803	95884	58431	31317	77819	82080	54445	79533	102054	10379	38443	52375	25561	47601	45328	66298	42034	102615	66734	25191	100120	89323	95212	67081	50405	72409	114139	81828	42150	100232	37269	92229	67117	12631	96391	60807	105407	47554	82639	69893	134226	68841	35734	29352	22636	75896	94516	7996	50646	96566	70250	14560	79267	84818	61701	84521	77954	34112	25831	75658	95918	33531	77578	13713	104585	62010	75188	84238	88370	91415	88033	7946	76767	68891	
78957	99655	107710	63499	96341	108326	75678	105615	86043	86121	42520	31902	112678	28252	95189	31266	59691	88693	0	116530	83684	17537	43260	25265	8871	83686	86731	117534	85865	74868	96111	113005	113856	105792	61691	83324	121656	94058	86768	110945	98499	29575	40640	79776	64447	117391	103750	61689	37948	34813	19930	98334	79985	92622	31551	35710	78529	115174	31915	39509	23244	22349	34611	26345	110738	27559	44853	48222	109990	66753	74757	75148	103336	12846	76542	95867	36649	8416	95725	121601	118390	92799	100370	55601	104713	91102	14337	40403	109779	73393	16903	87741	105857	103166	110556	36143	16138	87921	74605	30796	84816	102662	14509	95192	62220	13194	94141	81779	17023	99101	87375	59081	40783	32721	16593	55231	33315	97442	26165	90940	36898	14086	110914	97602	101722	97106	68917	44069	53688	48969	54552	19617	28264	112161	11819	98183	104072	22099	41338	59147	126519	12088	49354	73623	57291	108119	25633	100265	109461	37185	22410	89386	20785	36358	95815	90879	57051	67194	68300	18056	23361	94351	85418	23368	28136	80329	92337	93678	31350	36863	52111	112852	94663	84518	108857	102363	86438	100683	117524	41355	35767	45956	101441	100275	12691	94916	37346	22049	
47864	33758	40413	100635	28461	33911	96481	79096	59026	109780	129462	94412	18338	90641	83979	104861	107738	94987	116530	0	62653	120128	89236	124142	113225	37840	49437	42449	38264	105203	91305	74046	61517	54784	106701	57760	48366	66451	32501	58200	24470	99961	123579	53263	96465	43398	19378	90788	102219	84353	118764	63685	99702	33456	119948	95174	41672	17849	113002	93647	109321	106358	110076	107101	84365	113997	83765	77952	44109	50680	64031	72861	78414	112135	97178	37506	104330	124998	68442	47941	41167	52113	86981	70281	49023	58312	113102	88685	8333	105159	131725	91012	70262	14022	60980	118975	125088	83162	42783	95923	32904	45423	108186	53818	83419	118345	47985	62921	112992	26897	58230	109714	75799	104887	122627	83683	96620	64652	101855	36040	123323	116174	37624	83815	60269	51211	86914	94284	97731	74492	101405	134439	110777	75281	131945	29041	32788	114141	114175	60208	49296	106222	106845	68290	92124	9159	103212	96193	12075	114763	137231	46859	122873	87015	77204	38104	97028	83122	94626	98456	115237	88133	43919	117287	121156	103033	27412	39159	99890	99409	65753	67149	76596	41234	34353	68941	53339	79707	31624	81760	86495	72037	17658	34007	112426	87122	80663	97399	
16652	45727	36798	79605	33901	43380	75451	72112	50561	93010	90813	59342	58749	57795	75513	72014	86708	86521	83684	62653	0	79104	42576	83117	80398	28452	12492	52732	31996	89985	84252	74042	64276	42818	85620	50707	56855	59398	31534	61364	44630	67133	88812	32182	75384	52590	49881	69707	79393	51525	85937	41656	87494	38754	72552	72347	23295	60624	63945	52054	68297	73530	59536	66076	84361	81169	60939	55125	33292	27854	42950	51780	71361	79308	81793	24422	66245	86339	34278	56799	53589	48427	79928	47454	55133	51259	76669	65859	55911	84078	99814	84234	63209	49298	60976	68207	84064	76109	20737	63095	30947	26351	75359	24158	23833	85517	17547	19084	80165	45233	14962	88633	42971	63863	89799	30591	65615	57599	66744	29307	90496	83347	46113	76762	60265	47525	65833	71458	76650	51666	80325	93835	77949	68228	93329	32655	39271	81314	93094	37382	61718	74989	85765	13710	71043	52570	70384	89140	54911	81936	98067	39806	90046	64188	57029	37011	75947	62041	73545	65628	68499	81080	35838	76263	88329	87837	38469	24603	69912	61324	42926	67145	69543	28295	44055	61888	24451	72654	52722	58933	50085	38531	46097	29324	81947	80069	47836	64571	
82504	103202	113012	77101	99888	111873	84185	116329	91847	97781	57274	30662	116224	34056	100228	42525	74445	99407	17537	120128	79104	0	36483	8427	34138	87412	82092	121260	89591	91274	105304	122198	117582	88954	76381	88237	125382	98970	90494	114671	102225	43009	55330	84689	72623	114294	107476	69864	51020	38539	43950	81496	89179	96348	14714	43885	82255	118900	12850	27817	11552	33618	22919	14653	119932	45490	52522	52297	102619	70479	79669	80060	107927	29675	84935	94094	24957	11615	78888	125327	122116	101734	109563	60513	108439	96014	9447	48579	113505	85367	21409	92356	110473	106892	114283	19305	5659	92536	78332	38971	88542	90113	27283	82642	55527	34402	92031	70087	32089	102827	74826	73771	44509	21028	25577	48454	41491	102354	22494	94666	54829	30644	114640	106795	113572	100832	77093	52245	61864	53881	62728	15431	39533	112983	14925	101909	107798	40030	59085	62873	116359	21716	67101	68984	65466	111845	36902	109459	113188	48453	19662	93112	43170	41271	78977	94605	65226	75369	76475	29325	9846	103544	89144	6530	52156	89522	96064	97404	45788	25171	55837	120451	96229	88244	112583	106978	90164	109876	121250	46267	32822	49683	105167	99597	17190	104109	38467	33318	
51612	72310	78247	60375	68996	85621	67459	96157	73352	81055	50389	16780	85332	17329	83502	31590	67560	82681	43260	89236	42576	36483	0	40542	40614	55857	45609	94285	58036	74603	88633	95793	86027	71995	69068	69448	98408	81150	58939	83116	70670	26338	48017	53934	55952	91220	75921	53193	34349	14192	46153	64252	72508	64793	36348	27214	50700	87345	29402	12987	25721	32735	26476	23501	103261	40374	35851	35626	68482	38924	60880	61271	86289	39524	68264	57611	23670	43763	54083	98352	95141	70179	92892	41724	76884	73010	34094	31908	81950	68696	57238	75685	84960	75337	82728	35375	41488	75865	46777	22300	56987	61541	35575	54071	22656	45733	55548	44665	40381	71272	46254	66458	17173	21288	50015	11971	24820	79351	24169	63111	49701	43563	87666	90124	82017	69277	60422	35574	45193	37210	46057	51260	37154	89979	50754	74371	80823	40519	42414	31318	103271	32413	50430	32501	48795	94123	29589	92788	81633	41141	55491	61557	50262	24599	72669	63050	48555	58698	59804	25844	31637	86873	57589	33687	47534	72851	64509	62172	29117	18749	25847	88896	77440	56689	85608	83639	62452	93205	94275	29596	7509	19072	73612	71025	39371	87438	12750	23776	
86517	107216	111030	81115	103901	119262	88198	120342	95860	101795	66419	34675	120238	38069	104241	51670	83589	103421	25265	124142	83117	8427	40542	0	41858	91437	86117	128033	93616	95299	109330	126223	121607	86985	85526	92262	129407	102995	94519	118696	106250	47034	64474	88714	76648	112324	111501	73890	55045	42564	47005	79527	93204	100374	12606	47911	86281	122926	16876	31842	15577	42762	26944	18679	123957	54635	56547	56322	100650	74504	83694	84086	111953	38819	88960	98119	28982	19335	76918	133525	121413	105759	113588	64539	112464	100039	18151	52604	117531	89392	29129	96382	114498	110917	118308	23331	13379	96562	82357	42997	92567	98748	36428	86668	59553	42122	96056	74112	41234	106853	78851	82915	48535	25054	33297	52479	45516	106380	28787	98691	63974	42858	118666	110821	117597	104857	81118	56270	65889	57906	66753	19842	48677	117008	22645	105935	111823	49175	63110	66899	114390	31583	71127	73009	69491	115871	46047	113484	117213	57598	20422	97138	50889	45296	77008	98630	69252	79395	80501	38470	13872	107569	93169	9308	55212	93547	100089	101429	49813	29196	59862	124476	100254	92269	116608	111004	94190	113902	125275	50292	36848	53708	109192	108176	26801	108135	42493	42462	
75601	96299	104353	56206	92985	104969	75609	98323	82686	78829	35228	28545	109321	24895	87896	27909	52398	81401	8871	113225	80398	34138	40614	41858	0	80312	83357	114160	82491	67556	88798	105692	110482	108102	54378	79951	118283	90684	83395	107571	95125	26201	33327	76403	61074	114017	100376	58315	34574	31439	12617	100644	72672	89249	41252	32336	75156	111801	32481	34242	25102	18975	35176	26911	103426	20246	41479	44849	106617	63380	71383	71775	96024	4375	69229	92493	37215	16308	87601	118227	115016	89426	93057	52228	101339	87728	22054	37030	106406	66080	18500	80428	98545	99793	107183	38453	29461	80608	71232	27422	81442	99289	9103	91819	58847	7974	90768	82413	9822	95728	84002	51768	37410	29550	9402	51857	29942	101284	19886	87567	29585	6773	107541	90289	98348	93732	65544	40696	50315	45595	51179	21214	19417	104849	18719	94810	100698	14786	37965	55774	123146	8715	45981	70249	53917	104746	22260	92953	106088	31149	24006	86013	13472	32985	98125	87506	53677	63820	64926	14683	31019	87038	82045	33068	20823	73016	88964	90305	27976	32929	48737	109479	87350	81144	105483	95050	83065	93370	114150	37981	32393	42583	98067	96901	14919	87603	33973	18675	
14029	20913	26902	67909	14328	27518	63755	60417	38865	81315	96737	61568	33936	57797	63818	72016	75012	74826	83686	37840	28452	87412	55857	91437	80312	0	22890	36786	10912	79934	74201	60514	47984	39917	75569	40656	40908	49347	5540	44667	18343	67125	92446	22131	65333	36643	25080	59656	69383	51517	85929	48819	77442	13953	87113	62338	6649	35019	80167	60812	76486	73522	77241	74265	70833	81161	50930	45116	29243	17845	32899	41729	61310	79300	71742	14948	71494	92162	53575	40853	37642	38376	69876	37445	35490	41207	80267	55850	31110	74027	98889	74183	53158	24496	47448	86139	92253	66058	11651	63087	5773	24550	75351	30841	50583	85509	15447	36024	80157	20432	31332	78581	42963	72052	89791	50848	63784	47548	69020	10192	90488	83339	30166	66711	46737	37474	55782	61449	66599	41656	70273	101603	77941	58177	99109	17435	23324	81306	83043	27373	45771	73386	75713	39719	60992	27964	70376	79089	29306	81928	104396	29755	90037	54179	62338	12336	65896	51990	63494	65620	82402	71028	25787	84452	88320	77786	12182	11638	67054	66573	32917	53617	59492	4586	28109	51836	12885	62602	36776	48924	53660	39201	21285	19527	79591	70018	47828	64563	
16447	45522	25425	79400	26704	31951	75246	71908	50356	92805	93860	62389	58544	60842	75309	75061	86503	86317	86731	49437	12492	82092	45609	86117	83357	22890	0	41238	31792	89780	84048	73837	64071	27530	85416	50502	45360	59193	22995	61160	33419	70180	102293	31977	75179	41095	49677	69503	79188	54572	88983	34460	87289	38549	72429	72143	24547	49129	63822	55100	71343	76577	59414	69123	84156	84216	60734	54921	21425	27649	42745	51575	71156	82354	81588	11931	62544	89386	27082	45305	42094	48223	79723	47250	54928	51054	79716	65654	49410	83873	102860	84029	63004	49093	60771	68085	87110	75904	20532	66142	30743	13859	78406	15191	26879	88564	9867	13901	83212	45028	10308	88428	46018	66910	92846	33638	68661	57395	69791	21196	93542	86394	34619	76557	60061	47321	65628	71253	76445	51461	80120	96882	80996	68023	96376	21324	27776	84360	92889	37177	50223	78035	85560	16757	70838	41076	73431	88935	43417	84982	101113	39601	93092	63983	49950	36806	75743	61837	73340	68675	68377	80875	35633	79309	91375	87632	29548	16492	76858	64371	42722	66940	69338	20615	32561	61683	16771	72449	41228	58728	53131	41578	34603	17978	84993	79865	50882	67618	
45975	69655	25508	101757	26632	11361	97603	94265	72713	115162	130584	95416	54235	91645	97666	105864	108860	108674	117534	42449	52732	121260	94285	128033	114160	36786	41238	0	43429	112271	104794	109494	96965	43193	107906	71248	8682	79940	32184	93648	22962	100940	124784	54468	97670	18314	37073	91993	103198	85332	119743	52094	109780	45348	117835	96153	40464	31002	104591	95599	110300	107337	100183	108080	119814	114976	84744	78931	35858	51659	65236	74066	91902	113114	104079	29255	103313	125977	56851	7399	11620	67522	100469	71260	84471	71800	114082	89665	42199	106364	132704	106520	83750	49471	96429	113491	126067	96651	44177	96902	37168	37172	109166	45567	76113	119324	39734	54670	113972	43581	49979	110919	76778	105867	123606	82872	97599	78141	102834	27789	124302	117154	6822	97304	95718	66620	88119	95263	98936	75471	102610	135418	111756	88769	132924	20789	13876	115120	115380	61188	17383	107201	108050	60038	93329	33865	104191	109682	36206	115742	138211	60348	123852	87994	57592	43731	98233	84327	95831	99435	109145	101621	56379	118266	122135	110123	30158	30908	100869	100388	66732	102597	90084	32983	14569	82429	39530	93195	20028	82739	87475	73016	27392	25756	113406	100611	81642	98378	
17199	10693	39288	66042	21935	35306	61888	50864	29313	79447	94869	63747	28812	59976	54266	74195	73145	65274	85865	38264	31996	89591	58036	93616	82491	10912	31792	43429	0	76489	63044	51386	37632	50425	72124	29498	49613	38189	14114	34314	21833	69304	89001	18686	61888	44646	25480	56211	80611	53696	88108	59327	73997	11377	89292	67266	11016	38508	82346	62991	78665	75701	79420	76444	61705	83340	55857	50043	39751	20024	29454	38284	50152	81479	68916	25860	73673	94341	58477	49189	42415	25772	58719	39571	25138	30050	82446	60777	31509	70582	101068	62750	42000	24896	38320	88318	94432	54900	10461	65266	7098	41065	77530	45778	52762	87688	30385	45296	82336	16153	41702	75136	45142	74231	91970	53027	68711	36390	71199	20700	95320	85518	38871	55553	37610	24870	52337	72395	63154	46584	66828	103782	80120	47019	101288	28427	32093	83485	79598	29552	50544	75565	72268	45707	57547	31453	72555	67931	32795	84106	106575	18597	92216	59106	72846	7224	62451	48545	60049	67799	84581	59871	14629	86631	90499	74341	15671	23305	71981	68752	35096	44489	48334	15665	32323	40679	22682	51445	40990	53851	55839	41380	24775	30035	81770	58860	50007	66742	
75187	74614	102420	18680	91051	103036	18894	40302	49225	10985	38652	65429	92733	58999	29876	50751	22834	23381	74868	105203	89985	91274	74603	95299	67556	79934	89780	112271	76489	0	29117	47617	69593	114636	19952	57587	115626	52163	80738	66682	92350	55382	34228	60535	17025	111361	97602	33460	47345	65762	59277	123537	14597	86474	90756	47237	72500	109026	83809	71177	80128	56485	80884	77908	45351	49192	55604	58681	103961	72255	55515	41366	37948	65340	11154	89837	78304	82233	115833	115571	112360	57580	34982	57194	70632	54250	80825	52828	103631	8141	86003	22353	40469	91383	63309	89782	96964	22533	69013	52518	78668	100031	65516	102455	93529	67338	88111	102651	61231	84352	99058	22175	71733	75695	76905	86180	49959	43209	69347	84910	40547	65635	104885	32214	53328	62964	23470	39129	36857	64207	33563	88717	52836	46773	86222	92154	98042	53183	40987	70318	120489	67930	32732	103062	28798	101971	53219	33271	103313	46909	91509	59446	68741	61421	137056	81335	27723	27261	14164	61998	86044	28963	62537	88094	56352	14941	86189	87648	53229	76050	75863	55695	29275	78488	102827	36975	80409	35295	111494	61371	66716	82147	95293	94245	74135	29528	68295	60420	
69454	60716	96687	35488	83300	96671	27506	16774	35328	25509	61366	79460	78835	73030	17055	72341	39642	8476	96111	91305	84252	105304	88633	109330	88798	74201	84048	104794	63044	29117	0	24166	50249	109937	38589	43827	110928	38403	76040	47548	83559	71194	55467	60635	32837	106662	82863	42891	63157	81574	80515	118838	16395	70417	106568	63049	67801	95884	99622	86989	95940	77723	96696	93720	20054	70431	63583	66660	99262	67556	49720	41978	16263	86578	24662	85138	94116	103471	111134	110872	104141	43820	8257	66625	50675	40490	102063	68640	86368	26120	107241	21784	24126	77623	38612	105594	118203	26429	64315	68330	68825	95332	86754	97756	102960	88576	83413	97953	82469	70592	94359	41602	87545	91507	98143	103225	65771	29449	85159	80212	61786	86873	100186	12098	36574	50507	32901	54941	52669	73638	49375	109955	74075	23323	107461	87455	93343	74422	57745	79750	112271	89168	49490	98363	44610	90361	74458	5241	94522	68148	112748	45686	89979	77233	132357	66973	43075	36692	29976	83236	101857	11729	48777	103907	77590	21900	77398	82950	69041	91862	85294	32244	24273	73790	94050	31925	75710	11844	102717	69350	82528	91578	86502	89546	95373	7151	84107	76232	
59244	43456	86476	52382	70415	101372	44400	13673	28026	42403	78260	96354	61575	88719	29006	89235	56536	26034	113005	74046	74042	122198	95793	126223	105692	60514	73837	109494	51386	47617	24166	0	30370	99357	55371	36051	117350	31187	65454	27669	70196	87976	72249	50056	49619	112382	67622	59673	79939	92279	97297	108259	33141	53808	123350	79831	57222	78301	116404	102529	112723	94505	113478	110502	12117	87213	77509	71696	88683	56977	41944	51694	22255	103361	41444	74559	110898	120253	100554	116925	110151	23553	17894	61224	30796	29105	118845	85422	68785	42902	124023	38566	25426	60040	13834	122376	134985	42506	53735	85112	55462	84753	103536	87177	92301	105358	72833	87373	99251	53009	83780	58384	84681	108289	114925	92566	82554	22508	101941	69632	78568	103655	106608	18773	16696	30628	49683	71723	69451	68236	66157	126737	90857	21068	124243	76791	80456	91204	74528	69091	118280	105950	66272	87784	61392	72777	91240	29062	88698	84930	129530	37909	106761	80759	121778	50364	59857	53475	46758	100018	118639	23090	38198	120689	94372	38682	64035	72370	85823	108644	74635	9048	35940	63210	80687	28285	65131	13102	89354	75504	95378	80919	73139	78967	112155	19792	89546	93014	
49478	30927	76710	74358	57886	88843	60247	33931	33029	68485	100236	91738	49046	88567	46693	99368	78512	52117	113856	61517	64276	117582	86027	121607	110482	47984	64071	96965	37632	69593	50249	30370	0	89532	77370	29333	107524	36142	55628	16437	60370	95678	94248	40230	68293	102556	57796	77755	102155	83409	119296	98433	59224	43982	119005	88809	47396	68475	112059	92704	108378	104580	109133	106157	39015	109212	77401	71587	78857	47151	35226	59828	42713	111511	61477	64733	103386	124374	90729	107099	100325	17317	45487	61115	12494	22739	112159	82321	58959	64901	131101	55311	34561	50214	15930	118031	124145	47461	43909	91159	45636	74927	107562	77351	82475	117721	63008	77548	121250	43183	73954	80383	74855	103944	122003	82740	90255	27462	100912	59806	100567	115550	96782	42568	15932	20803	65603	93939	84698	68128	88372	133815	112856	38091	131321	66965	70631	113203	101142	59265	108454	105598	88271	77958	79091	62952	101434	54946	78872	106929	136607	29070	128760	80650	111952	40538	76181	70089	63083	97832	114294	46886	28372	116344	116371	67332	54209	62545	93525	98465	64809	22099	40895	53384	70861	33240	55305	38460	79528	75395	85552	71093	63313	69141	111802	45875	79720	95621	
42114	59855	26189	104889	32051	34420	100734	97396	75844	118294	120246	79478	66570	87228	100797	101447	111991	111805	105792	54784	42818	88954	71995	86985	108102	39917	27530	43193	50425	114636	109937	99357	89532	0	111719	76806	51467	85497	36790	87463	39525	96555	118234	58281	101482	28233	50166	95806	107011	80948	115126	11047	113592	53546	76787	97432	44276	55236	76068	68155	84990	102952	72739	83315	110460	110591	88557	82744	16559	55472	69049	77879	97459	106940	107892	23734	75869	99883	15803	49434	37322	74526	106026	75073	75084	77357	93722	93477	55517	110177	109677	110333	89307	62788	87075	72443	93927	102208	47990	92517	45366	14656	104548	27262	53255	113149	28741	27988	109354	53651	27856	114731	72393	80787	113845	60013	95037	83698	83668	31601	119918	110979	40725	102861	86364	73624	91932	99076	102749	79284	106423	103699	107371	94327	103193	27430	33882	110736	119193	65000	29793	99704	111863	37180	97142	47182	99807	115239	49523	111358	100691	65905	117678	91807	25104	51929	102046	88140	99644	95050	80161	107178	61936	84858	117751	113936	38356	26282	99334	78248	70545	93243	95642	36796	38667	87986	35645	98752	47334	86552	79507	67953	40709	24084	100420	106168	77258	93993	
