//--------------------------------------------------------------------------------------------------------------------
//-- données sur la Loire récupérés par le géocodeur (matrice symétrique)
//-- 
//-- C. Duhamel, P. Lacomme C. Prodhon - juillet 2009 : 4666 kg à collecter, flotte de capa 8050
//--------------------------------------------------------------------------------------------------------------------
177 7 999999 0 0 0
2 50 35 1.0
2 75 20 1.1
4 100 50 2.1
4 150 70 2.1
4 200 80 2.1
4 500 80 9.2
4 1000 400 7.2
0   // la ville qui represente le depot
0	79560	89223	51039	84656	74894	42935	49327	67552	96945	87635	127537	19062	57802	112517	93743	88045	63572	31888	5920	27550	119927	141882	81859	93298	136547	59135	26393	35929	64280	33002	74393	32203	36668	72919	125251	79192	85581	115692	56801	107658	98518	108365	116670	107529	115641	91157	71521	109931	84490	111431	42930	11031	98209	97060	117485	92843	111277	44622	39693	102155	27443	17952	82424	112484	103951	20612	138406	58347	57008	81475	121727	33303	35328	76636	69138	65740	46217	45583	13749	53216	16980	70405	131356	102175	28746	107662	57852	56486	12128	25445	33882	62380	74222	41233	11992	16337	115156	23822	96540	139033	62479	56906	14129	11500	71170	66961	107512	69421	85355	103960	106237	85283	35582	66120	29865	97169	60238	77830	94526	111576	84110	38379	7697	6745	6275	94658	98067	21010	93905	40875	122720	128908	35853	48382	87813	13526	47539	93318	15863	118911	48151	70336	111450	89772	138809	110904	24613	105237	115402	143049	90353	122953	10828	78373	107148	125353	51134	40956	43614	28926	50952	70080	41853	99550	81582	121615	101546	119608	79995	82076	136457	137098	90407	19057	22663	65862	26777	
79560	0	16120	44893	35572	16639	101451	44953	18468	16376	6186	49955	81060	44166	34935	13435	10584	30646	86439	83963	87476	42346	64300	17874	18139	58966	33809	67350	65000	39906	78007	9267	61553	89392	9879	47669	30109	36497	38111	32107	30077	21058	30783	39088	29948	38060	13576	14335	32349	7030	33849	85145	89073	20627	19478	39903	15261	33696	65134	90083	24573	65810	64874	24594	34902	23383	74660	60824	36813	48118	24002	44146	89735	77543	27552	13477	30817	40957	50150	82681	75041	68892	45711	53774	21607	70961	30081	33158	38332	73555	82797	68041	34673	25138	68586	73004	74324	37575	70357	18959	61452	40250	48017	69087	69495	22086	42267	26943	47615	7895	26379	28655	6612	63364	26248	89791	19588	35544	10518	16944	33994	21119	51148	80317	74181	76355	17198	20486	60984	28669	53197	45139	51327	78845	52714	7505	77300	46491	12750	93906	41329	60920	45642	21646	14613	61228	30336	84539	27655	37820	65468	12772	45371	77146	15317	29567	47771	48554	59366	74745	66775	39301	28443	86859	21969	10056	44033	23964	41178	4836	6917	58875	59516	12826	67506	69584	62312	75136	
89223	16120	0	54991	40530	16013	111549	55051	22205	29144	19834	59905	91157	43206	23472	25942	5798	35604	96537	94061	97574	52295	74249	10063	6499	68915	32848	77448	75098	38945	88105	15053	71651	99490	14853	40024	35066	41455	32456	28453	36674	7532	37380	27748	8153	44657	15111	17262	26858	12127	26648	95243	99171	27224	18686	34248	16440	32224	75232	100181	31170	75908	74972	33283	44852	36150	84758	70774	41771	42146	17566	50159	99833	87641	32510	17241	34650	51055	60247	92779	85138	78990	35814	48119	34374	81059	40030	43256	37371	83652	92895	78139	39631	21128	78684	83101	84422	47524	80455	25556	71401	39289	58115	79185	79593	18810	25192	39711	52573	6516	23370	14846	15436	73462	19132	99889	26185	45642	10258	23541	43944	29808	61246	90415	84279	86453	7790	21686	71082	37357	63294	37847	61276	88943	62812	20012	87398	56589	25517	104004	38101	71018	28211	40466	3967	71177	43104	94637	34252	32165	75417	16363	22827	87244	24005	36164	57720	58652	69464	84842	76873	49399	33401	96957	15275	18745	53983	30561	53945	8863	12229	68825	69466	19423	77604	79682	72409	85234	
51039	44893	54991	0	49909	40147	60970	23481	32805	62197	52888	92789	40578	10406	77769	58996	53297	27163	45957	47524	46994	85180	107134	47111	58550	101800	9340	26869	24798	13297	37526	39646	31170	48911	38171	90503	44445	50834	80945	12307	72911	63771	73617	81922	72782	80894	56410	36774	75184	49743	76683	44663	52635	63461	62312	82738	58096	76530	22384	49602	67407	25329	34491	47676	77737	69204	34179	103658	25647	26678	32138	86980	49253	37061	41889	34391	19606	6291	9668	42200	44658	38509	20785	96608	67428	30479	72915	23105	6241	38545	42316	27559	29856	39475	28104	42621	33843	80409	29876	61793	104286	16371	26576	38705	39113	36423	22057	72764	39092	50608	69213	71490	50535	22882	21626	49310	62422	13569	43082	59778	76829	49362	15960	39836	43799	45972	59911	63320	30601	59158	12712	87973	94161	48463	9844	53065	36446	5503	58571	57467	84163	30537	25432	76703	55024	104062	76157	44057	70489	80654	108302	55606	88206	36664	43625	72401	90605	22434	17635	34263	26294	17861	35333	46378	64803	46835	86868	66799	84861	45247	47328	101710	102351	55660	37124	39202	18466	34654	
84656	35572	40530	49909	0	29356	106885	26445	22014	25245	27214	83008	86494	44251	67988	37832	43516	12773	91873	89397	92910	75399	97353	36320	41295	92019	33893	72784	70434	39991	83441	28486	66987	94826	27380	80722	5138	6991	71164	32421	63130	53990	63836	72141	63001	71113	46629	22829	65402	39962	66902	90579	94507	53680	52531	72956	48315	66749	70568	95517	57626	71244	70308	11605	67955	26958	80094	93877	18940	25621	35936	77199	95169	82977	8711	23600	21952	35081	55584	88115	54020	74326	45795	86827	33395	76395	63134	25192	38416	78988	88231	73475	16800	18623	74020	78438	79758	70628	75791	52012	94505	40334	33989	74521	74929	25632	35854	33082	14819	40827	59432	61708	27207	68798	29794	95225	52641	24772	32291	49997	67047	18459	37047	85751	79615	81789	50130	53539	66418	18804	58631	78192	84380	55776	58148	31901	82734	51925	30279	99340	74382	41638	45726	45109	37769	94281	36509	89973	48147	70873	98521	45825	78425	82580	19736	62620	80824	31435	64800	80179	72209	28850	13051	92293	55022	22945	77087	57017	36243	35466	29648	91929	92570	45879	72940	75018	67745	80570	
74894	16639	16013	40147	29356	0	97156	40658	10942	27247	20490	64571	76764	27174	49551	30609	10683	24341	82144	79668	83181	56962	62634	7178	13781	57300	19846	63055	60705	22404	73712	12506	57258	85097	7111	62285	23803	30192	52727	17190	44692	21001	45399	39720	18194	52676	28192	14911	46965	21148	48465	80850	84778	35243	34094	54519	29877	48312	60839	85788	39189	61515	60579	27035	49518	34957	70365	75440	30508	30883	10625	58762	85440	73248	21247	7082	23387	29954	45854	78386	70745	64596	22493	68390	33181	66666	44696	22481	21459	69259	78502	63746	28368	18833	64291	68708	70029	52190	66062	33574	76068	22748	43722	64792	65200	4521	11872	38517	41310	16128	40995	27612	15517	59069	5811	85496	34203	31249	6020	27746	48610	28721	46853	76022	69886	72060	21711	35102	56689	38516	48901	35363	65943	74550	48419	24678	73005	42196	24324	89611	35618	56625	18820	39301	11228	59562	41910	80244	42271	52436	80083	27387	36287	72850	22984	44183	62387	44259	55071	70449	62480	35006	22138	82564	29910	17516	38475	38580	52752	13013	14323	73491	57851	27441	63211	65289	31967	70841	
42935	101451	111549	60970	106885	97156	0	84075	90332	119724	110415	150316	24774	53924	135296	116523	110824	94007	18024	41704	16984	123324	133242	104638	116078	132222	69934	41798	50617	59036	23091	97173	65010	13447	95698	148030	101972	108361	138472	79580	130438	121298	131144	127150	130309	138421	113937	94301	132711	107270	134210	16834	45274	120988	119840	140265	115623	134057	34830	11656	124934	38054	49295	105203	125427	126731	31849	142731	94561	95592	104255	144507	13811	25184	99416	91918	88520	66885	56382	31043	102185	46373	58678	154135	124955	33121	130442	80632	67285	43126	21987	32167	97858	97002	29913	46754	42980	125390	34771	119320	143342	58415	95491	51428	46262	93950	89741	130291	108006	108135	126740	129017	108062	41900	88899	14265	119949	74163	100609	117305	134356	106889	78293	36081	43532	43062	117438	120847	51920	116685	52661	123735	151688	68659	46323	110592	45216	58338	116098	50199	124925	88064	73172	134230	112552	129872	133684	21258	128016	138181	136107	113133	133434	38221	101152	129928	148132	83028	37926	24665	38797	86775	92860	13802	122330	104362	120530	124326	142388	102774	104855	159237	128780	113187	53517	46228	48832	28108	
49327	44953	55051	23481	26445	40658	84075	0	31816	33181	51900	91801	60147	28007	76781	58008	52309	14042	65526	53182	66563	84192	106146	46123	57562	100811	21777	41160	34218	27874	57094	38658	25746	68479	37183	89515	20910	26643	79957	20075	71922	62783	72629	80934	71794	79906	55422	29687	74195	48755	75695	64232	58292	62473	61324	81749	57107	75542	44721	69170	66419	44897	34092	24709	76748	41768	53747	102670	8817	7478	40316	85992	68822	56630	18595	33403	8491	18396	29237	56998	29209	38110	33679	95620	47613	50048	71927	17404	23843	42773	61884	47128	12851	25481	47673	42222	43709	79420	49444	60804	103298	28218	6320	38306	38714	35435	30235	45478	19892	49620	68225	70501	35831	35631	29394	68878	61434	9070	42094	58790	75840	26395	10573	50946	43400	45573	58922	62332	30202	36191	24828	86985	93173	30633	31082	52077	46518	25578	38903	63124	83175	14254	33610	53733	54036	103074	48871	63626	69501	79666	107314	54618	87217	48183	28360	71413	89617	5373	38954	53832	45862	5969	21052	65946	63815	31570	85879	65810	61894	44259	46340	100721	101362	54672	36725	38803	36067	54223	
67552	18468	22205	32805	22014	10942	90332	31816	0	20684	14505	65919	69405	32511	50899	32126	26427	16981	74784	72308	75821	58310	80264	17986	22960	74930	22154	55695	53345	28251	66352	7570	49898	77737	9046	63633	16444	22833	54075	14086	46041	36901	46747	55052	28046	54024	29540	4698	48313	22873	49813	73490	77418	36591	35442	55867	31226	49660	53479	78428	40537	54155	53219	19675	50866	28203	63005	76788	23148	23523	17602	60110	78080	65888	13887	5265	16028	29302	38495	71026	63386	57237	34055	69738	26426	59306	46045	15121	26677	61899	71142	56386	21008	8564	56931	61349	62669	53539	58702	34923	77416	28595	36362	57432	57840	7297	17520	31763	33950	23738	42343	44619	11201	51709	11459	78136	35552	23889	13957	32908	49958	21361	39493	68662	62526	64700	33041	36450	49329	31156	41541	61103	67291	67190	41059	26195	65645	34836	17569	82251	57293	49265	24595	32547	19434	77192	35156	72884	43619	53784	81432	28736	61336	65491	12427	45531	63735	36899	47711	63090	55120	27646	14778	75204	37933	10953	59998	39928	45997	18377	10029	74840	75480	28790	55851	57929	50656	63481	
96945	16376	29144	62197	25245	27247	119724	33181	20684	0	9791	63112	97903	61009	48092	16380	23243	19728	103282	100806	104319	55503	77457	33487	33031	72123	50652	84193	81843	56749	94850	15504	78396	106235	22022	60826	16128	24524	51268	48950	34332	33717	32181	52245	37410	51217	26733	15956	45506	19689	47006	101988	105916	33784	32635	53060	28419	46853	81977	106926	37730	82653	81717	14269	48059	15621	91503	73981	25895	31440	35450	57303	106578	94386	14830	24925	28907	57800	66993	99524	91884	85735	62554	66931	14001	87804	43238	31869	55175	90398	99640	84884	23755	16320	85429	89847	91167	50732	87200	32116	74609	57093	37302	85930	86338	27041	36654	19338	37183	20554	39536	41812	12629	80207	30593	106634	32745	52387	26130	23525	47151	8038	67991	97160	91024	93198	29856	33643	77827	13226	70040	58296	64484	95688	69557	14099	94143	63334	5876	110749	54486	48593	62485	20122	29505	74385	22731	101382	30786	50977	78625	25929	58528	93989	11398	42724	60928	38390	76209	91588	83618	35805	19728	103702	35126	9963	57190	30235	33572	18328	16665	72033	72673	25983	84349	86427	79155	91979	
87635	6186	19834	52888	27214	20490	110415	51900	14505	9791	0	54029	88819	51926	39009	11325	14160	19995	94198	91723	95236	46420	68374	24403	23948	63039	41569	75110	72760	47666	85767	6856	69313	97152	16817	51743	17685	24791	42185	39866	34150	24634	23037	43162	28327	42134	17650	9770	36423	10606	37923	92905	96833	24701	23552	43977	19335	37770	72893	97843	28647	73570	72634	18734	38976	17026	82420	64898	26162	31707	30419	48220	97495	85303	15098	27814	38576	48717	57909	90441	82800	76651	53470	57848	15250	78721	34154	40918	46092	81314	90557	75801	24022	11648	76345	80763	82084	41648	78117	23032	65526	48010	55776	76847	77255	29846	50027	20586	38740	11471	30453	32729	2916	71124	34008	97551	23661	43304	17047	14442	38068	15260	58908	88077	81941	84115	20773	24560	68744	22281	60956	49212	55401	86605	60474	5395	85060	54251	6393	101665	45403	68680	53401	21370	20422	65301	23979	92298	21641	41894	69541	16845	49445	84905	9457	33641	51845	56314	67126	82504	74535	47061	18802	94619	26042	4197	48107	21090	34821	11774	6868	62949	63590	16899	75266	77344	70071	82895	
127537	49955	59905	92789	83008	64571	150316	91801	65919	63112	54029	0	129235	92342	48097	49425	55094	78822	134614	132139	135652	45495	28372	65338	57640	31305	81985	115526	113176	88082	126183	56745	109729	137568	57357	26290	78284	84673	40911	80282	38810	48521	39517	52250	53974	27885	43369	70613	45512	43149	47011	133321	137249	29674	39286	34271	40544	23096	113310	138259	33307	113986	113050	81516	48065	63633	122836	16986	84989	96294	80567	24837	137911	125719	75728	68230	78992	89133	98325	130857	123216	117067	93886	25012	58999	119137	23237	81334	86508	121730	130973	116217	82849	73314	116762	121179	122500	50737	118533	37001	21675	88426	96193	117263	117671	70262	90443	61031	95791	52405	31158	48463	54341	111540	74424	137967	33409	83720	57981	36651	20489	68244	99324	128493	122357	124531	48792	35388	109160	75265	101372	58301	7489	127021	100890	53871	125476	94667	59377	142082	54491	109096	93818	49050	61356	30912	59210	132715	42836	38501	21629	39147	58534	125321	62441	27389	8118	96730	107542	122920	114951	87477	76619	135035	41776	57181	57196	40440	74589	52315	54396	19792	33064	39318	115682	117760	110487	123312	
19062	81060	91157	40578	86494	76764	24774	60147	69405	97903	88819	129235	0	47267	113963	95190	89491	72675	13865	17754	9527	121374	143328	83306	94745	137994	48601	20653	29284	53746	17248	75840	39517	18645	74365	126697	80639	87028	117139	58247	109105	99965	109811	118116	108976	117088	92604	72968	111378	85937	112877	24297	21324	99656	98507	118932	94290	112724	34088	21671	103602	16908	23803	83870	113931	105398	7074	139853	73228	74259	82922	123174	15280	24729	78083	70585	67187	45552	35049	7093	80852	20253	57647	132802	103622	18147	109109	59299	45952	18749	7422	23348	76525	75669	30698	22804	13936	116603	12947	97987	140480	51945	74158	24941	22312	72617	68408	108958	86673	86802	105407	107684	86729	25048	67566	11842	98616	52830	79276	95972	113023	85557	56960	12131	19582	19112	96105	99514	26428	95352	35998	124167	130355	43167	37847	89259	16624	37005	94765	26249	120357	66731	71783	112897	91219	140256	112351	6590	106683	116849	144496	91800	124400	13622	79820	108595	126799	61695	30422	33015	18392	65442	71527	23034	100997	83029	123062	102993	121055	81441	83522	137904	138545	91854	28024	20735	55328	9136	
57802	44166	43206	10406	44251	27174	53924	28007	32511	61009	51926	92342	47267	0	76748	57975	52276	34351	55309	56876	56346	84159	106113	34131	43906	100779	9626	36221	34150	9058	46878	38625	40522	58263	29991	89482	38607	44340	79924	14948	71890	62750	72596	80901	44192	79873	55389	35753	74163	48722	75662	54015	61986	62440	61292	81717	57075	75509	23791	46568	66387	34681	43843	46655	76716	68183	43531	102638	32835	33866	27652	85959	58605	46413	36104	26211	26794	13479	19020	51552	54010	47861	10938	95587	66407	39831	71894	21186	6443	47897	51668	36911	37045	38454	26911	51973	43195	79388	39228	60772	103265	6910	33765	48057	48464	28243	23080	71743	46280	49587	68192	70469	49514	32234	22322	58662	61401	20757	34902	58757	75808	48342	23149	49188	53151	55324	58890	62299	39953	58137	22064	86952	93140	43208	9745	52044	45798	10476	57550	66819	83142	34310	26455	75682	40380	103041	75136	53409	69468	79634	107281	54585	87185	46016	42605	71380	89584	29622	19041	29919	35646	25049	33414	55729	63782	45814	85847	65778	83840	44226	46307	100689	101330	54639	46476	48554	10304	44006	
112517	34935	23472	77769	67988	49551	135296	76781	50899	48092	39009	48097	113963	76748	0	43638	40327	64055	119847	117372	120884	15008	34478	31022	23189	29458	67217	100759	98409	73315	111416	41978	94961	122801	42590	20437	63517	69906	10879	65515	33024	18319	33730	10296	19523	41007	22401	55846	7070	29858	5259	118554	122482	23887	17713	12671	21575	20350	98542	123492	27520	99219	98282	66748	7670	55243	108069	37714	70221	81527	38719	42277	123143	110951	60961	53463	64225	74366	83558	116090	108449	102300	79119	26542	53212	104369	28211	66567	71740	106963	116206	101449	68082	58547	101994	106412	107733	10237	103766	31214	33970	73658	81425	102496	102904	55495	75676	55244	81024	28194	11496	10028	39573	96773	59657	123200	27622	68953	43214	32472	32125	53476	84557	113726	107590	109763	21904	16355	94393	60498	86605	17801	49457	112254	86123	39104	110708	79900	44609	127314	13991	94328	79050	43263	27174	31720	53423	117947	37049	10588	40708	24379	12175	110554	47674	32514	45902	81963	92775	108153	100184	72710	61851	120268	15706	42413	16696	34653	68802	37547	39628	38767	31670	28353	100915	102993	95720	108544	
93743	13435	25942	58996	37832	30609	116523	58008	32126	16380	11325	49425	95190	57975	43638	0	20616	30721	100655	98179	101692	50963	72917	30860	30404	67582	48025	81567	79216	54122	92224	16517	75769	103608	22022	56286	28411	35517	46728	46323	14587	31090	12436	47705	34783	26493	21322	20495	40966	15098	42466	99361	103290	20096	30009	48520	23475	42313	79350	104299	19356	80027	79090	29460	43519	17836	88876	63475	36888	42433	36875	31522	103951	91759	25823	34271	45033	55173	64366	96898	89257	83108	59927	62391	13201	85177	29866	47375	52548	87771	97013	82257	34748	22373	82802	87220	88540	46191	84574	16402	64102	54466	62233	83304	83711	36303	56483	19697	49466	17927	34996	39186	12577	77580	40464	104007	22284	49760	23504	15674	33780	23449	65365	94534	88398	90571	27230	31016	75200	30383	67413	53756	53978	93062	66931	7673	91516	60707	12168	108122	49946	75136	59858	9798	26878	69844	20676	98755	11041	46437	68118	23302	53988	91362	20183	24350	47556	62770	73583	88961	80992	53517	29528	101075	32499	14922	52650	10490	35337	16980	16529	61526	68133	19366	81723	83801	76528	89352	
88045	10584	5798	53297	43516	10683	110824	52309	26427	23243	14160	55094	89491	52276	40327	20616	0	29718	95526	93050	96563	46776	68730	10681	10213	63396	26962	76438	74087	33059	87095	10004	70640	98480	7757	52099	27059	35569	42541	22567	34507	11786	35213	43518	13086	42490	18006	12213	36779	9558	38279	94232	98161	25057	23908	44333	19122	38126	74221	99170	29003	74898	73961	28108	39332	30631	83747	65254	35885	57206	16696	48576	98822	86630	26624	11355	28764	50044	59237	91769	84128	77979	29193	58204	28855	80048	34511	42246	31485	82642	91884	77128	33745	16079	77673	82091	83412	42005	79445	23389	65882	33403	57104	78175	78583	12189	18572	34191	46687	4889	30809	24355	10262	72451	12511	98878	24018	44631	3638	17560	38424	24634	60236	89405	83269	85442	10471	24916	70071	32183	62284	49569	55757	87933	61802	14492	86387	55578	19998	102993	45759	70007	27341	28634	6581	65658	37584	93626	32085	42250	69898	17202	31984	86233	18831	33997	52201	57641	68454	83832	75863	48388	27515	95946	21800	13570	48463	28394	48426	3689	7055	63305	63946	17256	76594	78672	71399	84223	
63572	30646	35604	27163	12773	24341	94007	14042	16981	19728	19995	78822	72675	34351	64055	30721	29718	0	78775	67380	79812	70295	92249	31216	36190	86914	24291	55359	48417	30388	70344	20701	39945	81729	22276	75618	7365	13097	66060	22589	58025	48886	58732	67037	57897	66009	41525	16142	60298	34858	61798	77481	72491	48576	47427	67852	43210	61645	57470	82420	52522	58147	48291	11164	62851	28223	66997	88773	6664	12209	30832	72095	82071	69879	5049	18496	10775	23904	42486	75018	41745	52309	36193	81723	34067	63297	58029	15139	28814	56972	75134	60377	4524	11936	60922	56421	57908	65523	62694	46907	89401	30732	18071	52505	52912	20527	32749	31933	17305	35723	54328	56604	22286	55700	24689	82128	47536	13595	27187	44893	61943	12850	24772	72654	57598	59772	45025	48435	44401	22646	39026	73087	79276	43500	37422	26980	60717	38827	25358	77323	69278	29362	36124	40188	32664	89176	35326	76875	55604	65769	93416	40721	73320	69482	14815	57516	75720	19159	51703	67081	59112	16574	7507	79195	49917	18024	71982	51913	48348	30362	24727	86824	87465	40774	50924	53001	42408	67472	
31888	86439	96537	45957	91873	82144	18024	65526	74784	103282	94198	134614	13865	55309	119847	100655	95526	78775	0	30661	7773	126421	148375	88353	99792	143041	53648	25700	34331	58793	11407	80887	45882	8203	79412	131744	85686	92075	122186	63294	114152	105012	114858	123163	114023	122135	97651	78015	116425	90984	117924	16311	34232	104703	103554	123979	99337	117771	32938	11228	108649	21955	30167	88917	118978	110445	20806	144900	78275	79306	87969	128221	4838	20214	83130	75632	72234	50599	40096	20000	85899	27245	62694	137850	108669	20125	114156	64346	50999	27356	8745	25640	81572	80716	26624	35711	22654	121650	18333	103034	145527	56992	79205	32300	35219	77664	73455	114005	91720	91849	110454	112731	91776	30095	72613	9340	103663	57877	84323	101019	118070	90604	62007	25038	32489	32019	101152	104561	32792	100399	41045	129214	135402	49532	42894	94306	25257	42052	99812	39156	125404	71778	76830	117944	96266	145303	117398	10215	111730	121896	149543	96847	129447	24512	84867	113642	131846	66742	35469	27401	22466	70489	76574	12592	106044	88076	128109	108040	126102	86489	88569	142951	143592	96901	34389	27100	60375	11537	
5920	83963	94061	47524	89397	79668	41704	53182	72308	100806	91723	132139	17754	56876	117372	98179	93050	67380	30661	0	26306	123863	145817	85795	97234	140483	55613	27665	36296	60758	29479	78329	36139	35424	76855	129186	83128	89517	119628	60737	111594	102454	112300	120606	111465	119577	95093	75457	113867	88426	115367	39408	6727	102145	100996	121421	96779	115213	41100	38449	106091	23920	21888	86360	116420	107887	17090	142342	62283	60943	85411	125663	32059	31805	80572	73074	69676	52564	42060	11203	57152	20916	64659	135292	106111	25223	111598	61788	52964	16064	24201	30360	66316	78158	37710	15928	20273	119092	20300	100476	142969	58957	60842	18065	15436	75106	70897	111447	73357	89291	107896	110173	89218	32060	70056	28621	101105	59842	81766	98461	115512	88046	42315	7688	10681	10211	98594	102003	24946	97841	43009	126656	132844	39788	44859	91749	17462	44016	97254	11559	122847	52087	74272	115386	93708	142745	114840	23369	109173	119338	146985	94289	126889	13998	82309	111084	129288	55069	37434	40091	25404	54888	74016	38331	103486	85518	125551	105482	123544	83931	86011	140393	141034	94343	22992	26599	62339	23255	
27550	87476	97574	46994	92910	83181	16984	66563	75821	104319	95236	135652	9527	56346	120884	101692	96563	79812	7773	26306	0	128231	150185	90162	101601	144850	55458	27509	36140	60603	14674	82696	47691	12350	81222	133554	87496	93885	123996	65104	115961	106822	116668	124973	115833	123945	99461	79825	118234	92794	119734	20458	38576	106512	105363	125788	101146	119581	40944	15375	110458	23765	31977	90727	120787	112255	17220	146709	80084	81116	89778	130031	8985	23480	84939	77442	74044	52409	41905	16414	87708	29054	64503	139659	110478	22022	115965	66156	52808	28497	7358	27537	83381	82525	30322	32125	24463	123459	20142	104843	147336	58801	81014	34262	31633	79473	75264	115815	93530	93659	112264	114540	93586	31904	74423	3202	105472	59686	86133	102829	119879	92413	63816	21452	28903	28433	102961	106371	34602	102208	42854	131023	137212	51341	44704	96116	27066	43861	101621	35570	127214	73588	78639	119753	98075	147112	119208	6155	113540	123705	151352	98656	131256	23592	86676	115452	133656	68551	37278	31548	24363	72298	78384	16739	107853	89885	129918	109849	127911	88298	90379	144760	145401	98710	36198	28909	62184	13479	
119927	42346	52295	85180	75399	56962	123324	84192	58310	55503	46420	45495	121374	84159	15008	50963	46776	70295	126421	123863	128231	0	23042	38991	41456	17708	74331	107873	105523	80429	118530	49092	102076	129915	49704	25852	70631	77020	10630	72629	40138	32337	40844	9324	27726	48121	29516	62960	12398	36972	10633	125668	129596	31001	24827	18686	28689	27464	105656	130606	34634	106333	105397	73862	7892	62357	115183	32151	77336	88641	42356	49391	130258	118066	68075	60577	71339	81480	90672	123204	115563	109414	86233	20979	60326	111484	35325	73681	78855	114077	123320	108563	75196	65661	109108	113526	114847	5638	110880	38328	28407	80772	88539	109610	110018	62609	82790	62358	88138	44752	18610	22632	46687	103887	66771	130314	34736	76067	50328	39586	39239	60591	91671	120840	114704	116877	35922	23470	101507	67612	93719	9883	38342	119368	93237	46218	117823	87014	51723	134428	8567	101443	53287	50377	53703	19970	60537	125061	44163	13928	30484	31493	15700	117668	54788	39628	53016	89077	99889	115267	107298	79824	68966	127382	25592	49527	7625	41768	75916	44662	46742	33203	18259	35468	108029	110107	102834	115658	
141882	64300	74249	107134	97353	62634	133242	106146	80264	77457	68374	28372	143328	106113	34478	72917	68730	92249	148375	145817	150185	23042	0	56898	63432	6507	96308	129849	127499	102405	140506	71068	124052	151891	71680	17086	92607	98996	28688	94605	62114	54313	62820	29760	59766	54474	51492	84936	30359	58948	30188	147644	151572	52977	46803	22047	50665	40438	127632	152582	56610	128309	127373	95838	30794	84333	137159	15317	99312	110617	60263	51425	152234	140042	90051	82553	93315	103456	112648	145180	137539	131390	108209	8457	82302	133460	49825	95657	100831	136053	145296	130540	97172	87637	131084	135502	136823	26074	132856	60304	11902	102749	110515	131586	131994	84585	104766	84335	110114	66728	40587	42475	68664	125863	88747	152290	56712	98043	72304	61562	47077	82567	113647	142816	136680	138853	57898	45446	123483	89588	115695	28268	21508	141344	115213	68194	139799	108990	73700	156404	29457	123419	71194	72353	75679	3791	82513	147037	66139	26278	8693	53470	38180	139644	76764	61604	34706	111053	121865	112509	129274	101800	90942	149358	47568	71503	25062	63744	97892	66638	68718	16226	8881	57444	130005	132083	124810	137634	
81859	17874	10063	47111	36320	7178	104638	46123	17986	33487	24403	65338	83306	34131	31022	30860	10681	31216	88353	85795	90162	38991	56898	0	7827	51342	28474	69944	67594	29293	80601	18200	64146	91986	15333	62265	30692	37081	52707	24079	44672	15047	45379	33763	11517	52656	28172	20409	46945	21128	48445	87739	91667	35223	34074	54499	26048	48292	67727	92677	39169	68404	67467	33923	49498	40797	77254	75420	37397	37771	7236	58742	92328	80136	28136	13970	30276	36843	52743	85275	77634	71485	29382	68370	39020	73554	44676	29370	28348	76148	85391	70634	35257	25722	71179	75597	76918	52170	72951	33554	76047	29637	50610	71681	72089	11410	14859	44357	48199	16108	40975	21658	21211	65958	12700	92385	34183	38138	7600	27726	48590	35609	53742	82911	76775	78948	17397	35082	63578	41823	55790	29405	65923	81439	55308	24658	79893	49085	30163	96499	29660	63513	17881	38800	8282	53604	47750	87132	42251	52416	62948	27367	30329	79739	28471	44163	62367	51148	61960	77338	69369	41895	29027	89453	23956	23210	32517	38560	58591	12993	17897	73471	51893	27421	70100	72178	41518	77729	
93298	18139	6499	58550	41295	13781	116078	57562	22960	33031	23948	57640	94745	43906	23189	30404	10213	36190	99792	97234	101601	41456	63432	7827	0	50564	33599	75069	72719	38126	85726	18471	69272	97111	15604	41543	35818	42207	31985	29204	38749	8351	39456	27465	8466	46732	17186	20681	28445	16474	26365	92864	96792	29300	19744	33777	18516	33811	72853	97802	33246	73529	72593	39049	28776	41068	82379	67388	42522	42897	16069	52234	97454	85262	33261	17992	35402	41968	57869	90400	82759	76611	38216	47648	39292	78680	36645	34495	38122	81273	90516	75760	40382	24546	76305	80723	82043	31155	78076	27631	55076	38470	55736	76806	77214	20243	23693	44628	53324	14185	24957	14564	21483	71083	21533	97510	28260	43263	11009	25617	40558	34545	58867	88036	81900	84074	9865	23273	68703	42094	60915	32483	57891	86564	60433	24929	85019	54210	30435	101625	32737	68639	26714	42541	4718	52826	48021	92258	36328	31694	61814	18439	22544	84865	28742	38240	54335	56273	67085	82464	74494	47020	34152	94578	16862	23482	35595	32637	58863	13264	18168	65439	52776	21498	75225	77303	48839	82855	
136547	58966	68915	101800	92019	57300	132222	100811	74930	72123	63039	31305	137994	100779	29458	67582	63396	86914	143041	140483	144850	17708	6507	51342	50564	0	90973	124515	122164	97070	135171	65734	118717	146556	66346	18017	87273	93662	23643	89271	56779	48978	57486	24426	54431	64762	46157	79602	25315	53614	27275	142309	146238	47643	41469	17003	45331	35393	122298	147247	51276	122974	122038	90504	24839	78999	131824	20573	93977	105283	54929	56681	146899	134707	84716	77219	87981	98121	107314	139846	132205	126056	102875	9766	76968	128125	51967	90323	95496	130719	139961	125205	91837	82302	125750	130168	131488	20739	127521	54970	14217	97414	105181	126252	126659	79250	99431	79000	104780	61393	35252	39562	63329	120528	83412	146955	51377	92708	66970	56228	44621	77232	108312	137482	131346	133519	52564	40111	118148	84254	110361	22933	26764	136010	109878	62860	134464	103655	68365	151070	24123	118084	65860	67018	70344	3434	77178	141703	60805	21233	13949	48135	32846	134310	71430	56270	39962	105718	116531	131909	123940	96465	85607	144023	42233	66169	19728	58409	92558	61303	63384	19014	3547	52109	124671	126749	119476	132300	
59135	33809	32848	9340	33893	19846	69934	21777	22154	50652	41569	81985	48601	9626	67217	48025	26962	24291	53648	55613	55458	74331	96308	28474	33599	90973	0	34978	32907	7560	45635	30103	42821	57020	21470	80961	30085	35818	71403	6426	63368	54229	64075	72380	63240	71351	46867	27232	65641	40201	67141	52773	60744	53919	52770	73195	48553	66987	32762	57711	57865	33438	46142	38134	68194	59662	42288	94116	26593	27624	23976	77438	57363	45171	27582	17689	20552	12237	17778	50309	56309	50160	13566	87066	57885	38589	63372	12664	3911	46655	50425	35669	29890	29932	36214	54272	41952	70866	37985	52250	94743	7342	27523	50355	50763	15389	13895	63222	40038	41066	59670	61947	40993	30992	14984	57419	52879	15050	26381	50236	67286	39820	21906	47945	55449	57623	50368	53777	42252	49615	20822	78430	84618	41966	18758	43523	44555	14119	49028	65576	74621	33068	17270	67160	31858	94519	66615	52167	60947	71112	98759	46063	78663	44774	34083	62859	81063	28060	26782	42373	34403	18807	24892	54487	55260	37292	77325	57256	75318	35705	37786	92167	92808	46117	48774	50852	19894	42764	
26393	67350	77448	26869	72784	63055	41798	41160	55695	84193	75110	115526	20653	36221	100759	81567	76438	55359	25700	27665	27509	107873	129849	69944	75069	124515	34978	0	7916	40034	17042	62128	24095	28427	60654	112985	66927	73316	103427	44536	95393	86253	96099	104405	95264	103376	78892	59256	97666	72225	99166	24180	32486	85944	84795	105220	80578	99012	20046	29118	89890	5048	9708	70159	100219	91686	14030	126141	50239	48899	69210	109462	30045	16578	64371	56873	53475	29598	21337	22051	46435	8055	43935	119091	89910	9996	95397	45587	32240	12919	21136	11863	54272	61957	15921	19427	9881	102891	7517	84275	126768	38233	48798	15511	15918	58905	54696	95246	61313	73090	91695	93972	73017	5546	53855	28130	84904	39118	65565	82260	99311	71845	30271	19687	20604	22778	82393	85802	11820	81640	16980	110455	116643	29072	24136	75548	12116	23293	81053	37318	106646	40043	58071	99185	77507	126544	98639	22877	92972	103137	130784	78088	110688	16515	66108	94883	113087	43025	16620	22815	5912	42844	57815	25894	87285	69317	109350	89281	107343	67730	69810	124192	124833	78142	13929	4784	41616	13474	
35929	65000	75098	24798	70434	60705	50617	34218	53345	81843	72760	113176	29284	34150	98409	79216	74087	48417	34331	36296	36140	105523	127499	67594	72719	122164	32907	7916	0	36959	26179	59383	17490	37564	57908	110240	64182	70571	100682	41790	92648	83508	93354	101659	92519	100631	76147	56511	94921	69480	96420	33317	41288	83199	82050	102475	77833	96267	22250	38255	87145	12029	15660	67413	97474	88941	22832	123396	43337	41997	66465	106717	37907	25715	61626	54128	50730	25044	20936	30853	49778	14008	44447	116346	87165	19133	92652	42842	29903	18871	30969	16185	47370	59212	18860	27629	17399	100146	18529	81530	124023	39925	41896	23713	24120	56160	51951	92501	54411	70345	88950	91227	70272	6964	51109	37963	82159	45228	62819	79515	96566	69100	23369	28489	28807	30980	79648	83057	15319	78895	12426	107710	113898	29072	22659	72802	18379	21318	78308	46120	103900	33141	55326	96440	74762	123799	95894	32710	90226	100392	128039	75343	107943	25317	63363	92138	110342	36123	18824	25019	13005	35942	55070	35031	84540	66572	106605	86536	104598	64985	67065	121447	122088	75397	22132	10736	42128	23307	
64280	39906	38945	13297	39991	22404	59036	27874	28251	56749	47666	88082	53746	9058	73315	54122	33059	30388	58793	60758	60603	80429	102405	29293	38126	97070	7560	40034	36959	0	49807	34355	47073	61192	25721	85213	34337	40070	75654	10678	67620	58480	68326	76632	39384	75603	51119	31483	69893	44452	71393	56945	64916	58171	57022	77447	52805	71239	33757	51685	62117	37610	50394	42386	72446	63913	46460	98368	30845	31876	22844	81689	61535	49343	31834	21941	24804	16409	21949	54481	60560	54412	5993	91318	62137	42761	67624	16916	7561	59074	54597	39841	34142	34184	40385	58523	46124	75118	42157	56502	98995	4245	31775	54607	55015	22555	18272	67474	44290	45317	63922	66199	45245	35164	17514	61591	57131	19302	25576	54488	71538	44072	26078	52117	59701	61875	54620	58029	46504	53867	24994	82682	88870	46138	18244	47775	48727	18975	53280	69748	78873	37240	13267	71412	32930	98771	70866	56338	65199	75364	103011	50315	82915	48945	38335	67110	85314	32312	27540	35036	38575	23059	29144	58659	59512	41544	81577	61508	79570	39957	42038	96419	97060	50369	53026	55104	12870	46935	
33002	78007	88105	37526	83441	73712	23091	57094	66352	94850	85767	126183	17248	46878	111416	92224	87095	70344	11407	29479	14674	118530	140506	80601	85726	135171	45635	17042	26179	49807	0	72433	40270	10823	70958	123290	77232	83621	113732	54840	105698	96558	106404	114709	105569	113681	89197	69561	107971	82530	109470	7836	35400	96248	95100	115525	90883	109317	21531	12289	100195	13314	24555	80463	110524	101991	14333	136446	69821	70852	79515	119767	12441	8806	74676	67178	63780	42145	31642	23411	77445	21633	54240	129395	100215	9548	105702	55892	42545	22575	11789	15665	73118	72262	15217	28247	18240	113196	13250	94580	137073	48538	70751	26688	26920	69210	65001	105551	83266	83395	102000	104277	83322	21641	64159	16255	95209	49423	75869	92565	109616	82149	53553	22601	26871	27817	92698	96107	27180	91945	32590	120760	126948	43919	34440	85852	20476	33598	91358	40232	116950	63324	68376	109490	87812	136849	108944	15544	103276	113441	141089	88393	120993	19429	76413	105188	123392	58288	27015	15561	13386	62035	68120	9065	97590	79622	119655	99586	117648	78034	80115	134497	135138	88447	28777	21488	51920	8280	
74393	9267	15053	39646	28486	12506	97173	38658	7570	15504	6856	56745	75840	38625	41978	16517	10004	20701	80887	78329	82696	49092	71068	18200	18471	65734	30103	62128	59383	34355	72433	0	56739	84578	6477	54292	19284	26389	44734	20592	36700	20318	37406	45712	26262	44683	20199	4937	38973	13063	40473	80331	84260	27251	26102	46527	21885	40319	60320	85269	31197	60996	60060	20333	41526	22773	69846	67448	27049	32594	19905	50769	84921	72729	16696	9380	22869	36143	45336	77867	70227	64078	36553	60398	20996	66147	36704	21963	29510	68741	77983	63227	24909	8803	63772	68190	69510	44198	65543	25582	68075	31428	38456	64274	64681	11496	21109	26333	40339	10875	33002	30341	4119	58550	15048	84977	26211	30730	10908	23568	40618	16858	46334	75504	69368	71541	16458	27109	56170	24407	48383	51762	57950	74032	47900	10449	72486	41677	12139	89092	47953	56106	28057	27117	15003	67851	29726	79725	26696	44444	72091	19395	51995	72332	11055	36190	54394	43740	54552	69931	61961	34487	17561	82045	28592	5795	50657	30588	40567	5670	2947	65499	66140	19449	62693	64771	57498	70322	
32203	61553	71651	31170	66987	57258	65010	25746	49898	78396	69313	109729	39517	40522	94961	75769	70640	39945	45882	36139	47691	102076	124052	64146	69272	118717	42821	24095	17490	47073	40270	56739	0	50099	54481	106812	60754	67143	97254	38362	89220	80080	89926	98232	89091	97203	72719	53083	91493	66052	92993	47634	41259	79771	78622	99047	74405	92839	39759	52572	83717	28915	17059	63986	94046	85513	33545	119968	34847	33508	63037	103289	49867	40032	58198	50700	31648	25973	35015	39965	28583	21077	51966	112918	83737	33450	89224	39414	35205	25740	42930	33694	38881	55784	36370	25189	26676	96718	28186	78102	120595	44886	32034	21273	21681	52732	48523	89073	45922	66917	85522	87799	66844	24473	47682	49924	78731	28761	59391	76087	93138	65672	14880	33913	26367	28540	76220	79629	12952	75467	22437	104282	110470	11152	37579	69375	29485	31356	74880	46091	100473	13616	51898	93012	71334	120371	92466	44671	86798	96964	124611	71915	104515	31150	59935	88710	106914	24434	37483	42529	31489	27452	51642	49348	81112	63144	103177	83108	101170	61557	63637	118019	118660	71969	18182	21770	47177	35268	
36668	89392	99490	48911	94826	85097	13447	68479	77737	106235	97152	137568	18645	58263	122801	103608	98480	81729	8203	35424	12350	129915	151891	91986	97111	146556	57020	28427	37564	61192	10823	84578	50099	0	82676	135008	88950	95338	125450	66558	117415	108276	118122	126427	117286	125398	100914	81278	119688	94248	121188	8526	39027	107966	106817	127242	102600	121034	29781	4684	111912	25031	33969	92181	122241	113709	23217	148163	81538	82570	91232	131485	3637	17392	86393	78896	75497	53863	43359	24795	89162	31046	53629	141113	111932	20633	117419	67609	54262	31158	14023	27118	84835	83979	24864	40506	26455	124913	22134	106297	148790	60255	82468	36102	40014	80927	76718	117269	94983	95112	113717	115994	95040	33358	75877	9879	106926	61140	87587	104283	121333	93867	65270	29833	37284	36814	104415	107824	36594	103662	44308	132477	138665	53333	46158	97570	29058	45315	103075	43951	128668	75042	80093	121207	99529	148566	120662	15010	114994	125159	152806	100110	132710	28313	88130	116906	135110	70005	32877	19616	25103	73752	79838	4807	109307	91339	131372	111303	129365	89752	91833	146214	146855	100164	38191	30901	43782	15008	
72919	9879	14853	38171	27380	7111	95698	37183	9046	22022	16817	57357	74365	29991	42590	22022	7757	22276	79412	76855	81222	49704	71680	15333	15604	66346	21470	60654	57908	25721	70958	6477	54481	82676	0	54931	21856	28245	45373	15243	37339	21268	38045	46350	23913	45322	20838	8651	39612	13702	41111	78902	82831	27890	26741	47166	22524	40958	58891	83840	31836	59568	58631	25087	42165	28893	68418	68087	28560	28935	14474	51408	83492	71300	19299	4030	21440	28006	43907	76439	68798	62649	31204	61037	27116	64718	37343	20534	24161	67312	76555	61798	26421	12516	62343	66761	68082	44837	64115	26221	68714	26079	41774	62845	63253	6065	15677	32453	39363	11825	33641	31291	9453	57121	9617	83548	26850	29301	6580	24206	41257	22515	44906	74075	67939	70112	17408	27748	54741	30064	46954	52401	58589	72603	46472	15750	71057	40248	18259	87663	48591	54677	22626	33237	12654	68490	35846	78296	34917	45083	72730	20034	38920	70903	16712	36829	55033	42311	53124	68502	60533	33058	20190	80616	29231	11452	51296	31227	46687	6309	7563	66138	66779	20088	61264	63342	41735	68893	
125251	47669	40024	90503	80722	62285	148030	89515	63633	60826	51743	26290	126697	89482	20437	56286	52099	75618	131744	129186	133554	25852	17086	62265	41543	18017	80961	112985	110240	85213	123290	54292	106812	135008	54931	0	76139	82528	14621	78137	45646	37845	46352	21356	37904	42194	35024	68468	16293	42481	16122	131176	135104	36509	30335	7981	34197	19790	111165	136114	40142	111841	110905	79371	16728	67865	120691	19576	82844	94149	78422	43667	135766	123574	73583	66085	76847	86988	96180	128712	121071	114922	91741	8394	65834	116992	34761	79189	84363	119585	128828	114072	80704	71169	114617	119034	120355	19180	116388	43836	15832	86281	94048	115118	115526	68117	88298	67867	93646	50260	18042	28409	52196	109395	72279	135822	40244	81575	55836	45094	32946	66099	97179	126348	120212	122386	41430	28978	107015	73120	99227	27406	19934	124876	98745	51726	123331	92522	57232	139937	23597	106951	91673	55885	45555	17228	66045	130570	49671	12211	22570	37002	27639	123176	60296	45136	32335	94585	105397	120775	112806	85332	74474	132890	31100	55036	26301	47276	81424	50170	52251	24380	19528	40976	113537	115615	108342	121167	
