//--------------------------------------------------------------------------------------------------------------------
//-- données sur la Meurthe et Mozelle récupérés par le géocodeur (matrice symétrique)
//-- 
//-- C. Duhamel, P. Lacomme C. Prodhon - juillet 2009 : 28947 kg à collecter, flotte de capa 55000
//--------------------------------------------------------------------------------------------------------------------
171 4 999999 0 0 0
5  1000 100 2.5
5 1500 80 5.2
5 4000 180 6.2
5 4500 180 9.2
0   // la ville qui represente le depot
0	53387	28485	28727	83885	100591	95019	72388	78401	88571	23814	68496	54459	23186	18250	86010	22413	51321	86064	25899	26172	23737	15524	91456	34817	18962	40362	16987	34058	17273	61887	139891	16683	27917	26023	92148	35681	74221	125513	123566	50056	65034	104017	13680	118293	48798	81891	18274	45447	23824	22633	15882	67283	18645	55976	105600	23580	19198	18359	36755	33233	26565	41338	10489	64985	71107	11449	126850	44509	89915	113915	32550	57309	118333	84596	31307	114614	71327	23172	30365	23893	87207	58964	110148	76899	109042	39110	99135	29663	16991	122274	24121	4033	120298	134782	120957	22416	30879	56025	27270	38396	15591	18222	99475	102243	69372	15537	15393	69797	17849	114572	38457	22119	116306	85951	108849	124235	58550	35476	111943	95315	19182	19596	29004	37743	20001	43047	110277	23747	119485	9959	33527	25682	41108	27001	57554	119115	33692	44393	52490	66193	21376	37758	10043	119131	26270	26798	22458	52543	48804	37511	110123	23374	42648	13867	100044	106691	99015	91156	39686	26534	40499	10469	49450	33346	111078	18383	109287	9519	35110	130212	41077	
53387	0	59518	20044	29249	63537	41052	106809	112822	122992	68646	25214	88880	31396	26286	120431	76409	85742	120485	18120	80168	52984	45964	36821	55441	50184	74783	62871	65091	50775	96308	102837	74840	62337	80019	126569	89678	30768	88459	86512	84477	99455	66963	42486	81239	83219	116312	23357	79867	77820	53666	69878	24001	49100	90397	68546	54613	50231	47446	71176	67654	80562	75759	50157	99406	27825	67619	89796	78929	32535	76861	66971	91730	81279	29960	65728	77560	27062	56169	41957	20445	32572	93385	47430	33446	49168	73531	43256	64084	48024	85220	49270	39372	83244	97728	83903	49990	65300	90446	15237	73902	44677	49255	39700	41722	103793	38420	63022	20081	50846	57454	72878	66950	79252	30707	52970	87181	92971	17042	74889	32509	52179	64427	36430	12397	51223	4958	48326	77743	63979	43063	14500	67935	75529	58034	91975	82061	68113	78814	86911	100614	52409	72179	29446	82077	57303	57831	73951	86964	83225	19771	73069	54407	77069	44322	44441	48610	133436	35277	9168	60955	74920	59053	83871	67767	74025	61548	72233	40628	79931	93158	75498	
28485	59518	0	34714	89871	106578	101005	39438	45451	55621	24251	74482	27166	30239	26610	53060	46565	19951	53114	36070	50324	16903	16989	97442	21183	46121	24227	23241	14785	33145	28937	145878	44996	20651	50175	59198	41674	80208	131499	129553	12704	29155	110003	20453	124279	15746	48941	30658	9472	47975	11886	40034	73269	46229	18624	111586	10280	15702	27160	20619	7827	50717	25202	35935	32035	77093	37775	132836	10164	95901	119901	6680	24359	124319	90582	12853	120600	77313	5920	28681	37517	93194	22735	116135	82886	115028	4852	105122	22049	14953	128260	21398	43150	126284	140769	126944	49575	14744	21165	38971	29167	22644	12087	105461	108230	36422	28100	26510	75784	16133	120558	22322	18084	122292	91937	114836	130221	22738	41463	117929	101301	11855	20817	33165	43729	47160	49034	116263	34077	125471	36339	39513	23863	24973	10303	22556	125102	17556	11128	36355	33243	8320	7141	32262	125118	8198	11577	29443	15191	32668	50594	116110	5302	17618	41451	106031	112678	66065	97143	45673	11870	6154	29208	33314	17650	117065	20775	115274	39031	29374	136198	24942	
28727	20044	34714	0	57691	74397	68825	82049	88063	98232	43887	42302	64121	13796	13090	95672	51650	60982	95726	8734	55409	28202	21205	65262	30658	51206	50024	38111	40279	26016	71549	113698	50081	37578	55260	101810	64918	48027	99319	97373	59718	74696	77823	17727	92099	58459	91553	10639	55108	53061	28907	45119	41089	51315	65638	79406	29854	25472	22687	46417	42895	55803	51000	25398	74647	44913	42860	100656	54170	63721	87721	42212	66971	92139	58402	40969	88420	45133	31410	17174	10899	61014	68625	83955	50706	82848	48772	72942	39325	23265	96080	24487	32613	94104	108589	94764	36132	40541	65687	6974	49142	19918	24496	73281	76050	79034	13661	38262	43604	26087	88378	48119	42191	90112	59757	82656	98041	68212	9466	85749	69121	27420	39668	11647	11732	52245	17037	84083	52984	93291	18303	7517	43176	50770	33275	67216	92922	43353	54055	62152	75855	27650	47420	17823	92938	32544	33072	49192	62205	58466	18597	83930	29648	52310	46537	73851	80498	108677	64963	13676	36195	50161	34294	59111	43008	84885	36789	83094	27910	55172	104018	50739	
83885	29249	89871	57691	0	23688	12775	137987	144000	154170	99824	4554	120059	69757	69027	151609	107588	116920	151663	62345	111346	84163	77142	8997	86619	107143	105961	94049	96269	81953	127486	53571	106018	93516	111197	157747	120856	13295	45018	50636	115655	130633	31139	73665	44382	114397	147490	73075	111046	108998	84844	101057	9139	107252	121575	28403	85791	81410	78624	102354	98832	111740	106937	81336	130584	10333	98798	53919	110108	9036	40985	98149	122909	45402	2137	96906	41683	13151	87347	73135	64510	4662	124563	21221	15061	20115	104710	10208	95262	79203	49343	80448	88551	47367	45749	48027	110597	96479	121625	60584	105080	75856	80434	10548	13316	134972	69599	94200	16824	82024	28401	104056	98129	43375	4808	19922	51304	124149	63077	39012	3319	83357	95605	67608	40331	108182	32891	21350	108921	34926	74241	58449	99113	106707	89212	123153	46185	99291	109993	118089	131792	83587	103357	73761	46201	88481	89009	105129	118142	114403	40282	37193	85586	108247	102474	16164	16253	164614	9864	37101	92133	106098	90231	115049	98945	38148	92727	36357	100054	111109	45868	106677	
100591	63537	106578	74397	23688	0	11715	153810	159823	169993	115647	28143	135882	85580	84850	167432	123411	132743	167486	78168	127170	99986	92966	18487	102442	122967	121784	109872	112092	97776	143309	37330	121841	109339	127020	173570	136679	29130	31190	29243	131478	146456	9238	89488	23969	130220	163313	88898	126869	124821	100667	116880	33050	123075	137398	6670	101614	97233	94447	118177	114655	127563	122760	97159	146407	30885	114621	32527	125931	24585	19592	113972	138732	24010	21833	112729	20291	30532	103170	88958	80333	23420	140386	13594	26948	9554	120533	22809	111085	95026	27951	96271	104374	25975	29508	26634	126420	112302	137448	76408	120903	91679	96257	20559	13864	150795	85422	110023	37049	97847	11672	119880	113952	21983	28176	8573	29911	139972	78900	17620	20239	99180	111428	83431	78488	124005	65950	11020	124744	18685	90064	74272	114936	122530	105036	138976	24792	115114	125816	133912	147615	99410	119180	89584	24808	104305	104832	120952	133966	130226	88031	15800	101409	124070	118297	7959	10849	180437	22200	80432	107956	121921	106054	130872	114768	16755	108550	14964	115877	126932	29627	122500	
95019	41052	101005	68825	12775	11715	0	150677	156690	166860	112514	17078	132748	82446	81717	164299	120277	129610	164353	75035	124036	96852	89832	7423	99309	119833	118651	106738	108959	94643	140176	55186	118708	106205	123887	170437	133546	19612	40808	38861	128345	143323	19365	86354	33588	127086	160180	85765	123735	121688	97534	113746	21986	119942	134265	16629	98481	94099	91314	115044	111522	124430	119627	94025	143274	19821	111487	42145	122797	13521	29210	110839	135598	33628	10769	109596	29909	19467	100037	85825	77200	12356	137252	21078	21378	19972	117399	12623	107952	91892	37569	93138	101240	35593	50077	36252	79911	109168	134314	73274	117769	88545	93123	8846	10869	147661	82288	106889	25985	94714	21195	116746	110818	31601	17112	19779	39530	136839	75767	27238	9175	96047	108295	80298	75355	120872	43885	21207	121611	28207	86930	71139	111803	119397	101902	135843	34410	111981	122682	130779	144482	96277	116047	86450	34426	101171	101699	117819	130832	127093	49916	25418	98275	120937	115164	4390	8559	177304	11136	48095	104822	118788	102921	127738	111635	26374	105416	24582	112744	123799	39150	119366	
72388	106809	39438	82049	137987	153810	150677	0	7539	23203	54376	121221	37259	76978	73349	15148	76675	26791	24583	82809	80434	63035	64967	144181	54391	76231	54352	53351	51154	63255	20259	192616	75105	50761	80284	32075	71799	126946	178238	176291	30112	21426	156742	67191	171018	33975	11029	77397	30369	78085	58018	70144	120008	76339	28533	158325	56413	61835	72151	50744	43037	80827	55327	66044	17263	123832	67885	179575	38193	142640	166640	48056	18066	171058	137321	46813	167339	124052	49575	74814	84255	139932	22361	162873	129624	161767	43620	151860	52159	67016	174999	67530	73259	173023	187507	173682	79684	44869	19069	85709	59292	69382	68247	152200	154968	18419	74839	56620	122522	58041	167297	52447	48209	169031	138676	161574	176959	24069	88201	164668	148040	51743	50942	90589	90468	77270	95772	163002	67009	172210	66449	86252	53988	55098	56436	23563	171840	47681	33082	39505	10994	54453	38799	79001	171856	54331	57710	62375	38922	62793	97332	162848	51435	46745	71561	152769	159416	35190	143881	92411	50291	35251	59318	63439	44922	163803	50884	162012	69141	59499	182936	55067	
78401	112822	45451	88063	144000	159823	156690	7539	0	17936	60356	127201	36804	82958	79329	6865	82655	32771	19317	88789	86414	69015	70947	150161	60371	82211	60332	59331	57134	69235	26239	198596	81086	56741	86265	26809	77779	132926	184218	182271	36092	27406	162722	73172	176998	39955	3617	83377	36349	84065	63998	76124	125988	82319	34513	164305	62393	67815	78131	56724	49018	86807	61307	72024	23243	129812	73865	185555	44173	148620	172620	54036	24046	177038	143301	52793	173319	130032	55555	80794	90235	145912	28341	168853	135604	167747	49600	157840	58139	72996	180979	73510	79239	179003	193487	179662	85665	50849	25049	91689	65272	75362	74227	158180	160948	24399	80819	62600	128502	64021	173277	58427	54189	175011	144656	167554	182940	30049	94181	170648	154020	57723	56922	96569	96448	83250	101752	168982	72989	178190	72429	92232	59968	61078	62416	29543	177820	53661	39062	38368	16974	60433	44779	84981	177836	60311	63690	68355	44902	49855	103312	168828	57415	52725	77541	158749	165396	29923	149861	98391	56271	41231	65298	69419	50902	169784	56864	167992	75121	65479	188917	61047	
88571	122992	55621	98232	154170	169993	166860	23203	17936	0	70753	137598	53636	93354	89726	12912	93052	43168	14317	99185	96811	79412	81344	160558	66411	92608	70728	69728	67531	79632	33399	208993	91482	67138	96661	13544	88175	143323	194614	192668	46488	31452	173119	83568	187394	50352	21391	93774	46746	94462	74395	86521	136384	92716	46578	174702	72790	78212	88528	67121	59414	97204	71704	82421	42514	140209	84262	195952	54570	159017	183017	64433	39031	187435	153698	63190	183716	140429	65952	91191	100632	156309	35501	179250	146001	178144	59997	168237	68536	83393	191375	83907	89636	189400	203884	190059	96061	61246	35750	102086	75669	85759	84624	168577	171345	28446	91216	72997	138899	74418	183673	68824	64585	185408	155052	177951	193336	40446	104578	181045	164417	68120	67319	106965	106844	93646	112149	179379	83386	188586	82825	102628	70365	71474	72813	39940	188217	64058	49459	55882	30124	70830	55176	95378	188233	70708	74087	78752	55299	79170	113709	179225	67812	63122	87938	169146	175793	14993	160258	108788	66667	51627	75695	79816	61299	180180	67261	178389	85518	75876	199313	71444	
23814	68646	24251	43887	99824	115647	112514	54376	60356	70753	0	82941	33925	38698	35069	68056	19559	33367	68110	44529	27761	29623	26688	105901	33904	37951	12532	8274	31558	24976	43933	154336	21629	7433	42005	74194	19478	88666	139958	138012	32102	47080	118462	28912	132738	30843	63937	39117	27492	39806	24606	23033	81728	29013	38022	120045	23001	30943	33871	13931	12577	42547	4897	27765	47031	85552	18193	141295	26554	104360	128360	14644	39355	132778	99041	13401	129059	85772	16163	41402	45976	101653	41009	124594	91345	123487	21204	113581	13880	28736	136719	34118	34980	134743	149228	135402	41405	9574	38071	47429	6662	31103	29967	113920	116689	51418	36559	14274	84243	19761	129017	7837	7523	130751	100396	123295	138680	40596	49922	126388	109760	18331	4723	52309	52188	38990	57493	124722	15619	133930	28169	47972	4231	9340	23024	39600	133561	10598	26439	31955	48239	21041	19804	40721	133577	20919	24298	10985	34589	17417	59053	124569	18023	19824	33282	114490	121137	81061	105602	54132	11733	22545	21039	14373	15392	125524	12327	123732	30861	6938	144657	4637	
68496	25214	74482	42302	4554	28143	17078	121221	127201	137598	82941	0	105729	55427	54697	137279	93258	102590	137333	48015	97017	69833	62813	13082	72289	92814	91631	79719	81939	67623	113156	64149	91688	79186	96867	143417	106526	11995	78717	76771	101325	116303	57221	59335	71497	100067	133160	58745	96716	94668	70514	86727	4771	92922	107245	32941	71461	67080	64294	88024	84502	97410	92607	67006	116254	7759	84468	80054	95778	11566	67119	83819	108579	71537	6222	82576	67818	9101	73017	58805	50180	8834	110233	31799	19422	30693	90380	20786	80932	64873	75478	66118	74221	73502	56327	74162	65910	82149	107295	40026	90750	61526	66104	15961	17984	120642	55269	79870	12457	67694	38979	89727	83799	69510	5502	30500	77439	109819	41831	65147	7928	69027	81275	53278	36210	93852	28771	31928	94591	45504	59911	36637	84783	92377	74883	108823	72320	84961	95663	103759	117462	69257	89027	59431	72336	74152	74679	90799	103813	100073	35914	63328	71256	93917	88144	20703	24872	150284	12807	32981	77803	91768	75901	100719	84615	64283	78397	62492	85724	96779	56446	92347	
54459	88880	27166	64121	120059	135882	132748	37259	36804	53636	33925	105729	0	59133	55504	43437	58830	15813	51685	64964	62589	45095	47123	126336	49376	58386	17808	32094	47030	45411	24339	174771	57261	32916	62440	57769	38265	109101	160393	158447	24499	28578	138897	49347	153173	13988	38497	59552	19889	60241	40078	52299	102163	58495	29234	140480	38473	43895	54306	16698	23132	62982	22754	48200	18967	105987	50040	161730	31586	124795	148795	26605	21150	153213	119476	28873	149494	106207	26617	56874	66410	122088	24006	145029	111779	143922	23982	134016	34315	49171	157154	49590	55415	155178	169663	155837	61840	25243	21067	67864	40050	51538	50402	134355	137124	34993	56994	38775	104678	40196	149452	27472	25518	151186	120831	143730	159115	17047	70357	146823	130195	33803	28251	72744	72623	59425	77927	145157	42978	154365	48604	68407	34746	20050	38496	22596	153995	23373	15308	3196	31814	36513	20522	61156	154012	36391	39770	38344	26986	14682	79488	145004	33495	14678	53717	134925	141571	64636	126037	74567	30755	27576	41474	18986	30864	145959	33040	144167	51296	40257	165092	35825	
23186	31396	30239	13796	69757	85580	82446	76978	82958	93354	38698	55427	59133	0	14418	90927	46905	56238	90981	16375	50664	16598	14825	76514	20370	37123	45279	33367	28676	21271	66804	124949	45336	32833	50515	97065	60174	59279	110571	108624	54973	69951	89075	10234	103351	53715	86808	11488	50363	48316	25302	40374	52341	37232	60893	90658	25396	21781	9318	41672	38150	51058	46255	17220	69902	56165	38115	111908	34007	74973	98973	37467	62226	103391	69654	36224	99672	56385	26665	7178	17822	72266	63881	95207	61957	94100	44027	84194	34580	18520	107332	10643	24330	105356	119840	106015	36982	35796	60942	17746	44398	10558	19751	84533	87301	74289	11127	33518	54855	21342	99630	43374	37446	101364	71009	93907	109293	63467	20862	97001	80373	22675	34923	5817	23415	38162	28720	95335	48239	104543	15769	19199	38431	46025	26765	62471	104173	38609	49310	57407	71110	22905	42675	15289	104189	27574	26052	44447	57460	53721	29992	95181	24903	47565	32454	85102	91749	103932	76214	25359	31451	45416	29549	54367	38263	96137	32044	94345	28759	50427	115270	45994	
18250	26286	26610	13090	69027	84850	81717	73349	79329	89726	35069	54697	55504	14418	0	89667	45645	54977	89721	11266	49404	24005	15200	74396	39814	30185	44019	32106	34327	20011	65544	122831	44076	31573	49255	95805	58913	57161	108452	106506	53713	68691	86956	8129	101232	52454	85548	5854	49103	47056	22902	39114	50222	30294	59633	88540	23849	19467	12809	40412	36890	49797	44994	11204	68642	54047	36855	109790	48165	72854	96855	36207	60966	101273	67535	34964	97554	54267	25405	18396	12712	70147	62620	93088	59839	91982	42767	82075	33320	17260	105213	18571	18314	103238	117722	103897	30044	34536	59682	12636	43137	10040	18491	82415	85183	73029	4845	32257	52737	20082	97511	42114	36186	99246	68890	91789	107174	62207	15752	94883	78255	21415	33663	20803	17978	31224	23283	93216	46979	102424	9487	16466	37171	44765	27270	61211	102055	37348	48050	56147	69850	21645	41415	9007	102071	26539	27067	43187	56200	52461	24883	93063	23643	46305	25516	82984	89631	102672	74096	19922	30190	44156	28289	53106	37003	94018	30784	92227	21821	49167	113151	44734	
86010	120431	53060	95672	151609	167432	164299	15148	6865	12912	68056	137279	43437	90927	89667	0	89886	40002	23711	96020	93645	76246	78179	157392	67602	89442	67563	66562	64366	76466	33470	205827	88317	63972	93496	23450	85010	140157	191449	189502	43323	34637	169953	80403	184229	47186	10213	90608	43580	91296	71230	83355	133219	89550	41744	171536	69624	75046	85362	63955	56249	94038	68538	79256	30475	137043	81096	192786	51404	155851	179851	61267	31277	184269	150532	60024	180550	137263	62787	88025	97466	153144	35572	176085	142835	174978	56831	165072	65371	80227	188210	80742	86471	186234	200718	186893	92896	58080	32280	98920	72503	82594	81458	165411	168180	31630	88050	69831	135734	71252	180508	65658	61420	182242	151887	174785	190171	37281	101413	177879	161251	64954	64153	103800	103679	90481	108983	176213	80220	185421	79660	99463	67200	68309	69647	36774	185051	60892	46293	44964	24205	67664	52010	92212	185067	67542	70921	75586	52133	56451	110543	176059	64646	59956	84772	165980	172627	24899	157092	105623	63502	48462	72529	76650	58134	177015	64096	175223	82352	72711	196148	68278	
22413	76409	46565	51650	107588	123411	120277	76675	82655	93052	19559	93258	58830	46905	45645	89886	0	56516	91260	39535	8910	43868	35074	114288	54948	13393	30563	27104	50240	26755	67083	162723	8433	33112	14957	97344	15068	97053	148344	146398	55252	70230	126848	37298	141124	53993	87087	31910	50642	10469	42764	9694	90114	11669	61172	128432	33927	39329	42257	32613	31259	15499	22928	36151	70180	93939	14920	149682	49704	112746	136747	33326	62505	141165	107428	32083	137446	94159	34846	54263	39042	110039	64159	132980	99731	131874	39886	121967	34859	37122	145105	48363	26648	143130	157614	143789	17308	28256	61221	55816	16861	39489	38354	122307	125075	74568	32171	22750	66614	27865	137403	25868	26881	139138	108782	131681	147066	63746	58308	134775	118147	28414	22871	60695	60574	13301	65879	133108	8597	142316	36555	56358	21625	27371	41706	62750	141947	29280	49589	57686	71389	31630	42953	27661	141963	39601	42980	14008	57739	29798	44727	132955	36705	38506	9631	122876	129523	104211	113988	62518	31729	45695	19951	25677	38541	133910	32323	132119	19388	13574	153043	22667	
51321	85742	19951	60982	116920	132743	129610	26791	32771	43168	33367	102590	15813	56238	54977	40002	56516	0	41204	61255	58881	41482	43414	122628	34971	54678	32798	31798	31734	41702	13858	171063	53552	29208	58731	47288	50245	105393	156684	154738	17014	18098	135189	45638	149464	2811	37031	55844	12405	56532	36465	48591	98454	54786	18753	136772	34860	40282	50598	29191	21484	59274	33774	44491	13357	102279	46332	158022	18773	121087	145087	26503	10669	149505	115768	25260	145786	102499	28022	53261	62702	118379	13525	141320	108071	140214	22067	130307	30606	45463	153445	45977	51706	151470	165954	152129	58131	23316	10587	64156	37739	47829	46694	130647	133415	24512	53286	35067	100969	36488	145743	30894	26655	147478	117122	140021	155406	5228	66648	143115	126487	30190	29389	69035	68914	55717	74219	141449	45456	150656	44895	64698	32435	33544	34883	12115	150287	26128	8576	17504	21333	32900	15222	57448	150303	32778	36157	40822	19502	28991	75779	141295	29882	16506	50008	131216	137863	54155	122328	70858	28737	15830	37765	41886	23369	142250	29331	140459	47588	37946	161383	33514	
86064	120485	53114	95726	151663	167486	164353	24583	19317	14317	68110	137333	51685	90981	89721	23711	91260	41204	0	94632	92257	74858	76791	156004	52981	88054	66175	65174	53623	75078	28845	204439	86929	62584	92108	8779	83622	138769	190061	188114	41935	26899	168565	79015	182841	45798	22697	89220	42192	89908	69841	81967	131831	88162	42024	170148	68236	73658	83974	62567	54861	92650	67150	77867	37960	135655	79708	191398	50016	154463	178463	59879	34477	182881	149144	58636	179162	135875	61399	86637	96078	151755	30947	174696	141447	173590	55443	163683	63982	78839	186822	79353	85082	184846	199330	185505	91508	56692	31196	97532	71115	81205	80070	164023	166791	23892	86662	68443	134345	69864	179120	64270	60032	180854	150499	173397	188783	35892	100024	176491	159863	63566	62765	102412	102291	89093	107595	174825	78832	184033	78272	98075	65811	66921	68259	35386	183663	59504	44905	51328	25570	66276	50622	90824	183679	66154	69533	74198	50745	74616	109155	174671	63258	58568	83384	164592	171239	15646	155704	104234	62114	47074	71141	75262	56745	175627	62708	173835	80964	71322	194760	66890	
25899	18120	36070	8734	62345	78168	75035	82809	88789	99185	44529	48015	64964	16375	11266	96020	39535	61255	94632	0	43168	31253	24661	68901	36747	33972	53480	41567	43787	29471	75005	117337	37839	41034	43018	105265	52677	51666	102958	101012	63173	78151	81462	17590	95738	61915	95008	8337	58564	40819	32362	33760	44728	34081	69093	83045	33309	28928	23973	49872	46351	43561	54455	20665	78102	48552	33467	104295	57626	67360	91360	45668	70427	95778	62041	44424	92059	48772	34865	23555	5535	64653	72081	87594	54345	86487	52228	76581	42780	26721	99719	25298	24352	97743	112228	98403	33831	43997	69143	4471	52598	22976	27952	76920	79689	82490	14305	41718	38188	29542	92017	51575	45647	93751	63396	86295	101680	71667	7587	89388	72760	30875	43124	18541	9813	35011	15118	87722	40742	96930	18948	8401	46631	54226	36731	70671	96561	46809	57511	65608	79310	31105	50875	14427	96577	36000	36527	46153	65661	61921	16718	87569	33104	55766	29303	77490	84137	112133	68602	11757	39651	53616	37749	62567	46463	88524	40245	86733	25608	58627	107657	54195	
26172	80168	50324	55409	111346	127170	124036	80434	86414	96811	27761	97017	62589	50664	49404	93645	8910	58881	92257	43168	0	47250	38456	117670	58330	16064	48940	30486	58041	30137	70465	166105	12982	36494	14184	100726	18007	100435	151726	149780	58634	73612	130230	40680	144506	57375	90469	35292	54024	7008	46146	17520	93496	12678	64554	131814	37309	42711	45639	45332	41811	14726	29285	39533	73562	97321	18302	153064	53086	116128	140129	41128	65887	144547	110809	39885	140828	97541	42647	57645	42424	113421	67541	136362	103113	135256	47688	125349	38241	40504	148487	51745	30030	146512	160996	147171	22084	39457	64603	59198	23218	42871	41735	125689	128457	77950	35553	30637	69996	31247	140785	32225	41107	142520	112164	135063	150448	67128	61690	138157	121529	31796	38584	64077	63956	15971	69261	136490	15072	145698	39937	59740	29277	49686	49508	66132	145329	42269	52971	61068	74771	35012	46335	31043	145345	47402	50782	20483	61121	38705	48109	136337	44507	51226	12552	126258	132905	107593	117370	65900	35111	49077	23333	34584	41923	137292	35705	135501	22770	19932	156425	29025	
23737	52984	16903	28202	84163	99986	96852	63035	69015	79412	29623	69833	45095	16598	24005	76246	43868	41482	74858	31253	47250	0	11215	92524	11081	42436	30898	29341	12078	15413	52862	140959	41310	28808	46489	83123	56148	75289	126580	124634	21898	38790	105084	15505	119360	39773	72866	25739	25510	44290	8704	36349	68350	42544	27288	106668	8798	5183	10258	27290	20618	47032	31873	15817	55960	72174	34090	127918	17410	90982	114983	17985	48284	119401	85663	19524	115682	72395	14426	11779	32598	88275	34146	111216	77967	110109	17807	100203	28721	7915	123341	4495	23032	121366	135850	122025	45889	21415	47000	34052	35838	13814	11095	100543	103311	60347	23182	29492	70865	17316	115639	28993	24755	117374	87018	109917	125302	49525	36544	113010	96383	13933	27488	16262	38810	43474	44115	111344	44213	120552	16519	34594	30534	31644	10167	48529	120183	24227	35368	43026	57168	11162	23178	27343	120199	10976	9454	40421	23680	39339	45675	111191	11973	33184	37766	101112	107759	89990	92224	40754	18541	22191	25523	39985	24321	112146	28019	110355	35346	36045	131279	31613	
15524	45964	16989	21205	77142	92966	89832	64967	70947	81344	26688	62813	47123	14825	15200	78179	35074	43414	76791	24661	38456	11215	0	84947	22290	34859	33677	21764	19374	7836	55202	133382	33733	21231	38912	85462	48571	67712	119003	117057	43370	58348	97508	5065	111783	42112	75205	18163	38761	36713	11049	28772	60773	34967	49290	99091	11996	6671	10024	30069	26548	39455	34652	8240	58299	64598	26513	120341	26253	83406	107406	25865	50624	111824	78087	24621	108105	64818	14185	22988	25021	80698	52278	103639	70390	102533	17860	92626	22977	4464	115764	15704	15455	113789	128273	114448	38312	24194	49340	26475	32795	7256	6639	92966	95734	62687	15605	21915	63288	9739	108062	31772	25844	109797	79441	102340	117725	51864	28967	105434	88806	11072	23321	20668	31233	35898	36538	103768	36637	112975	8942	27017	26828	34423	15418	50868	112606	27006	37708	45805	59507	9792	31072	19767	112622	14687	15214	32845	45858	42118	38098	103614	11791	35963	30189	93535	100182	92330	84647	33177	19848	22244	17946	42764	26660	104569	20442	102778	27769	38824	123702	34392	
91456	36821	97442	65262	8997	18487	7423	144181	150161	160558	105901	13082	126336	76514	74396	157392	114288	122628	156004	68901	117670	92524	84947	0	93721	114245	113063	101151	103371	89055	134588	51171	113120	100618	118299	164849	127958	16607	47749	45802	122757	137735	26306	80766	40528	121499	154592	80177	118148	116100	91946	108159	18093	114354	128677	23569	92893	88512	85726	109456	105934	118842	114039	88437	137686	16816	105900	49086	117210	10517	36151	105251	130010	40569	6877	104008	36850	16463	94449	80237	71612	8488	131665	18821	18373	17715	111811	10366	102364	86305	44510	87550	95652	42534	43349	43193	117699	103580	128726	67686	112182	82957	87536	6589	8612	142073	76701	101302	22980	89126	26001	111158	105230	38542	13220	17522	46470	131251	70179	34179	6170	90459	102707	74710	47433	115284	39993	18950	116023	32526	81343	65551	106215	113809	96314	130255	41351	106393	117094	125191	138894	90689	110459	80862	41367	95583	96111	112231	125244	121505	46911	32359	92688	115349	109576	11331	15499	171716	8132	44203	99235	113200	97333	122151	106047	33314	99828	31523	107156	118211	43468	113778	
34817	55441	21183	30658	86619	102442	99309	54391	60371	66411	33904	72289	49376	20370	39814	67602	54948	34971	52981	36747	58330	11081	22290	93721	0	53456	35142	40362	6848	26434	31752	141755	52331	31567	57510	60271	52589	76085	127376	125430	20109	31345	105881	20779	120156	30742	56273	31799	24469	55311	14769	47369	69146	53565	21397	107464	13443	16204	15532	31535	24863	58053	36118	26838	40669	72971	45110	128714	16319	91779	115779	22230	32994	120197	86460	23768	116478	73191	18671	14175	38133	89071	28256	112012	78763	110906	22052	100999	32965	18936	124137	9770	34053	122162	136646	122821	56910	25660	27624	35463	40083	19089	22116	101339	104107	37384	34202	40513	71661	28337	116435	33237	28999	118170	87814	110713	126098	37734	37955	113807	97179	18162	31733	18659	40221	54495	45526	112141	55234	121348	27540	36005	34779	35888	13024	29517	120979	28472	27462	47270	40575	15392	23672	38364	120995	15221	11160	40359	21892	43584	47086	111987	16218	37428	48787	101908	108555	67138	93020	42165	22786	20473	36544	44230	28565	112942	31690	111151	46367	40290	132075	35858	
18962	50184	46121	51206	107143	122967	119833	76231	82211	92608	37951	92814	58386	37123	30185	89442	13393	54678	88054	33972	16064	42436	34859	114245	53456	0	44433	25979	53534	25629	65958	108338	11832	31987	11973	96218	30202	64871	147219	145273	54126	69104	125723	36173	139999	52868	85961	26309	49517	12589	41639	9402	61490	7055	60046	127306	32802	38204	41132	40825	37304	11686	45408	35026	69055	65314	13794	148556	48579	66638	135621	36621	61380	140039	106302	35377	136320	61165	38140	44264	33440	108914	63034	82597	67549	83271	43181	77359	33733	35997	143980	47238	25523	142004	100516	142664	4216	34950	60096	35304	29638	38364	37228	77698	80467	73443	26570	26130	54184	26740	136278	42528	36600	138012	107657	87072	145941	62620	33489	133649	73538	27289	34077	42903	41808	2652	47113	82429	14989	141191	35430	40396	28843	45179	45000	61624	140822	37762	48464	56561	70263	30505	41828	22059	140838	42895	46274	20399	56614	52874	32296	131830	39999	46719	6493	121751	128398	103086	69379	43752	30604	44569	18825	38454	37416	132785	31198	130994	13873	26351	104275	45148	
40362	74783	24227	50024	105961	121784	118651	54352	60332	70728	12532	91631	17808	45279	44019	67563	30563	32798	66175	53480	48940	30898	33677	113063	35142	44433	0	17781	32716	31098	45092	160458	42948	18603	48127	75353	27146	94788	146080	144134	33261	48239	124584	35034	138860	32002	65096	45239	28651	45928	25765	37986	87850	44182	39181	126167	24160	29582	39993	4814	13630	48669	8920	33887	48190	91674	35727	147417	27713	110482	134482	15803	40514	138900	105163	14560	135181	91894	17322	42561	52097	107775	42168	130716	97466	129609	22363	119703	20002	34858	142841	35277	41102	140865	155350	141524	47527	10930	39230	53551	17788	37225	36089	120042	122811	52577	42681	24462	90365	25883	135139	11757	11205	136873	106518	129416	144802	41755	56044	132510	115882	19490	13938	58431	58310	45112	63614	130844	28665	140052	34291	54094	15856	6216	24183	40759	139682	9060	27598	15206	49398	22200	20963	46843	139699	22078	25457	24031	35748	8442	65174	130691	19182	10472	39404	120612	127258	82220	111724	60254	16442	23704	27160	9087	16551	131646	18727	129854	36983	18058	150779	10087	
16987	62871	23241	38111	94049	109872	106738	53351	59331	69728	8274	79719	32094	33367	32106	66562	27104	31798	65174	41567	30486	29341	21764	101151	40362	25979	17781	0	33007	18095	46561	153424	17815	6520	30135	76822	26378	87754	139045	137099	34730	49708	117549	27999	131825	33472	66565	38204	30121	27936	26056	19219	80815	25200	40650	119132	24451	30030	32958	13627	14027	30678	11122	26852	49659	84639	14380	140382	29183	103447	127447	16094	41984	131865	98128	10680	128146	84859	17613	44963	45063	100740	43638	123681	90432	122574	22654	112668	12967	27823	135806	39064	21020	133830	148315	134490	29535	11024	40700	46517	13561	30190	29054	113007	115776	54047	35646	4884	83330	13195	128104	11385	6610	129838	99483	122382	137767	43224	49009	125475	108848	12109	4087	51396	51275	27121	56580	123809	15344	133017	27256	47059	7595	17227	24474	42228	132648	11445	29068	29838	50867	22491	22432	27031	132664	22369	25748	10710	37218	26237	58140	123656	19473	19520	21412	113577	120224	83689	104689	53219	8137	25173	11291	20598	18020	124611	4961	122820	18066	13837	143744	10861	
34058	65091	14785	40279	96269	112092	108959	51154	57134	67531	31558	81939	47030	28676	34327	64366	50240	31734	53623	43787	58041	12078	19374	103371	6848	53534	32716	33007	0	24137	29108	149683	53525	29181	58704	60914	50203	84013	135304	133358	16873	28701	113808	24258	128084	27505	60700	34463	21232	56505	12663	48564	77074	54759	18754	115392	11057	13907	22336	29149	22477	59247	33732	24541	39275	80898	46305	136642	11280	99706	123707	19844	31600	128125	94387	21382	124406	81119	16285	20371	41322	96999	25612	119940	86691	118834	19666	108927	30579	16639	132065	16573	31756	130090	144574	130749	58104	23273	24980	42776	37696	25892	17816	109267	112035	34740	31906	35040	79589	19163	124363	30851	26613	126098	95742	118641	134026	34497	45268	121735	105107	15776	29347	24854	47534	55689	52839	120068	42607	129276	25243	43318	32393	33502	10637	28782	128907	26086	24225	44884	45002	13005	18806	36067	128923	12835	8774	37973	18655	41198	54399	119915	13832	35042	49981	109836	116483	67781	100948	49478	20400	14444	37738	41844	26179	120870	29304	119079	47561	37904	140003	33471	
17273	50775	33145	26016	81953	97776	94643	63255	69235	79632	24976	67623	45411	21271	20011	76466	26755	41702	75078	29471	30137	15413	7836	89055	26434	25629	31098	18095	24137	0	53167	137178	25166	19196	30345	83427	40004	71508	122799	120853	41335	56313	101303	11753	115579	40077	73170	21958	36726	28146	14546	20204	64569	26400	47255	102887	12965	11112	16712	28034	24513	30888	32617	9009	56264	68393	17945	124136	35788	87201	111202	23830	48589	115620	81882	22586	111900	68613	13002	27429	28817	84494	50243	107435	74186	106328	16460	96422	20942	8905	119560	20145	17433	117584	132069	118244	29745	22159	47305	30271	30760	13944	10136	96761	99530	60652	14133	13281	67084	7982	111858	29737	23809	113592	83237	106136	121521	49829	32763	109229	92602	9696	21286	35150	35029	27330	40334	107563	28069	116771	10623	30813	24793	32388	16386	48833	116402	24971	35673	43770	57472	10668	29037	18295	116418	15655	16183	20276	43823	40083	41894	107410	12759	33928	21622	97331	103978	90295	88443	36973	17813	31778	8970	40729	24625	108365	15224	106574	19202	36789	127498	32357	
61887	96308	28937	71549	127486	143309	140176	20259	26239	33399	43933	113156	24339	66804	65544	33470	67083	13858	28845	75005	70465	52862	55202	134588	31752	65958	45092	46561	29108	53167	0	183249	65738	41394	70917	35898	62432	117579	168871	166924	13364	4518	147375	57824	161651	18370	29750	68030	14997	68718	48651	60777	110641	66972	13570	148958	47046	52468	62784	41377	33670	71460	45960	56677	16311	114465	58518	170208	20603	133273	157273	38689	10397	161691	127954	37446	157972	114685	40208	45315	74888	130565	3496	153506	120257	152400	34253	142493	42792	57649	165632	43705	63892	163656	178140	164315	70317	35502	3967	76342	49925	60015	58880	142833	145601	7046	65472	47253	113155	48674	157930	43080	38842	159664	129309	152207	167592	11638	78834	155301	138673	42376	41575	81222	81101	67903	86405	153635	57642	162843	57082	76885	44621	45731	32470	8727	162473	38314	23715	27073	14713	45086	29432	69634	162489	44964	32247	53008	18883	53426	87965	153481	42068	37378	62194	143402	150049	42765	134514	83044	40924	19879	49951	54072	35555	154436	41517	152645	59774	50132	173569	45700	
139891	102837	145878	113698	53571	37330	55186	192616	198596	208993	154336	64149	174771	124949	122831	205827	162723	171063	204439	117337	166105	140959	133382	51171	141755	108338	160458	153424	149683	137178	183249	0	161573	149071	166752	213302	176411	55582	17913	20526	171210	186188	38221	129220	24207	169952	203045	128630	166601	164553	140399	156612	62083	111739	177130	40154	141346	136965	134179	157909	154387	167295	162492	136891	186139	60409	154353	22877	165663	54109	27556	153704	178464	27579	54262	152461	35639	58871	142902	128690	120065	55849	180118	38421	51775	34382	160265	47636	150817	134758	19297	136003	144106	29348	10744	21892	106104	152034	177180	116140	160635	131411	135989	45387	43481	190527	125154	149755	66720	137579	25644	159612	153684	25669	55434	37375	25328	179704	118632	30336	49763	138912	151161	123163	118220	107337	105682	35848	164476	19145	129796	114004	154668	162263	144768	178708	27228	154846	165548	173645	187347	139142	158912	129316	30079	144037	144564	160685	173698	169958	81580	36680	141141	163802	158029	43056	43852	220170	51724	120164	147688	161653	145786	170604	154500	30755	148282	39071	155609	166664	14182	162232	
16683	74840	44996	50081	106018	121841	118708	75105	81086	91482	21629	91688	57261	45336	44076	88317	8433	53552	86929	37839	12982	41310	33733	113120	52331	11832	42948	17815	53525	25166	65738	161573	0	19845	20671	95510	19375	95220	146511	144565	53418	68396	125015	35465	139291	52160	85253	30077	48809	12835	40931	7836	88281	9817	59338	126598	32094	37496	40424	26952	36596	21213	24447	34318	68347	92105	9430	147848	47871	110913	134913	35913	60672	139331	105594	34669	135612	92325	37432	52429	37209	108206	62326	131147	97898	130040	42473	120134	33025	35289	143272	46530	20384	141296	155781	141956	15456	24349	59388	53983	24363	37656	36520	120473	123242	72735	30338	16631	64781	26032	135570	24710	19936	137304	106949	129848	145233	61912	56475	132941	116313	26581	17412	58862	58741	11448	64046	131275	6577	140483	34722	54525	20782	44471	44292	60916	140114	24770	47756	55853	69555	29797	41120	25827	140130	42187	45566	11988	55906	37300	42893	131122	39291	32845	7778	121043	127690	102378	112155	60685	29896	43861	18117	33179	36708	132077	19220	130286	17555	21077	151210	24187	
27917	62337	20651	37578	93516	109339	106205	50761	56741	67138	7433	79186	32916	32833	31573	63972	33112	29208	62584	41034	36494	28808	21231	100618	31567	31987	18603	6520	29181	19196	41394	149071	19845	0	35773	71503	25493	82434	133726	131779	29411	44389	112230	22680	126506	28152	61246	32885	24801	33573	21867	25632	75496	31827	35331	113813	20262	24711	27639	12742	12588	36315	10237	21532	44340	79320	16396	135063	23863	98128	122128	11905	36664	126546	92809	10662	122827	79540	13424	39644	39743	95421	38318	118362	85112	117255	18465	107349	7647	22504	130487	33744	28747	128511	142995	129170	35173	10234	35380	41197	12677	24870	23735	107688	110456	48727	30327	12477	78010	13529	122785	10501	5726	124519	94164	117062	132448	37905	43690	120156	103528	14078	3203	46077	45956	32758	51260	118490	17361	127698	21937	41740	6711	20463	20285	36909	127328	10561	23748	31845	45548	18302	17113	34489	127344	18180	21559	12727	31898	28159	52820	118336	15284	18636	27049	108257	114904	78370	99369	47899	5501	19854	14806	19714	12701	119292	6095	117500	24629	12953	138425	9977	
26023	80019	50175	55260	111197	127020	123887	80284	86265	96661	42005	96867	62440	50515	49255	93496	14957	58731	92108	43018	14184	46489	38912	118299	57510	11973	48127	30135	58704	30345	70917	166752	20671	35773	0	102025	27679	101734	153026	151079	59933	74911	131530	41980	145806	58675	91768	36592	55324	5938	47445	10791	94796	6753	65853	133113	38609	44011	46939	46632	43110	4593	43558	40833	74862	98620	19601	154363	54386	117428	141428	42427	67187	145846	112109	41184	142127	98840	43947	58944	43724	114721	68841	137662	104412	136555	48988	126649	39540	41804	149787	53044	31330	147811	162296	148470	11951	40757	65903	60497	37491	44171	43035	126988	129757	79250	36853	31937	71296	32547	142085	48334	42407	143819	113464	136362	151748	68427	62990	139456	122828	33096	39883	65377	65256	8395	70560	137790	14855	146998	41237	61040	43391	50985	50807	67431	146628	43569	54271	62367	76070	36312	47635	32342	146644	48702	52081	20266	62420	58681	49408	137636	45806	52525	9138	127558	134204	108892	118670	67200	36411	50376	24632	44256	43223	138592	37005	136800	24070	34205	157725	43298	
92148	126569	59198	101810	157747	173570	170437	32075	26809	13544	74194	143417	57769	97065	95805	23450	97344	47288	8779	105265	100726	83123	85462	164849	60271	96218	75353	76822	60914	83427	35898	213302	95510	71503	102025	0	90720	145868	197159	195213	49033	33997	175663	86113	189939	52897	31101	96318	49291	97007	76940	89065	138929	95261	49123	177247	75334	80756	91072	69666	61959	99749	74249	84966	45059	142753	86806	198496	57115	161561	185562	66978	41576	189979	156242	65735	186260	142973	68497	93736	103177	158854	38046	181795	148546	180688	62541	170782	71081	85937	193920	86452	92181	191944	206429	192604	98606	63790	38294	104631	78213	88304	87168	171121	173890	30990	93760	75542	141444	76962	186218	71368	67130	187952	157597	180496	195881	42991	107123	183589	166962	70664	69864	109510	109389	96191	114694	181923	85931	191131	85370	105173	72910	74019	75357	42485	190762	66603	52004	58426	32669	73374	57721	97922	190778	73252	76632	81296	57844	81715	116254	181770	70356	65667	90483	171691	178338	7429	162803	111333	69212	54172	78240	82361	63844	182725	69806	180934	88063	78421	201858	73988	
