//--------------------------------------------------------------------------------------------------------------------
//-- données sur la GIRONDE récupérées par le géocodeur (matrice symétrique)
//-- 
//-- C. Duhamel, P. Lacomme C. Prodhon - juillet 2009 : 4000 kg à collecter, flotte de capa 6650
//--------------------------------------------------------------------------------------------------------------------
188 7 999999 0 0 0
5 30 35 0.8
10 50 50 1.2
10 50 80 1
10 100 70 2.5
10 100 80 2.2
10 200 120 2.2
5 300 130 2.2
0   // la ville qui represente le depot
0	44113	51292	104344	123352	105151	76702	50422	19660	101234	80054	62258	55989	111633	75558	61030	111084	120658	46575	39560	107448	65805	53728	58863	55739	41743	69651	58841	87573	70712	55891	67496	63187	72030	80902	135921	52469	107239	53759	49673	93189	65585	22191	77590	29537	55700	51496	58929	81106	32398	109588	6244	47044	35114	92652	64252	64045	100953	49648	54633	124110	16004	23349	57837	67859	137209	9072	114093	118772	90465	42333	74400	26787	57658	35935	124325	106696	10518	96295	56953	99276	96539	25825	58483	92226	63938	69731	73454	110782	67686	111724	151257	113079	70682	14389	8811	118634	15686	91641	51907	70892	7420	74027	93609	82077	80023	70658	68847	99940	53743	11925	43806	89053	67801	105978	72600	31648	50528	91200	44567	60728	102828	37763	38192	126841	64157	49953	63423	6451	47773	33754	76157	48291	53962	44207	15954	71306	7535	17029	114160	115587	37090	33859	85065	32436	101641	48089	45278	100896	24961	66518	32907	70472	7917	78997	80054	61797	106628	39870	78290	13313	22286	42490	116086	41592	137729	40971	51182	46503	90600	27955	25105	44371	107632	83320	43212	149378	83845	67987	42088	39732	100772	49523	38492	139612	112249	20019	63285	47648	
44113	0	10409	64520	87411	65327	36878	16101	33119	65294	40230	55484	8730	75692	39617	25089	75143	84717	28908	25061	71507	25981	36062	19039	19799	20120	54967	19017	51632	34771	57829	31555	27246	36090	41078	99980	7048	67415	21571	32006	53365	74112	56284	41649	25110	28311	15026	54430	45165	21722	69764	52431	33968	7712	52828	49569	24221	65012	21601	18692	84286	27488	36734	77896	31918	101268	45351	78152	78948	54525	15046	38459	17715	89834	37876	88384	66872	49860	60354	40059	63335	56715	31132	22542	56286	24114	29907	33630	70958	27862	75783	111433	73255	34741	60576	54999	78810	32331	51817	13244	31069	65165	34203	57668	42253	40199	34717	29023	63999	104250	50765	13466	49229	27977	66154	33821	18187	100991	55260	16348	42915	66887	16140	21695	87017	28217	50552	44949	46249	29698	10835	36333	98755	30771	29411	35435	56623	49783	44606	74336	75763	33092	12996	45241	15858	61817	8126	3597	64955	52123	65973	29575	34531	60108	39173	44113	69169	66804	36538	42349	65504	45036	13477	80145	4750	97905	36544	8132	96966	50776	50705	21159	26576	71691	47380	65165	109554	44021	32047	42203	19154	64831	19557	28904	99788	72425	24697	27344	10681	
51292	10409	0	74852	97742	75658	47209	26433	43450	75625	50561	65815	16035	86023	49949	35421	85474	95048	36265	35392	81838	36312	43418	29370	30130	27477	61968	29348	61963	45102	68161	41887	37577	46421	51410	110312	16480	77746	31902	39363	63696	84444	66615	51980	32111	38642	25357	64761	55496	35044	80095	59432	44299	15069	63159	56570	34552	75343	31933	29024	94617	34489	47065	88227	42249	111599	52352	88483	89279	64856	25465	48791	24716	100165	48207	98715	77203	56861	70685	50390	73666	67047	38133	32873	66617	34446	40238	43962	81290	38193	86114	121764	83586	45073	67577	61999	89141	39332	62148	23576	41400	75496	44534	68000	52584	50530	45048	39355	74330	114581	51077	30634	59560	38308	76485	44152	25544	111323	65591	31188	53246	77218	23497	29052	97348	38548	57553	55280	53250	40029	18192	46664	109086	41102	36768	42436	63624	60114	54937	84668	86094	43423	20352	55572	23215	72148	17013	6541	75287	62454	76304	36576	44862	70439	49504	54444	79500	77135	43539	52680	75835	55367	23229	90476	9026	108236	43545	20602	107298	61107	61036	28160	36908	82023	57711	75496	119885	54352	42378	52534	26510	75162	29888	39236	110120	82756	31698	37675	23150	
104344	64520	74852	0	42354	8521	60123	57925	74942	27096	54808	82510	56244	102718	66644	56248	52921	111744	86629	66884	19024	49829	93783	52536	61622	79401	109557	45822	63174	61798	84856	69065	64755	48654	61011	127007	55897	52846	63394	89728	50178	101139	98107	68676	79700	65820	58050	81456	39455	82633	75108	108425	75791	65918	63893	104158	44888	92039	63425	60078	83364	82078	78558	104922	52134	128295	99941	33095	64379	81551	69513	59038	72305	116860	79699	43327	44095	104450	87381	75890	90362	12077	85722	61424	40653	45677	38819	52357	23386	42388	30726	110926	16450	48743	115539	108844	79462	83951	59374	52666	60936	106988	57548	25409	61651	27572	61744	37997	28168	131276	92588	62127	54572	57845	71497	39642	75106	142815	82286	62680	69941	93914	75422	79417	88014	65726	105142	87912	100838	71522	67987	47529	140578	70318	87132	90025	111212	91606	86429	79680	81107	74915	72349	22564	73579	66413	66212	61839	91982	93946	92999	84165	61558	101931	42854	71140	96196	72147	91128	69376	107327	86859	67253	86834	64943	97398	91134	59588	138790	40109	92529	75749	68400	33911	52687	113880	104454	58842	50299	84026	80875	91858	61381	70728	85220	77769	79287	52522	59020	
123352	87411	97742	42354	0	62002	82415	73913	94607	35727	85766	92405	83054	112614	76539	66144	51254	121639	113440	86549	27058	76639	120593	79346	69550	106212	136367	72632	68226	71693	94751	78960	74650	53706	90574	136902	79028	87602	73043	116538	96255	111034	117772	78571	106510	75715	73787	91351	46544	109443	115301	128090	89715	92729	104086	130969	71699	101934	77348	69973	129823	111589	98222	114818	57186	138190	126752	14018	99135	91446	94233	64089	99116	126756	92839	15231	78850	130215	97276	85786	100257	51583	112533	71319	45793	72487	70242	79167	72243	73399	21180	156970	50944	58097	135204	128508	124347	103615	97353	79477	87746	126653	84358	37171	91748	60341	71639	63162	29473	141172	112253	81791	94766	84655	111690	55132	101916	162479	92181	78189	79837	103809	102232	106227	132554	75621	131953	97807	115133	81692	94798	79223	160243	80214	113943	116835	138023	111271	106094	119873	121300	86966	99160	61394	100389	107354	93022	88649	101877	113611	102895	110976	71453	121596	82063	81035	106091	112341	117938	79271	126992	106524	86917	85167	91754	143441	117944	86398	158454	93666	112193	102559	81988	47802	57738	123775	139209	93516	60194	96607	107686	101753	75304	90392	119975	117962	106097	62417	78684	
105151	65327	75658	8521	62002	0	55831	58551	75569	27723	50516	83136	56870	103345	67270	56875	53547	112370	87256	67511	35489	50455	94409	53162	62249	80028	110183	46448	63801	62424	85482	69691	65381	49281	56719	127633	56523	40560	64021	90354	45885	101765	98734	69302	80326	66446	58676	82083	40081	83259	68399	109052	76418	66545	59600	104785	45515	92665	64051	60704	71078	82704	79184	105549	52761	128921	100568	41066	52093	82178	70139	59665	72932	117487	80326	51298	31808	105077	88007	76517	90988	12703	86349	62050	41280	46303	39446	52983	13921	43014	38697	98640	11869	49370	116166	109470	67175	84577	52102	53293	61562	107615	58174	26035	57358	28198	62370	38623	38989	131903	93215	62753	50280	58471	67205	40269	75732	143441	82913	63306	70568	94540	76048	80043	75727	66352	105769	88538	101465	72148	68613	48155	141205	70945	87759	90651	111839	92233	87056	75388	67696	75542	72976	23191	74205	61152	66838	62465	92608	94573	93626	84792	62184	102558	43481	71766	96822	67855	91754	70002	107954	87486	67879	87461	65570	85111	91760	60214	139416	35817	93155	76375	69026	50096	53313	114506	92167	54550	50925	84653	81502	92484	62007	71354	72933	73112	79913	53148	59646	
76702	36878	47209	60123	82415	55831	0	30384	47401	61847	6725	63089	28703	83298	47223	36828	71696	92323	59088	39343	68061	14412	66242	24995	34081	51860	82016	18281	59238	42377	65435	45838	41529	32643	5706	107586	28356	32449	35853	62187	13007	81718	70566	49255	52159	42594	30509	62035	41719	55092	36259	80884	48250	38377	18466	76618	14302	72618	35884	32975	50781	54537	51017	85502	31629	108874	72400	74706	43982	62130	41972	46065	44764	97440	52159	84938	39657	76909	67960	56469	70941	52672	58181	36825	52839	18156	15820	5102	44550	10345	72337	77928	57482	38728	87998	81303	45305	56410	18311	25125	12202	79447	8299	54222	8719	24730	42323	20597	60553	111855	65047	34586	15724	13740	32649	25395	47565	115274	62865	35139	50521	74493	47881	51876	53512	42499	77601	68491	73298	43981	40446	10761	113037	45053	59591	62484	83672	64065	58889	40831	42258	47374	44808	36815	46038	28312	38671	34298	72561	66406	73579	56624	42137	74391	17165	51719	76775	33299	63587	49955	79786	59318	39712	87751	37403	64400	63593	32047	111249	23561	64988	48208	40859	68245	52914	79448	76049	9660	30878	56485	53334	72437	33840	43187	64822	38920	51746	33101	31479	
50422	16101	26433	57925	73913	58551	30384	0	21785	51977	33941	42167	9877	62376	26301	11773	61827	71401	39042	13728	58191	19693	46195	12751	6482	31814	61969	12728	38316	21455	44513	18239	13930	22773	34790	86664	8171	61127	7704	42140	47077	60796	44950	28333	32112	14995	2921	41113	31849	35045	63476	55268	20101	18331	46539	56571	17933	51696	7735	4649	77998	38768	25401	64580	18602	87952	44519	64836	72660	41208	21412	25143	24718	76518	24009	75068	60584	57393	47038	26743	50019	55543	38135	9226	42969	17826	23619	27342	64670	21573	62467	105145	72083	21425	62382	55687	72521	30794	45528	5794	24780	53831	27915	44352	35965	39027	21401	25176	50683	90933	39431	8970	42940	21689	59865	23343	27518	89658	41943	6236	29599	53571	27834	31829	80728	14900	57555	31633	42312	15831	20399	30044	87421	16904	39545	42437	63625	38449	33273	68048	69475	21758	24762	38845	25991	55529	18624	21042	51639	40790	52657	36578	21215	48775	32885	30797	55853	60515	43540	29033	54170	33702	14096	66829	17356	91616	43546	7375	85633	44487	39372	28161	10337	58375	34063	45790	103265	37733	18730	28336	33288	51515	3596	17571	93500	66137	31699	14028	3841	
19660	33119	43450	74942	94607	75569	47401	21785	0	71944	50763	45157	26699	82342	46268	31740	81793	91368	42896	10270	78157	36515	50049	29573	26449	35423	78792	29551	58283	41422	38790	28349	27037	42740	51612	106631	23178	77949	21196	45994	63899	55362	27241	33074	32590	24121	22206	41828	51816	35749	80298	25955	16452	25369	63361	73393	34755	71663	18069	25343	94820	16679	6248	47614	38568	107918	21113	84802	89482	61175	9453	45110	20465	47435	17087	95035	77406	30228	67005	26361	69986	67249	35592	29193	62936	34648	40441	44164	81492	38396	82433	121967	83789	41392	37815	28522	89344	6019	62350	22617	41602	23327	44737	64319	52787	50733	41368	39557	70649	51805	19080	14516	59762	38511	76687	43310	32175	48996	36883	15277	30137	73537	31443	35683	97550	34867	74377	32831	18906	17181	24008	46867	73712	23370	43399	22306	80447	24740	13594	84870	86297	6498	28298	55774	29845	72351	17871	37864	51277	23080	49417	36258	41182	24208	49707	50764	51575	77337	42923	49000	29603	17199	13200	86795	34178	108438	44024	21892	71924	61309	19925	24375	12539	78342	54030	34679	120088	54555	38697	24987	34457	50063	20233	6085	110322	82959	14882	33994	18357	
101234	65294	75625	27096	35727	27723	61847	51977	71944	0	54668	70585	61234	90794	54719	44324	36152	99819	91620	64729	9430	54819	98773	57526	47730	84392	114548	50812	46406	49873	72931	57140	52830	31886	68754	115082	57208	52707	51223	94718	50038	89214	95952	56751	84690	53895	51967	69531	24724	87623	74968	106270	67895	70909	63753	109149	49879	80114	55528	48153	83225	89769	76402	92998	35366	116370	104932	26769	64240	69626	72413	42270	77296	104936	71019	37002	43955	108395	75456	63966	78437	16687	90713	49499	23885	50668	38929	57347	37347	51579	24400	110787	35036	36277	113384	106688	79322	81796	59234	57657	65927	104833	62538	8640	61511	27681	49819	41342	17173	119352	90433	59971	54433	62835	71358	27299	80096	140660	70362	56369	58017	81989	80412	84407	87874	53801	110133	75987	93313	59872	72978	57403	138423	58394	92123	95016	116203	89451	84274	79540	80967	65146	77340	22674	78570	66273	71202	66829	80057	91791	81075	89156	49633	99776	42964	59215	84271	72008	96118	57451	105172	84704	65097	70066	69934	97258	96124	64579	136635	39969	90373	80739	60168	32701	35918	101955	104314	58703	38374	74787	85866	79933	53484	68572	85080	77629	84277	40597	56864	
80054	40230	50561	54808	85766	50516	6725	33941	50763	54668	0	66491	32105	86699	50625	40229	75098	95725	62490	42745	71462	17813	69644	28396	37483	55262	85418	21683	62640	45779	68837	49240	44930	36045	11400	110988	31758	27118	39255	65588	7676	85120	73968	52657	55561	45995	33911	65437	45121	58493	30928	84286	51652	41779	15694	80019	17704	76020	39286	36377	45450	57938	54418	88903	35031	112275	75802	78107	38650	65532	45374	49467	48166	100841	55560	88340	34326	80311	71362	59871	74343	47341	61583	40227	56241	21557	19221	11145	39218	13747	75738	72597	52150	42130	91400	84704	39973	59812	12980	28527	17798	82849	14756	57624	11008	28131	45725	23999	63954	115257	68449	37987	10392	19216	27317	28797	50966	118676	66267	38541	53922	77894	51282	55277	48180	45901	81003	71893	76699	47382	43848	14163	116439	48455	62993	65886	87073	67467	62290	35500	36927	50776	48210	44123	49440	22981	42073	37699	75963	69807	76980	60026	45539	77792	20567	55121	80177	27967	66989	53357	83188	62720	43114	91152	40804	59068	66995	35449	114651	18229	68389	51610	44261	71647	56315	82849	70717	9169	34280	59887	56736	75838	37241	46589	59491	33589	55147	36503	34881	
62258	55484	65815	82510	92405	83136	63089	42167	45157	70585	66491	0	49660	24380	17720	35070	45570	33405	78825	55476	76666	57128	85978	42797	38477	71597	101752	53121	23551	27832	7371	23453	26758	41248	71063	48669	47954	90795	41970	81923	76744	20618	48025	17713	71895	28270	42714	4149	50324	74828	95790	97016	24193	58114	84575	96354	52188	12504	46275	38900	110312	80516	39355	24401	37077	40595	92137	83311	102328	6741	63160	23889	64501	27595	22531	93543	90251	99141	12006	16409	12023	74018	77918	40246	50145	52977	50731	59656	85179	53888	80942	137459	90558	32846	104130	97435	104836	45570	77843	45577	68236	57271	64847	62827	72237	57502	27141	43651	69158	54641	48972	50718	75255	65144	92180	41818	67301	69076	7476	47116	14558	16476	67617	71612	113043	26188	97338	10212	84060	28541	60183	59712	74413	23273	79328	82220	103408	80197	44962	100362	101789	35196	64545	57320	65774	87843	58407	60825	11461	43864	12478	76361	23152	90523	62552	19746	15674	92830	83323	15712	95918	37983	55844	31797	57139	123931	83329	48949	67734	74155	40709	67944	37182	76850	32809	33358	135580	74006	37205	19940	73071	7418	44231	59319	123168	98451	71482	32503	47611	
55989	8730	16035	56244	83054	56870	28703	9877	26699	61234	32105	49660	0	69146	33072	18544	68597	78172	38260	18515	64961	18440	45414	11498	13253	31032	61188	11476	45087	28226	51284	25010	20700	29544	33538	93435	2445	59874	15025	41359	45824	67567	49738	35104	31331	21765	9681	47884	38620	34264	62223	60056	27422	17549	45287	55789	16680	58467	15056	12147	76745	33708	30188	71350	25372	94722	51572	71606	71407	47979	21144	31914	23936	83288	31330	81839	59331	56081	53809	33514	56790	49175	37353	15997	49740	16574	22366	26090	63418	20321	69237	103892	65714	28196	67170	60475	71269	35582	44276	5139	23528	58619	26662	51123	34712	32658	28172	21483	57453	97704	44219	13757	41688	20436	58613	26280	26736	94446	48714	14311	36369	60342	27052	31048	79476	21671	56773	38404	52469	23152	19618	28792	92209	24225	38763	41656	62843	43237	38060	66796	68222	26546	23980	37700	25210	54276	17843	7327	58410	45577	59427	35796	27986	53562	31632	37568	62624	59263	42759	35804	58958	38490	18884	73599	12678	90364	42765	5186	90421	43235	44160	27380	20031	65146	40834	58620	102013	36480	25501	35657	32506	58285	13011	22359	92247	64884	30918	20798	10651	
111633	75692	86023	102718	112614	103345	83298	62376	82342	90794	86699	24380	69146	0	44195	55338	52616	10685	99093	75744	96934	77396	106246	63065	58745	91865	122021	73390	38293	48101	28462	68155	63845	61517	91331	25948	68222	111063	62238	102191	97012	18600	61080	46226	92163	64910	62982	30821	70592	95096	116058	117285	46679	78382	104843	116622	72456	17409	66543	59168	130580	100784	87417	25641	57345	20518	112405	103579	122596	30916	83428	44157	84769	31403	45017	113811	110519	119409	32574	38934	12677	94286	98186	60514	70414	73245	70999	79925	105448	74156	101210	157727	110826	53114	124399	117703	125104	92810	98111	65846	88504	115848	85115	83095	92505	77770	47409	63919	89426	45819	73858	70986	95523	85412	112448	62086	87569	75539	31651	67384	47492	19685	87885	91880	133311	64816	117606	32737	104328	61984	80451	79980	80876	57495	99596	102489	123676	100465	95289	120631	122057	76161	84813	77589	86043	108111	78676	81093	17924	61078	18941	96629	43420	110791	82820	47957	22137	113098	103592	46739	116186	62445	76112	28261	77407	144199	103597	69217	74197	94423	57972	88212	71183	61269	53077	39821	155848	94274	57474	42886	93339	17799	64499	79587	143436	118719	91750	52771	67879	
75558	39617	49949	66644	76539	67270	47223	26301	46268	54719	50625	17720	33072	44195	0	18921	64152	52491	62676	39326	60516	40979	69829	26648	22327	55448	85603	36972	16650	11683	16717	14854	18158	25099	54914	67754	31805	74645	25820	65774	60595	41886	49526	3405	55746	19670	26565	14388	34175	58679	79641	80867	17599	41964	68426	80205	36039	32786	30126	22750	94163	64367	30853	45669	20927	69041	75987	67161	86178	22298	47011	7723	48352	57607	17673	77394	74102	82992	28128	10620	31108	57869	61768	24097	33979	36827	34581	43507	69030	37739	64792	121310	74408	16696	87981	81286	88687	56393	61693	29428	52086	79430	48698	46678	56088	41352	10991	27502	53008	72023	65030	34569	59106	48995	76030	25669	51152	74123	11514	30966	4671	34660	51468	55463	96893	17588	81188	14847	67911	19162	44033	43563	113020	14673	63179	66071	87259	64048	58871	84213	85640	28246	48395	41171	49625	71694	42258	44676	32729	45365	33746	60211	5921	74373	46403	9131	36943	76680	67174	7578	79769	39484	39695	47918	40990	107781	67180	32800	72781	58006	42210	51795	27453	60701	16643	38405	119431	57856	21056	21441	56921	32604	28082	43170	107018	82302	55333	16353	31462	
61030	25089	35421	56248	66144	56875	36828	11773	31740	44324	40229	35070	18544	55338	18921	0	54472	64046	46715	23366	50836	31299	53869	9909	6367	39487	69643	20402	30961	8069	37159	15777	11468	15419	45233	79309	15845	64965	9860	49814	50915	53441	54589	20978	39786	12533	10605	33759	24494	42719	69961	64907	26532	26004	58745	64244	26358	44341	14166	6790	84483	48406	35039	57225	11247	80597	60027	57481	76498	33854	31051	17789	32391	69163	30440	67713	64422	67032	39683	24281	42664	48189	45808	8136	35615	9815	24901	33827	59350	28058	55112	111630	64728	14070	72021	65325	79006	40433	52013	13468	32454	63470	35588	36998	46408	31672	14046	17821	43328	83579	49070	18608	49425	29362	66350	15988	35191	99297	34589	15006	22244	46216	35507	39503	87213	12438	65228	40214	51950	18509	28073	33883	97060	17031	47218	50111	71298	48088	42911	74533	75960	23784	32435	31491	33665	62013	26298	28716	44285	50428	45302	44251	13860	58413	36723	23442	48498	67000	51214	21678	63809	43341	23735	59474	25029	98101	51220	16840	95272	48325	49010	35835	18805	51021	26709	66182	109750	48176	4592	34767	40961	44160	12121	27210	97338	72622	39373	6673	15502	
111084	75143	85474	52921	51254	53547	71696	61827	81793	36152	75098	45570	68597	52616	64152	54472	0	54925	101700	74809	33039	64899	108854	67606	57810	94472	124628	60893	28722	59953	52672	67220	62911	41966	78834	64669	67288	78822	61303	104798	84515	99295	106032	42641	94771	63976	62048	49239	34804	97703	103561	116350	77975	80989	92346	119229	59959	50770	65609	58233	118083	99849	86482	103078	45446	71538	115012	39684	90355	45991	82494	39429	87376	115016	58634	49917	70071	118475	37972	51580	88517	42803	100793	59580	17601	60748	58502	67428	63463	61659	37315	145230	61151	36556	123464	116769	112607	91876	85614	67737	76007	114913	72619	28391	80008	48601	43690	51422	25531	129432	100513	70051	83026	72915	99951	43392	90176	150740	48906	66449	45632	92069	90492	94487	120814	63881	120213	54532	103393	69952	83058	67483	148503	68474	102203	105096	126283	99531	94354	108134	109560	75227	87420	49654	88650	95614	81283	76909	90138	101871	91155	99236	59713	109856	70323	33545	94351	100601	106199	40256	115252	94784	75178	31042	80014	131702	106205	74659	146715	81926	100454	90820	70249	12733	36197	112035	143351	81777	48454	62402	95946	90013	63564	78653	111195	106222	94357	50677	66945	
120658	84717	95048	111744	121639	112370	92323	71401	91368	99819	95725	33405	78172	10685	52491	64046	54925	0	108089	84740	105930	86392	115242	72061	67741	100861	131016	82386	43773	57096	37458	77151	72841	70513	100327	18275	77218	120059	71234	111187	106008	31309	70076	55222	101159	73906	71978	39817	79588	104092	125054	126281	55675	87378	113839	125618	81452	26227	75539	68164	139576	109780	96413	43698	66341	26821	121401	112575	131592	39912	92424	53153	93765	38971	54012	122807	119515	128405	38054	47930	21673	103282	107182	69510	79409	82241	79995	88920	114443	83152	110206	166723	119822	62110	133395	126699	134100	101806	107107	74841	97500	124844	94111	92091	101501	86766	56405	72915	98422	53387	82854	79982	104519	94408	121444	71082	96565	84535	40647	76380	56488	28681	96881	100876	142307	73812	126602	41733	113324	70979	89447	88976	89872	66490	108592	111484	132672	109461	104285	129627	131053	85157	93809	86584	95039	117107	87671	90089	26919	70074	27937	105625	52416	119787	91816	56953	31133	122094	112587	55735	125182	71441	85108	30812	86403	153195	112593	78213	83193	103419	66968	97208	80179	63821	62073	48817	164844	103270	66469	51882	102335	26795	73495	88583	152432	127715	100746	61767	76875	
46575	28908	36265	86629	113440	87256	59088	39042	42896	91620	62490	78825	38260	99093	62676	46715	101700	108089	0	47558	94004	48479	8270	41536	42296	13805	21495	41514	74130	57269	80327	54053	49744	58587	63576	122478	32638	89913	44068	4215	75862	96610	60069	64147	26214	50809	37524	76927	67663	15931	92262	45861	56465	22742	75325	14648	46719	87510	44099	41190	106784	33211	59231	100393	54415	123765	38781	100649	101446	77022	37834	60957	25135	112331	60373	110882	89369	43290	82852	62557	85833	79213	24184	45040	78783	46612	52405	56128	93456	50359	98280	94735	95753	57239	54006	48428	101307	39750	74314	35742	53566	55742	56701	80166	64750	62696	57215	51521	86496	126747	51495	42801	71726	50475	88651	56319	16901	98625	77757	43354	65412	89385	15522	8041	109514	50714	19694	67447	39678	52195	19857	58830	96389	53268	9959	30725	27803	42405	46009	96834	98261	55589	17362	67738	13042	84315	30741	33159	87453	55908	88470	18069	57029	57742	61670	66611	91667	89301	17000	64847	63138	48821	36265	102642	29473	120402	17486	32768	94600	73273	54490	21846	49074	94189	69877	87663	102101	66519	54544	64700	11428	87328	42055	51402	122286	94923	32117	49842	35316	
39560	25061	35392	66884	86549	67511	39343	13728	10270	64729	42745	55476	18515	75744	39326	23366	74809	84740	47558	0	69964	28322	54824	21379	18256	40443	70598	21357	50089	33228	37704	30013	25703	34547	43419	98438	14985	69756	16275	50769	55705	72570	33784	40106	40741	16928	14012	52887	43622	43674	72105	44101	15981	26959	55168	65200	26562	63469	10876	17150	86627	27601	14234	55600	30375	99725	33352	76609	81289	52982	7641	36917	33347	55421	17427	86841	69212	46226	58811	25890	61792	59056	46763	20999	54743	26455	32247	35971	73299	30202	74240	113774	75595	33199	51215	44520	81150	19627	54157	14423	33409	42664	36544	56126	44593	42539	33174	31364	62456	59790	28265	6322	51569	30318	68494	35116	36147	78491	53717	7084	41372	65344	36463	40458	89357	26674	66183	32360	31145	13198	29028	38673	76254	18199	48174	33526	72254	27282	22106	76677	78104	5446	33390	47581	34620	64157	10605	29671	63413	29623	64430	45206	32988	37608	41513	42570	67626	69144	52169	40806	43003	22535	4899	78602	25985	100245	52175	13699	74466	53116	28205	39183	5600	70149	45837	42665	111894	46362	30504	22407	41916	63288	12039	6229	102129	74766	31523	25801	10164	
107448	71507	81838	19024	27058	35489	68061	58191	78157	9430	71462	76666	64961	96934	60516	50836	33039	105930	94004	69964	0	60338	104292	63045	53249	89911	120066	56331	51925	55392	78450	62659	58349	37404	74272	120601	62726	60855	56742	100237	58186	94733	101471	62270	90209	59414	57486	75050	30242	93142	83116	111789	73414	76427	71901	114668	55398	85633	61047	53672	91373	95288	81921	98517	40885	121889	110450	18098	72388	75145	77932	47788	82815	110455	76538	28330	52103	113913	80975	69484	83956	24835	96232	55018	24392	56186	53940	62866	45495	57097	15729	118935	28054	41796	118903	112207	87470	87314	67382	63176	71445	110352	68057	10423	75447	35829	55338	46861	11919	124870	95952	65490	62581	68354	79505	27806	85615	146178	75880	61888	63536	87508	85931	89926	96022	59320	115651	81506	98832	65391	78496	62922	143942	63912	97642	100534	121722	94970	89793	87688	89115	70665	82858	25564	84088	74421	76721	72348	85576	97310	86594	94674	55152	105295	51112	64734	89790	80156	101637	62970	110690	90223	70616	68866	75453	105406	101643	70097	142153	48117	95892	86258	65687	18914	41437	107474	112462	77215	43893	80306	91384	85452	59003	74091	93228	85777	89796	46116	62383	
65805	25981	36312	49829	76639	50455	14412	19693	36515	54819	17813	57128	18440	77396	40979	31299	64899	86392	48479	28322	60338	0	54708	10549	22548	40327	70482	8716	53268	36407	59465	34304	29995	26673	17737	101616	16822	43634	24320	50653	24193	75748	59033	43284	40625	31060	18975	56065	35748	43558	47444	69351	36717	26844	29487	65084	7638	66648	24350	21441	61966	43003	39483	79531	25659	102903	60867	68735	55167	56160	30438	40095	33231	91469	40625	78967	47744	65376	61990	42808	64970	42319	46648	25291	46869	8660	12025	7611	51831	6824	66366	89113	58858	32758	76465	69769	56490	44876	29497	13592	9121	67914	11522	48252	18912	25802	36352	14627	54582	105885	53514	23052	26909	6705	43834	19425	36031	103740	56895	23605	44550	68522	36347	40342	64697	30966	66068	47698	61764	32447	28913	14228	101504	33520	48058	50950	72138	52532	47355	52017	53443	35841	33275	30844	34505	39497	27137	22764	66591	54872	67608	45091	36167	62857	20045	45748	70804	44484	52053	43984	68253	47785	28178	81780	25869	75585	52059	20514	99715	31648	53454	36674	29325	62275	46943	67914	87234	20680	24908	44952	41801	66466	22306	31653	76007	50105	40212	27130	19945	
53728	36062	43418	93783	120593	94409	66242	46195	50049	98773	69644	85978	45414	106246	69829	53869	108854	115242	8270	54824	104292	54708	0	48796	49556	15366	16600	48774	81390	64529	87587	61313	57003	65847	70836	129738	39898	97172	51328	4479	83122	103870	67329	71406	33474	58068	44783	84187	74923	23190	99522	53121	63725	30002	82585	13528	53978	94770	51359	48450	114043	40470	66491	107653	61675	131025	46041	107909	108705	84282	45094	68217	32395	119591	67633	118142	96629	45820	90112	69816	93092	86473	30101	52299	86043	53872	59664	63388	100716	57619	105540	93615	103012	64499	61266	55688	108567	47010	81574	43002	60826	63002	63960	87426	72010	69956	64474	58781	93756	134007	58755	50060	78986	57734	95911	63578	24160	105885	85017	50614	72672	96644	20599	15301	116774	57974	18574	74706	46938	59455	27117	66090	103648	60528	15877	39445	23409	49665	53269	104094	105520	62849	24622	74998	20302	91574	38001	40419	94713	63168	95730	23987	64288	65002	68930	73870	98926	96561	22917	72106	70397	56081	43525	109902	36732	127662	23403	40028	101860	80533	61750	29105	56334	101449	77137	94922	100981	73778	61804	71960	18688	94588	49314	58662	129546	102183	39376	57101	42576	
58863	19039	29370	52536	79346	53162	24995	12751	29573	57526	28396	42797	11498	63065	26648	9909	67606	72061	41536	21379	63045	10549	48796	0	17155	34934	65090	7052	38034	21173	44231	20526	16216	29104	28135	86382	11429	55450	18927	45260	41400	60514	53640	28051	35233	17281	7542	40832	38180	38165	57799	63958	31324	21451	39885	59691	12256	51414	18958	8236	72321	37610	34090	64298	18320	87670	55474	71166	66983	40927	25046	24862	27838	76236	35232	81399	54907	59983	46756	29030	49737	44750	41255	12885	49300	4135	17942	21665	58993	15897	68797	99468	61290	21143	71072	64376	66845	39484	39851	8199	18669	62521	21803	50683	29310	28234	21119	17058	57013	90652	48121	17659	37264	15577	54188	21856	30638	98348	41662	18212	29317	53289	30954	34949	75052	17187	60675	47287	56371	27054	23520	24368	96111	21780	42665	45558	66745	47139	41962	62371	63798	30448	27882	33275	29112	49852	21745	17371	51358	49479	52375	39698	20933	57464	27208	30515	55571	54839	46661	28751	62860	42392	22785	66547	20476	85939	46666	15121	94323	38810	48061	31281	23933	64706	33782	62521	97589	31078	9255	39559	36408	51233	16913	26260	87823	60460	34819	13746	14552	
55739	19799	30130	61622	69550	62249	34081	6482	26449	47730	37483	38477	13253	58745	22327	6367	57810	67741	42296	18256	53249	22548	49556	17155	0	36087	66243	17002	33905	17044	40102	13065	8756	18362	39064	82253	12445	67908	6325	46414	53858	56385	51189	23922	36386	9161	7205	36702	27438	39319	72904	61507	19744	22604	61689	60845	22206	47285	7378	3462	87426	45006	31639	60168	14190	83540	56627	60424	79441	36797	27651	20732	28991	72106	23653	70657	67365	63632	42627	21569	45608	51132	42408	4587	38558	22100	27844	36770	62293	31002	58055	114573	67671	17014	68621	61926	81950	37033	54956	10068	29054	60070	32188	39941	40238	34615	16990	20765	46271	86522	45670	15208	52369	25962	69293	18932	31792	95897	37532	10411	25187	49159	32108	36103	90156	9726	61828	26459	48550	14974	24673	36826	93660	15231	43818	46711	67899	44688	39511	77476	78903	16996	29035	34434	30265	64957	22898	25316	47228	47028	48245	40851	16804	55013	39666	26386	51442	69943	47814	24622	60409	39941	20335	62417	21629	101044	47820	13440	91872	51269	35907	32435	12018	53964	29652	45433	112694	42006	14319	27979	37561	47103	5334	23810	100281	75565	35973	9616	12102	
41743	20120	27477	79401	106212	80028	51860	31814	35423	84392	55262	71597	31032	91865	55448	39487	94472	100861	13805	40443	89911	40327	15366	34934	36087	0	31665	36212	68827	51966	75024	48750	44441	53285	58273	117175	27336	84610	38766	18298	70560	91307	52787	58844	19805	45506	32221	71624	62360	14026	86959	39452	51163	13875	70023	28730	41416	82207	38796	35887	101481	27625	53929	95091	49113	118463	32372	95347	96143	71719	29160	55654	17853	107029	55071	105579	84067	36881	77549	57254	80530	73910	25827	39737	73481	41309	47102	50825	88153	45057	92978	128628	90450	51936	47596	42019	96005	32468	69011	30439	48263	48460	51398	74863	59448	57394	51912	46218	81194	121445	44213	37498	66424	45172	83349	51016	10491	92216	72455	38051	60110	84082	5560	7986	104212	45412	29467	62144	33269	46893	12124	53528	89979	47966	14364	24316	41886	35996	38727	91531	92958	50287	7613	62436	7150	79012	20707	21951	82150	48626	83168	17002	51726	51333	56368	61308	86364	83999	19384	59544	56728	41539	26923	97340	18264	115100	19870	27465	88191	67970	47208	15436	43771	88886	64575	66338	126749	61216	49242	59398	5932	82026	36752	46099	116983	89620	24834	44539	30014	
69651	54967	61968	109557	136367	110183	82016	61969	78792	114548	85418	101752	61188	122021	85603	69643	124628	131016	21495	70598	120066	70482	16600	65090	66243	31665	0	64713	97329	80468	103526	77252	72942	81786	86775	145677	55837	113112	67267	19818	99061	119809	101980	87345	50241	74007	60723	100126	90862	33748	115461	69612	79664	46507	98524	10416	69918	110709	67298	64389	129983	56961	82430	123592	77614	146964	62532	123848	124645	100221	61033	84156	48900	135530	83572	134081	112568	67041	106051	85756	109032	102412	36722	68239	101982	69811	75603	79327	116655	73558	121479	78162	118951	80438	77756	72179	124506	63515	97513	58941	76765	79507	79900	103365	87949	85895	80414	74720	109695	149946	75260	65999	94925	73674	111850	79518	45646	122376	100956	66553	88611	112583	35920	28439	132713	73913	13733	90646	63429	75394	43622	82029	120139	76467	22753	54476	8576	66156	90302	120033	121460	78788	45226	90937	33440	107513	53940	56358	110652	97819	111669	30607	80228	81493	84869	89810	114866	112500	24024	88046	86888	90732	59464	125841	52672	93341	30024	55967	118351	96472	96402	45596	72273	117388	93076	110862	85528	89718	77743	87899	31826	110527	65253	74601	145485	118122	54590	73040	58515	
58841	19017	29348	45822	72632	46448	18281	12728	29551	50812	21683	53121	11476	73390	36972	20402	60893	82386	41514	21357	56331	8716	48774	7052	17002	36212	64713	0	49489	32628	55686	28127	23818	22894	25151	97837	10645	49240	18142	44476	35189	71969	52855	39505	34448	24883	12798	52286	31969	37381	51589	63173	30539	20666	36900	58907	6046	62869	18173	15264	66111	36826	33306	75752	21880	99124	54689	64956	60773	52381	24261	36316	27053	87690	34447	75188	48696	59198	58211	36631	61191	38540	40470	19114	43090	5939	11732	15455	52783	9686	62587	93258	55080	28979	70287	63592	60634	38699	33641	7414	15684	61736	18819	44473	26325	22023	32573	10848	50803	102106	47336	16875	31053	12593	47978	15646	29854	97563	53116	17428	40771	64743	30170	34165	68841	24788	59890	41521	55587	26270	22735	18157	95326	27342	41880	44773	65961	46354	41177	56161	57588	29663	27097	27065	28327	43642	20960	16587	62812	48694	63829	38913	32388	56679	20997	41969	67026	48628	45876	40205	62075	41607	22001	78001	19692	79729	45882	14336	93538	32600	47277	30497	23148	58496	43164	61737	91378	28093	21129	38774	35623	62687	16129	25476	81613	54250	34035	23351	13768	
87573	51632	61963	63174	68226	63801	59238	38316	58283	46406	62640	23551	45087	38293	16650	30961	28722	43773	74130	50089	51925	53268	81390	38034	33905	68827	97329	49489	0	22181	26041	29788	39569	29445	67054	53473	43946	86786	37961	77915	72736	46016	64461	16615	67887	40634	38706	22607	23815	70820	91782	93008	32534	54105	80566	92345	48180	26946	42267	34891	106304	76507	63140	49800	25874	57451	88128	59327	98319	19359	59152	12672	60492	61738	32608	69559	86243	95133	15749	25555	35239	53255	73909	36237	30767	48968	46722	55648	73915	49879	56958	133451	71603	18944	100122	93426	100827	68534	73834	41569	64227	91571	60839	38843	68229	40416	17481	39643	45174	76154	77171	46709	71246	61136	88171	37810	63293	84625	22274	43107	19606	38791	63608	67604	109034	32523	93329	27900	80051	34097	56174	55704	125161	29608	75319	78212	99399	76189	71012	96354	97781	43181	60536	41469	61766	83835	54399	56817	36860	60300	37877	72352	17091	86514	58544	7519	41073	88821	79315	14230	91910	54419	51836	24446	53130	119922	79321	44941	123373	70146	57145	63936	46906	37375	13214	48908	131571	69997	33197	36376	69062	28157	40222	55311	119159	94443	67474	28494	43603	
70712	34771	45102	61798	71693	62424	42377	21455	41422	49873	45779	27832	28226	48101	11683	8069	59953	57096	57269	33228	55392	36407	64529	21173	17044	51966	80468	32628	22181	0	29451	20963	16653	20284	50098	71602	21030	69830	15046	54999	55780	45734	59775	13271	44972	17718	15790	26052	29359	47904	74826	70093	27464	31190	63610	69430	31223	36634	19351	11976	89347	53592	40225	49518	16112	72890	65213	62346	81363	26147	36236	9766	37577	61456	27539	72578	69287	72217	31976	20486	34957	53053	50994	13322	40480	32012	29766	38692	64215	32923	59977	116494	69593	9291	77207	70511	83871	45618	56878	18654	47271	68656	43883	41862	51273	36537	6024	22686	48193	75872	54256	23794	54290	44180	71215	20853	40377	104482	26882	20192	14537	38509	40693	44688	92078	17624	70414	32507	57136	23695	33259	38747	102246	24539	52404	55297	76484	53274	48097	79398	80824	28969	37621	36356	38851	66878	31484	33901	36577	55614	37595	49437	5596	63599	41588	15735	40791	71865	56400	13971	68995	48527	28920	51767	30215	102966	56405	22025	100457	53190	54196	41020	23991	55885	18687	58475	114615	53041	16241	31307	46147	36453	17307	32395	102203	77487	44558	5412	20687	
55891	57829	68161	84856	94751	85482	65435	44513	38790	72931	68837	7371	51284	28462	16717	37159	52672	37458	80327	37704	78450	59465	87587	44231	40102	75024	103526	55686	26041	29451	0	20212	23517	43676	73491	53006	50382	93223	31874	84351	79172	22730	42568	16795	74323	25029	45142	4124	52752	77256	98218	71722	19834	60542	87003	98782	54616	17445	33240	41328	112740	55221	33897	26514	39505	44932	57777	85739	104756	11311	40114	26317	66929	27398	18172	95971	92679	66069	17141	13168	16361	76446	80346	27512	52573	55405	53159	62084	87607	56316	83370	139887	92986	35274	78836	64363	107264	40112	80271	48005	70664	51813	67275	65255	74665	59930	29569	46079	71586	40173	43515	53146	77683	67572	94608	44246	69729	58765	6557	33750	13640	20814	70045	74040	115471	22947	99766	6971	55570	24181	62611	62140	64102	20032	81756	61146	105836	54903	39505	102790	104217	30837	66973	59748	68202	90271	60835	63253	13574	38407	11713	78789	25580	65228	64980	24216	17787	95258	85751	17148	59219	32526	40539	36932	59567	126359	85757	51377	57423	76583	35252	70372	32823	79278	35237	23047	138008	76434	39633	14483	75499	12359	46659	36476	125596	100879	51207	34931	50039	
67496	31555	41887	69065	78960	69691	45838	18239	28349	57140	49240	23453	25010	68155	14854	15777	67220	77151	54053	30013	62659	34304	61313	20526	13065	48750	77252	28127	29788	20963	20212	0	4409	27154	56968	91045	23798	76700	14455	57766	62650	39328	47409	14820	47739	6047	18557	20186	36229	50671	81696	72860	14008	33957	70480	72197	38094	33508	14059	14743	96218	56359	27262	43112	22982	92332	67980	69216	88233	25073	39003	21431	40344	52452	17450	79448	76157	74984	29932	10488	54399	59924	53761	9283	47350	33452	36636	45562	71085	39793	66847	123365	76463	25806	79974	73278	90741	48385	63748	21421	40406	71423	43541	48733	58143	43407	25781	29556	55063	56822	57023	26561	61160	37315	78085	27724	43144	75414	18191	18830	11882	57951	43460	47455	98948	3983	73181	15378	59903	9722	36026	45618	105013	3949	55171	58064	79251	56041	50864	86268	87695	24655	40388	43226	41618	73749	34251	36668	30172	43248	28311	52204	25595	66366	48458	22241	34385	78735	59167	18993	71762	37368	31687	48668	32982	109836	59173	24792	74072	60060	40093	43787	17276	62756	30352	39696	121485	59911	23111	20427	48914	28422	20074	35162	109073	84357	47325	18408	23454	
63187	27246	37577	64755	74650	65381	41529	13930	27037	52830	44930	26758	20700	63845	18158	11468	62911	72841	49744	25703	58349	29995	57003	16216	8756	44441	72942	23818	39569	16653	23517	4409	0	22912	52726	86803	19556	72458	8747	53524	58408	60935	44826	18125	43497	3327	14315	23492	31988	46429	77454	68618	11424	29715	66239	67955	33852	51835	9434	10501	91976	52117	24678	45944	18740	88090	63738	64974	83991	41347	34761	25282	36102	49869	15332	75207	71915	70743	47177	12469	50157	55682	49519	5041	43108	29210	32394	41320	66843	35551	62605	119123	72221	21564	75732	69036	86499	32434	59506	17179	36165	67181	39299	44491	53901	39165	21539	25315	50821	54238	52781	22319	56918	33073	73843	23482	38902	72830	21496	14205	15188	53709	39218	43213	94706	3084	68939	18683	55661	8546	31784	41376	100771	4906	50929	53822	75009	51799	46622	82026	83453	22071	36146	38984	37376	69507	30009	32427	51778	40665	31616	47962	21354	62124	44216	30935	55992	74493	54925	29171	67520	34784	27445	66967	28740	105594	54931	20551	71488	55819	37510	39546	16101	58514	34202	37113	117243	55669	18869	19659	44672	51653	12955	30920	104831	80115	43083	14166	19212	
72030	36090	46421	48654	53706	49281	32643	22773	42740	31886	36045	41248	29544	61517	25099	15419	41966	70513	58587	34547	37404	26673	65847	29104	18362	53285	81786	22894	29445	20284	43676	27154	22912	0	39902	86230	28356	59634	22371	65866	45583	60362	67100	27899	55839	25044	23116	40680	12115	58771	64629	77418	39043	42057	53414	80297	21027	51262	26677	19301	79151	60917	47550	64146	4021	87518	76080	45102	71167	40775	43562	24710	48444	76084	42167	55334	59090	79543	46604	35114	49585	39030	61861	20648	18903	21816	19570	28496	54019	22727	42733	106298	57378	8658	84532	77836	73675	52944	46682	28805	37075	75981	33686	24618	41076	26341	10566	12490	30949	90500	61581	31119	44094	33983	61019	6805	51244	111808	41510	27517	29165	53137	51560	55555	81882	24949	81281	47135	64461	31020	44126	28551	109571	29542	63271	66164	87351	60599	55422	69202	70628	36295	48488	20187	49718	56682	42351	37977	51206	62939	52223	60304	20781	70924	31391	30363	55419	61669	67267	28599	76320	55852	36246	76006	41082	92770	67273	35727	107783	42994	61522	51887	31316	38641	18978	73103	104419	42845	9522	45935	57014	51081	24632	39721	92007	67290	55425	11745	28013	
