//--------------------------------------------------------------------------------------------------------------------
//-- données sur la DROME récupérés par le géocodeur (matrice symétrique)
//-- villes de plus de 500 habitants
//-- C. Duhamel, P. Lacomme C. Prodhon - juillet 2009 : 2700 kg à collecter, flotte de capa 10000
//--------------------------------------------------------------------------------------------------------------------
125 5 999999 0 0 0
20 50 20 2.1
20 50 35 1
20 100 50 2.2
20 100 70 1.2
20 200 80 2.2
0   // la ville qui represente le depot
0	70577	120690	81049	105894	4523	7061	94960	51176	72394	31374	5648	71098	47278	150083	115624	37437	59652	192126	71318	99175	28464	20315	25506	78744	12097	120322	34941	36183	40740	12390	111717	24780	90262	88986	128938	127898	123653	13736	19659	113797	73721	86539	46128	36569	95073	29917	135452	17984	48423	46045	110063	152400	114573	81566	97215	128253	105076	32142	18846	24456	6448	24416	122801	18226	122579	94395	80792	84250	118864	68237	16517	43125	25679	105595	29362	169397	100572	184384	108970	71983	69109	106791	78274	78220	136654	75991	14787	31823	157642	28110	99946	131807	33767	67592	116318	46715	145591	32534	105529	13632	21517	110416	64230	65615	101672	63598	39089	134046	7758	143992	9845	6886	10795	91513	103608	101894	23779	146261	25429	143192	154076	82251	65071	152013	167276	
70577	0	77269	35997	62473	66980	69482	37366	13247	21063	10881	48007	26045	6402	106662	58030	5857	13811	148705	10005	36722	14020	34928	26317	7432	35928	76901	6919	19844	8051	29475	68296	18732	46841	30702	71344	63693	80232	70029	35589	70377	28668	33326	23722	17073	51652	14686	92031	36624	25583	19774	66642	108979	71152	52499	53794	84832	61656	21924	73896	30827	46266	43984	79381	42092	79159	50974	34103	40829	75443	17319	45511	9696	20717	62174	29812	125976	42978	140963	65549	22835	6503	63370	19653	33167	93233	15602	41899	13264	114221	15867	42352	88386	20674	22539	48573	14162	102170	11295	47936	39788	21562	66996	35163	36547	58251	7420	15270	90625	64835	100571	41999	34131	42764	48092	60187	58473	39292	102840	27924	99772	110655	24973	17134	108592	123855	
120690	77269	0	50440	15704	116044	118546	38875	84568	65697	76144	98484	64401	83467	41609	46936	80543	70622	72667	70044	54902	80587	83992	96819	77470	98925	9145	78697	92992	86382	91335	20277	85250	37632	61023	73324	30560	12454	119094	86066	5796	52068	56942	96870	90221	42130	86331	16052	110724	98731	92922	12816	30321	19257	125647	32781	17054	16973	73110	122961	79892	96743	118084	25463	129271	10602	29961	45999	39977	7690	63662	125377	90728	95254	21049	78877	49680	44958	64925	8382	65286	72201	9146	71577	54728	24676	74717	128315	88744	43055	92230	44332	20609	71860	60895	24722	93591	37117	84079	49916	88853	91525	15977	108311	109695	15886	72376	88418	22848	113899	25743	122845	93903	93241	33514	13225	19429	88356	31021	76988	25476	45603	58416	61955	37426	41517	
81049	35997	50440	0	37000	77680	80182	16536	35667	15308	37779	60120	12765	30856	81189	37201	40378	30457	89259	21143	8966	42223	45628	58455	28569	60560	51428	38531	52827	46216	52971	21169	46885	15498	10032	50515	42864	54759	80729	47701	36765	11532	7585	56705	50056	8331	47966	45252	72359	58566	52756	29818	83506	29887	85481	28321	59359	25410	34746	84596	41527	58379	79719	36756	90906	53686	25501	11239	11353	49970	20395	87012	35583	56915	21399	40512	100503	22149	115490	34029	12469	25319	37897	10693	5375	67760	16862	89950	48579	65075	52065	21523	62914	33496	14882	24263	36915	76697	43914	27106	50488	53160	26251	68146	69530	32779	32211	48252	65152	75535	75098	84480	55538	54876	16749	28550	33001	49992	77367	38624	44538	85183	9063	20097	59446	98383	
105894	62473	15704	37000	0	101574	104076	39745	70097	51227	61673	84014	49931	68997	49709	51412	66073	56152	91753	55574	40432	66117	69522	82349	63000	84454	10102	64226	78522	71911	76865	21283	70779	22145	46553	74194	32168	21909	104624	71596	13258	37597	42472	82400	75751	26642	71861	27297	96253	84261	78451	14424	39746	20865	111176	10553	26509	14643	58640	108490	65421	82273	103614	27072	114800	20835	13730	31528	25507	14065	49192	110907	76258	80784	18702	64407	69023	45828	84010	9990	50816	57731	4286	57106	40258	34910	60247	113845	74274	55898	77760	45202	30063	57390	46425	25884	79121	45217	69609	50786	74383	77055	17612	93841	95225	9690	57906	73947	32302	99429	43618	108374	79432	78771	18027	11648	7354	73886	45887	62518	32817	53703	43946	47485	50269	54360	
4523	66980	116044	77680	101574	0	8608	91460	80151	68895	50501	6325	67599	73307	146584	112125	70383	56153	188627	67819	95676	47170	21905	30049	75245	16640	116823	39638	41210	76222	16933	108218	29806	86763	85487	125439	124399	120154	15283	17346	110298	70222	83040	86710	41596	91574	52914	131953	22527	88571	82762	106564	148901	111073	115487	93716	124754	101577	29829	25037	22143	7140	28959	119302	21826	119080	90896	77293	80751	115365	64738	19064	80568	30706	102096	45460	165897	97073	180885	105471	68484	65610	103292	74775	74721	133155	72492	18388	36850	154143	33136	96447	128308	31454	64093	112819	83432	142092	58258	102030	17617	26060	106917	98151	99536	98173	60099	44116	130547	6589	140493	14388	9563	8482	88013	100109	98395	21465	142762	23115	139693	150577	78751	61572	148514	163777	
7061	69482	118546	80182	104076	8608	0	94544	56129	71978	53584	10302	70682	76390	149667	115208	73466	59236	191710	70902	98759	50253	24776	30191	78328	12402	119906	57909	42719	45693	16851	111301	29241	89846	88570	128522	127482	123237	6675	24829	113381	73305	86123	49488	38923	94657	55997	135036	15573	91654	50998	109647	151984	114157	84397	96799	127837	104661	52188	12785	29626	11102	22006	122385	13218	122163	93979	80376	83834	118448	67821	10456	48078	30663	105179	48543	168981	100156	183968	108554	71567	68693	106375	77858	77804	136238	75575	9780	38096	157226	33895	99530	131391	53813	67176	115902	51668	145175	37487	105113	19843	26403	110000	101234	102619	101256	63182	43317	133630	6877	143576	5588	12657	15965	91097	103192	101478	28949	145845	46654	142776	153660	81835	64655	151597	166860	
94960	37366	38875	16536	39745	91460	94544	0	42822	30345	51645	73986	26632	38011	59693	23665	41778	41696	75723	28298	10659	56089	59494	62238	35725	74426	43681	49770	55765	43778	66837	18439	60751	26068	5250	34840	30416	66729	94596	61568	33664	27166	11692	59643	52994	16139	50607	41157	72545	51571	50132	27087	55656	25793	71836	34056	71329	25055	48612	98462	55393	72245	79905	32661	78013	65656	31149	23399	23323	61941	29341	100879	42738	56638	23008	54378	65193	6474	80439	30927	26335	32475	37673	21371	18059	50631	24017	77820	49185	60286	51788	5848	74884	47362	28748	15429	44070	88667	47216	11431	64355	67026	23521	52881	59454	29791	43450	51191	77123	89401	87069	98346	69404	68742	28719	29264	33817	63858	89338	52490	40444	60752	17599	36166	58688	68821	
51176	13247	84568	35667	70097	80151	56129	42822	0	25078	23973	50847	33223	7193	113840	63370	15142	26904	155883	16108	42061	31056	48020	35201	7857	44813	84079	20011	24725	10507	39464	56923	30510	54019	36041	65189	69032	87410	83122	48681	77554	35846	38665	17547	21954	47541	26464	99209	44719	13898	12458	73820	116157	64276	56598	60972	92010	68833	35017	55385	43920	51238	52079	71145	50187	86336	58152	41281	48007	82621	19695	53607	6065	28813	57881	34091	133153	45517	148141	72727	30013	13479	70548	24992	32044	100411	20941	49994	20477	121399	23963	46740	95564	33767	29717	53913	6397	109348	17731	51684	42575	30447	74173	31652	38225	65429	19128	20150	97803	77927	107749	50884	44121	47945	55270	67365	65651	52384	110018	41016	106949	117833	30313	24272	115770	131033	
72394	21063	65697	15308	51227	68895	71978	30345	25078	0	26445	51483	4723	18342	95553	47512	25219	15298	137596	8629	26204	33586	36991	43777	16055	51923	65792	23373	37668	31058	44334	41065	38248	35732	20184	60826	53175	69123	72093	39064	59267	8916	16639	41546	34897	22690	32279	80922	57663	43407	37598	55533	97870	60043	70323	42685	73723	50547	23412	75959	32890	49742	65023	68271	63131	68049	39865	16895	29720	64334	4198	78375	23069	41757	51065	31875	114867	32460	129854	54440	2822	12806	52261	6503	11785	82124	8558	62938	33420	103112	36906	31834	77277	22161	11430	38055	24401	91061	28755	37418	41852	44523	55886	52987	54371	47142	17052	33094	79516	66898	89462	75843	46901	46239	36983	49078	47364	41355	91731	29987	88662	99546	10169	7758	97483	112746	
31374	10881	76144	37779	61673	50501	53584	51645	23973	26445	0	30852	26529	17160	105514	72641	13621	13873	147557	25539	54606	3331	14048	19142	18190	27841	75753	4491	22268	19995	19469	67148	8169	45693	45313	85955	83329	79084	51943	18108	69228	29152	41970	30483	18109	50504	6740	90883	33047	32344	26535	65494	107831	70004	59260	52646	83684	60508	8182	55810	11934	28786	40407	78232	38514	78010	49826	36223	39681	74295	22458	58226	22325	17577	61026	6366	124828	57589	139815	64401	27974	17261	62222	32082	33651	92085	30212	38322	15186	113073	17789	56963	87238	4284	23023	71749	27205	101022	12084	62546	20863	13848	65848	41924	43309	57103	8935	19124	89477	46748	99423	33912	24126	27950	46944	59039	57325	20366	101692	9030	98623	109507	35337	19292	107444	122707	
5648	48007	98484	60120	84014	6325	10302	73986	50847	51483	30852	0	49717	45568	128701	94243	35728	36935	170745	48601	77793	26755	17650	25535	46598	16082	98940	33232	34474	39031	14058	90336	23071	68880	67605	107557	106517	102271	17004	15602	92416	52339	65158	44419	34860	73691	28208	114070	23057	46714	44336	88681	131018	93191	79857	75833	106871	83695	28086	23114	19190	4506	29490	101420	23547	101198	73013	59411	62869	97482	45519	20784	41416	23970	84214	25305	148015	79191	163002	87589	50602	46391	85409	56893	56839	115272	53274	20108	30114	136261	26401	78565	110426	29711	46211	94937	45006	124209	30825	84148	10060	20241	89035	62521	63906	80291	40881	37380	112665	11489	122611	15493	5324	6511	70131	82226	80513	19722	124880	21372	121811	132695	60869	42353	130631	145895	
71098	26045	64401	12765	49931	67599	70682	26632	33223	4723	26529	49717	0	32483	93371	46438	29559	19638	135414	19060	20574	31404	34809	47636	26486	49741	63610	27713	42008	35397	42152	32777	36066	22133	19800	59752	52101	66941	69911	36883	57086	4535	17353	45886	39237	19939	37148	78740	61540	47747	41938	53351	95688	57861	74663	40503	71541	48365	23927	73777	30708	47560	68900	66089	80087	65868	37683	12767	27538	62152	9577	76194	39744	46096	33007	29693	112685	31386	127672	52258	2844	21217	50079	8300	9034	79942	13015	79131	37760	100930	41246	30760	75095	22677	4063	36981	42607	88879	33095	36344	39670	42341	53705	57327	58711	44960	21392	37433	77334	64716	87280	73661	44719	44057	23384	46896	45182	39173	89549	27805	86480	97364	13065	9278	95301	110564	
47278	6402	83467	30856	68997	73307	76390	38011	7193	18342	17160	45568	32483	0	112907	61847	8295	20056	154951	13822	40539	24209	41173	31247	3385	40859	83146	13164	20405	6979	35510	55400	23663	53086	34519	66879	67510	86477	76275	41834	76622	34913	37143	19256	17634	46019	19617	98276	41554	15607	14168	72887	115224	77397	57429	60039	91077	67901	28170	80141	37072	52512	48914	85626	47022	85404	57219	40348	47075	81688	18172	50442	2952	25648	68420	27244	132221	46795	147208	71795	29080	10320	69615	23470	39412	99478	19419	46829	18195	120467	20798	46169	94632	26919	28785	52390	8106	108415	16226	51753	38621	26493	73241	40094	41478	64497	12281	15830	96871	71080	106817	46930	40167	49009	54337	66432	64719	45537	109085	34169	106017	116901	28790	17628	114837	130101	
150083	106662	41609	81189	49709	146584	149667	59693	113840	95553	105514	128701	93371	112907	0	51543	111131	101211	43800	100632	85490	111176	114581	127408	108058	129513	41634	109285	123581	116970	121924	43085	115838	68220	91612	94365	40808	29373	149682	116654	34261	82656	87531	127458	120810	72718	116919	19257	141312	129319	123510	40438	4958	35607	156235	63370	20894	45749	103699	153549	110480	127332	148672	45172	159859	26058	60550	76587	70566	33594	94251	155965	121316	125843	48360	109465	21070	67000	36057	49944	95874	102790	45253	102165	85316	9831	105306	158903	119333	23851	122819	66373	22891	102448	91483	44580	124180	8869	114668	71957	119441	122113	41201	138899	140284	67827	102965	119006	16211	144488	13330	153433	124491	123829	64102	43711	54598	118945	5611	107577	25158	5750	89005	92543	25379	18950	
115624	58030	46936	37201	51412	112125	115208	23665	63370	47512	72641	94243	46438	61847	51543	0	62436	62354	53438	48956	28481	76747	80152	82896	56383	95084	48295	70428	76423	64436	87495	25412	81409	46727	26909	48145	14746	56923	115254	82226	39411	47824	32350	80301	73652	36797	71265	37895	93203	72229	70790	33340	49032	28509	85141	41030	53392	32029	69270	119120	76051	92903	100563	21153	98671	51599	45005	44057	43981	50850	49999	121537	63396	77296	29981	75037	42909	29748	58154	37307	46994	53133	44647	42029	38717	45685	44675	98478	69843	38001	72446	29122	61529	68020	49406	22403	64728	61002	67874	27757	85013	87685	28869	76155	82728	36765	64108	71849	56720	110059	54109	119004	90062	89401	49377	36238	40790	84516	54600	73148	32035	48551	38257	56824	37850	47983	
37437	5857	80543	40378	66073	70383	73466	41778	15142	25219	13621	35728	29559	8295	111131	62436	0	17583	152477	14374	41091	14240	24981	21278	10333	30889	80673	9754	16199	5370	25541	72068	13694	50613	35071	75714	68063	84003	73801	29016	74148	32440	37695	20077	13429	55424	9648	95802	31585	21938	16129	70413	112751	74923	48854	57565	88603	65427	25696	42251	22842	37315	38945	83152	37053	82930	54746	37875	44601	79215	18725	40473	9637	15679	65946	17275	129747	47348	144734	69321	26606	10873	67142	24022	36939	97004	19971	36860	8226	117993	10829	46722	92158	17319	26311	52943	16799	105942	6257	52305	28651	16524	70767	31518	32903	62023	11192	11625	94397	68607	104343	36960	30197	34022	51863	63959	62245	31274	106612	19939	103543	114427	29343	20906	112364	127627	
59652	13811	70622	30457	56152	56153	59236	41696	26904	15298	13873	36935	19638	20056	101211	62354	17583	0	137914	15895	44962	17712	21117	33944	23322	36049	66109	10560	30909	24298	28460	57504	18410	36049	35669	76311	73686	69440	56218	21778	59585	19508	32327	34787	28138	40860	16981	81239	47848	36647	30838	55850	98187	60360	63563	43002	74040	50864	8113	60085	17016	32455	55208	68589	66395	68367	40182	26580	30037	64651	12814	62501	28644	32379	51383	16001	115184	47946	130171	54757	18330	13686	52578	22438	24007	82441	20569	65439	26661	103430	30147	47319	77595	6863	13380	62106	31508	91378	21996	52903	25977	28649	56204	46227	47612	47460	8175	26334	79834	51024	89780	59969	31027	28953	37300	49395	47682	25481	92048	14113	88980	99864	25694	9648	97800	113064	
192126	148705	72667	89259	91753	188627	191710	75723	155883	137596	147557	170745	135414	154951	43800	53438	152477	137914	0	101023	80548	153254	156659	169486	108449	171591	83712	151363	165659	159048	164002	74043	157916	110299	78976	92670	52556	71452	191761	158733	67892	99891	84416	169537	162888	88864	158998	56016	183390	171398	165588	69107	49302	66565	133635	105448	62972	74418	145777	195627	152558	169410	190750	56920	201937	67196	102628	118665	112644	72405	102066	198044	115463	167921	79318	151544	23462	82512	9504	73074	99060	105200	75175	94095	90783	58668	96742	200982	161411	30367	164897	81188	64969	144527	133561	74469	116795	50947	156746	75881	161520	164192	69870	180978	182362	78063	145043	161084	58290	186566	55408	195511	166569	165908	106180	74849	80580	161023	47689	149655	50156	38952	90323	134622	36175	29467	
71318	10005	70044	21143	55574	67819	70902	28298	16108	8629	25539	48601	19060	13822	100632	48956	14374	15895	101023	0	27640	37452	40857	34660	8875	44271	69658	16577	28187	16200	48200	42502	27076	39598	21620	62263	54612	72989	75959	37158	63134	21425	24244	32065	25417	33120	23029	84788	44967	24722	23283	59399	101736	49855	60842	46551	77589	54413	23494	79825	36756	47836	52327	56724	50435	71916	43731	26860	33586	68200	5274	82242	15889	29061	43460	35741	118733	33897	133720	58306	15592	4498	56127	10572	17623	85990	6520	50242	21608	106978	24210	33271	81143	22244	15296	39492	17221	94927	19638	38854	45718	29906	59753	43506	44891	51008	17135	23613	83382	70764	93328	50342	50767	44333	40849	52944	51230	45221	95597	33853	92528	103412	15892	9851	101349	116612	
99175	36722	54902	8966	40432	95676	98759	10659	42061	26204	54606	77793	20574	40539	85490	28481	41091	44962	80548	27640	0	59654	63059	75886	34972	77992	55827	57764	72059	43026	70402	16369	64317	18497	9210	44637	34939	59158	98161	65133	31965	19595	10939	75937	69288	8568	65398	40451	89791	50819	49379	25017	54950	25087	81633	24915	63758	20609	52177	102027	58958	75810	97151	31955	108338	58085	23578	15828	15752	54369	28589	104444	41986	74321	16599	57944	66899	16271	82144	29229	20909	31723	32159	20618	13878	72159	23265	107382	48433	60275	51036	15645	67312	50927	24265	16052	43318	81096	46464	21228	67920	70592	21451	87378	88762	24277	51443	67484	69551	92966	79497	101912	72970	72308	21148	23749	28302	67423	81766	56055	39738	89582	16846	41022	54645	64778	
28464	14020	80587	42223	66117	47170	50253	56089	31056	33586	3331	26755	31404	24209	111176	76747	14240	17712	153254	37452	59654	0	10717	16232	21354	24930	80548	7656	21272	18145	16559	71943	4662	50488	49213	89164	88125	83879	48612	14777	74024	33947	46765	25167	17112	55299	5744	95678	30136	26086	23708	70289	112626	74799	59228	57441	88479	65303	8768	52478	8602	25454	37496	83028	35604	82806	54621	41018	44476	79090	28463	54895	21326	14667	65821	3035	129623	60799	144610	69196	32210	29335	67017	38500	38446	96880	36218	35411	14190	117869	17097	60172	92033	7211	27819	76544	24377	105817	11088	65756	17532	10938	70643	41893	43277	61899	12099	18128	94272	43417	104218	31002	21215	21952	51739	63834	62121	17035	106487	5699	103419	114303	42477	25297	112239	127503	
20315	34928	83992	45628	69522	21905	24776	59494	48020	36991	14048	17650	34809	41173	114581	80152	24981	21117	156659	40857	63059	10717	0	19219	42741	16858	84319	18334	28158	43718	9269	75714	8854	54259	52983	92935	91895	87649	28856	6911	77794	37718	50536	54206	28544	59070	16422	99448	23833	56067	38020	74059	116397	78569	82983	61211	92249	69073	14578	33218	4194	18529	30266	86798	28374	86576	58392	44789	48247	82861	32233	30970	32004	17654	69592	8360	133393	64569	148380	72967	35980	33106	70787	42271	42217	100650	39988	27827	23798	121639	20084	63943	95804	16203	31589	80315	38690	109588	21766	69526	8198	13925	74413	65647	67032	65669	27595	31064	98043	27376	107989	22929	11836	15236	55509	67605	65891	8249	110258	7933	107189	118073	46247	29068	116010	131273	
25506	26317	96819	58455	82349	30049	30191	62238	35201	43777	19142	25535	47636	31247	127408	82896	21278	33944	169486	34660	75886	16232	19219	0	32134	14353	96775	22704	17981	24567	15446	88170	12543	66715	55404	96046	104352	100106	29117	24829	90251	50174	62993	24750	14186	71526	17680	111905	16897	32250	29872	86516	128853	91026	65393	73668	104706	81530	24447	27563	22059	27219	24257	99255	22365	99033	70848	57246	60704	95317	44161	25785	26952	6220	82049	19262	145850	67680	160837	85423	48437	31205	83244	44355	54673	113107	40304	22172	13359	134096	9158	67054	108261	23146	44046	92772	30542	122044	16361	72638	18556	6428	86870	48057	49442	78126	34263	18580	110500	35801	120446	24407	20102	23926	67966	80061	78348	26166	122714	21926	119646	130530	58704	41524	128466	143730	
78744	7432	77470	28569	63000	75245	78328	35725	7857	16055	18190	46598	26486	3385	108058	56383	10333	23322	108449	8875	34972	21354	42741	32134	0	41872	76981	14178	25788	9395	36524	49825	24677	46921	28944	60809	61935	80312	83282	42848	70457	28748	31567	20255	23017	40443	20630	92111	42568	16606	15166	66722	109059	57178	58443	53874	84912	61736	29183	87148	44079	53525	49928	64047	48036	79239	51054	34183	40909	75523	12597	51455	5678	26661	50783	28257	126056	41220	141043	65629	22915	6010	63450	17895	24946	93313	13843	47843	19208	114301	21811	40594	88466	27933	22619	46815	9105	102250	17239	46177	39634	27506	67076	41107	42492	58331	13134	21214	90705	78087	100651	47943	41180	50023	48172	60267	58553	52544	102920	41176	99852	110735	23215	17174	108672	123935	
12097	35928	98925	60560	84454	16640	12402	74426	44813	51923	27841	16082	49741	40859	129513	95084	30889	36049	171591	44271	77992	24930	16858	14353	41872	0	99393	31420	34954	34172	8971	90788	21259	69333	68057	108009	106969	102723	12937	20140	92868	52792	65610	41723	31158	74144	26396	114522	7808	41855	39477	89134	131471	93643	76632	76286	107324	84147	29652	17193	19617	16959	14241	101872	12348	101650	73466	59863	63321	97935	47307	14945	36557	22898	84666	23434	148467	79643	163454	88041	51054	40810	85862	57345	57291	115725	55062	11802	25255	136713	26130	79017	110878	31861	46663	95389	40147	124662	25966	84600	11778	14883	89487	57662	59047	80743	43868	32521	113117	18404	123063	7010	10627	15660	70583	82679	80965	21477	125332	23007	122263	133147	61321	44142	131084	146347	
120322	76901	9145	51428	10102	116823	119906	43681	84079	65792	75753	98940	63610	83146	41634	48295	80673	66109	83712	69658	55827	80548	84319	96775	76981	99393	0	78515	92811	86200	91154	24126	85068	37451	60842	96270	33511	9048	118913	85885	13070	51886	56761	96689	90040	41948	86150	25426	110542	98550	92740	15766	31465	22207	125465	18017	18228	19704	72929	122779	79710	96562	117903	28414	129090	12554	29780	45817	39796	5784	63481	125196	90547	95073	23764	78696	60742	67904	75729	11332	65105	72020	5993	71395	54547	26629	74536	128134	88563	47617	92049	67277	19574	71679	60714	31180	93410	36936	83898	72861	88672	91344	19826	108130	109514	15111	72195	88236	24021	113718	35337	122663	93722	93060	33333	16175	14766	88175	37606	76807	33167	45421	58235	61774	41988	46079	
34941	6919	78697	38531	64226	39638	57909	49770	20011	23373	4491	33232	27713	13164	109285	70428	9754	10560	151363	16577	57764	7656	18334	22704	14178	31420	78515	0	22971	16360	23073	66537	11130	45082	42721	83364	82719	78473	56230	25500	68618	31215	44034	26849	20200	49893	9702	90272	36650	28710	22901	64883	107220	69393	55626	52035	83073	59897	12008	60097	16221	36178	44010	77622	42118	77400	49215	36651	39071	73684	19866	45538	20707	21181	60416	12078	124217	54998	139204	63791	25382	13303	61611	29491	35715	91474	27621	41925	18723	112463	22209	54371	86628	8110	25087	60593	23570	100411	15046	59955	26183	17451	65237	38290	39674	56493	5786	18396	88867	51036	98813	37515	27729	32675	46333	58428	56715	24653	101081	13318	98013	108897	32746	19681	106833	122097	
36183	19844	92992	52827	78522	41210	42719	55765	24725	37668	22268	34474	42008	20405	123581	76423	16199	30909	165659	28187	72059	21272	28158	17981	25788	34954	92811	22971	0	14091	24346	84663	20743	63207	49041	82225	100844	96598	41800	33729	86743	45034	57853	8007	4342	68018	16696	108397	26067	13372	13695	83008	125345	87518	41888	70160	101198	78022	38291	40246	29891	36120	27921	95747	35048	95525	67340	50470	57196	91809	33685	38468	18227	13674	78541	24324	142342	61318	157329	81916	39201	24842	79736	43310	49534	109599	33941	34855	7144	130588	8824	60691	104753	25681	38906	66912	20066	118536	11390	66275	27456	15329	83362	24553	25937	74618	23787	4716	106992	48484	116938	37090	29002	32827	64458	76553	74840	35067	119206	26987	116138	127022	46565	33501	124958	140222	
40740	8051	86382	46216	71911	76222	45693	43778	10507	31058	19995	39031	35397	6979	116970	64436	5370	24298	159048	16200	43026	18145	43718	24567	9395	34172	86200	16360	14091	0	29032	78048	17072	56593	37269	72391	70260	89983	46507	45340	80128	38419	39893	19525	11521	61403	13025	101782	34287	15047	11249	76393	118730	80903	48302	63545	94583	71407	31676	44953	40579	40806	41647	89132	39755	88910	60726	43855	50581	85195	27070	43175	4724	18380	71926	20653	135727	49546	150714	75301	32586	13070	73121	26220	42919	102984	22169	39562	10044	123973	13530	48919	98138	30426	32291	55140	8977	111921	8767	54503	32142	20015	76747	30966	32351	68003	17172	9718	100377	74587	110323	40451	33688	37513	57843	69939	68225	49043	112592	37675	109523	120407	31540	26886	118343	133607	
12390	29475	91335	52971	76865	16933	16851	66837	39464	44334	19469	14058	42152	35510	121924	87495	25541	28460	164002	48200	70402	16559	9269	15446	36524	8971	91154	23073	24346	29032	0	83261	12947	61806	60531	100483	99443	95197	21032	14860	85342	45265	58083	34296	24737	66617	18085	106996	16009	36591	34213	81607	123944	86117	69734	68759	99797	76621	22126	25394	12091	12850	22442	94346	20550	94124	65939	52336	55794	90408	39781	23146	31292	13847	77140	19667	140941	72117	155928	80514	43528	35546	78335	49819	49764	108198	47536	20003	19991	129187	16277	71490	103351	23550	39137	87863	34882	117135	20702	77074	8587	10118	81961	52398	53782	73217	27552	27257	105590	20149	115536	15105	6518	13958	63057	75152	73439	16198	117805	15480	114737	125621	53795	36615	123557	138821	
111717	68296	20277	21169	21283	108218	111301	18439	56923	41065	67148	90336	32777	55400	43085	25412	72068	57504	74043	42502	16369	71943	75714	88170	49825	90788	24126	66537	84663	78048	83261	0	76666	20764	20554	53047	21562	36405	110510	77482	15225	31754	25995	88286	81637	19209	77747	24602	102140	90147	84338	8648	39100	9237	90043	15641	41005	6640	64526	114377	71308	88159	109500	16106	120687	28749	19616	27988	25671	28561	43644	116793	57041	86670	5699	70293	51050	24681	66295	12488	40639	46778	19258	35674	32362	34076	38320	119731	80161	44425	83646	24055	44559	63276	43051	4737	58373	59713	75495	29638	80269	82941	5082	99727	101111	11377	63792	79834	46798	105315	42500	114261	85319	84657	22264	10849	15402	79772	42992	68404	23888	44197	31902	53371	38796	48929	
24780	18732	85250	46885	70779	29806	29241	60751	30510	38248	8169	23071	36066	23663	115838	81409	13694	18410	157916	27076	64317	4662	8854	12543	24677	21259	85068	11130	20743	17072	12947	76666	0	55161	53886	93837	92798	88552	33314	15672	78697	38620	51438	24557	16503	59972	5134	100351	26522	25476	23098	74962	117299	79472	58619	62114	93152	69976	12893	37188	13275	24719	33882	87701	31990	87479	59294	45691	49149	83763	33136	35410	20716	11053	70494	7708	134296	65472	149283	73869	36883	24970	71690	43173	43119	101553	37530	31797	13580	122542	13483	64845	96706	11601	32491	81217	23768	110490	10478	70429	16055	7323	75316	41283	42668	66571	15604	17518	98945	48090	108891	27387	17601	21426	56412	68507	66793	17010	111160	10372	108092	118975	47150	26609	116912	132175	
90262	46841	37632	15498	22145	86763	89846	26068	54019	35732	45693	68880	22133	53086	68220	46727	50613	36049	110299	39598	18497	50488	54259	66715	46921	69333	37451	45082	63207	56593	61806	20764	55161	0	24161	59589	41964	41478	89220	56192	30066	17071	21945	66996	60348	10072	56457	53277	80850	68857	63048	25571	70226	26783	95773	13483	46078	19076	43237	93087	50018	66870	88210	36508	99397	40405	10663	11002	6080	36690	33789	95503	60854	65380	15065	49003	87222	31223	102209	25239	35412	42328	23059	25049	19731	54479	44844	98441	58871	75468	62357	30596	49633	41986	31021	24827	63718	63417	54205	36180	58979	61651	22005	78437	79822	17941	42503	58544	51872	84026	61818	92971	64029	63367	5720	19876	18163	58483	64087	47115	44290	71902	23419	32081	69839	85102	
88986	30702	61023	10032	46553	85487	88570	5250	36041	20184	45313	67605	19800	34519	91612	26909	35071	35669	78976	21620	9210	49213	52983	55404	28944	68057	60842	42721	49041	37269	60531	20554	53886	24161	0	39238	32521	65240	88678	55650	35635	21276	5774	52917	46268	14650	43881	43129	65818	44845	43406	29059	57628	27765	76233	32480	69840	27027	43083	92545	49476	66328	73179	34633	71286	64167	29660	20984	21834	60452	22615	94961	36012	49912	21544	48461	68387	10872	83632	32899	19147	25749	39645	14645	12141	52603	17291	71093	42459	62953	45062	10246	73395	41832	22831	17401	37344	87178	40490	15829	58437	50757	25493	64358	65742	31763	36723	44464	75634	83484	85580	92429	63487	62825	27230	31236	35789	57941	87849	46573	42416	95664	10872	29440	57323	67456	
128938	71344	73324	50515	74194	125439	128522	34840	65189	60826	85955	107557	59752	66879	94365	48145	75714	76311	92670	62263	44637	89164	92935	96046	60809	108009	96270	83364	82225	72391	100483	53047	93837	59589	39238	0	58585	100564	128430	95402	67957	61001	45526	74718	85140	49974	84442	75451	110193	75669	78947	61381	89949	60086	41148	67804	105164	59349	82447	132297	89228	106080	103303	64992	114885	99491	64984	57234	57158	95775	63176	134713	67767	90473	57301	88213	88467	31124	103712	65221	60170	66310	71967	55205	51893	84925	57852	115564	83020	83559	85623	33260	108719	81196	62583	49723	69099	122502	81051	23701	98189	100861	57814	61124	61987	64085	77284	82515	110957	123236	120903	132181	103239	102577	62554	63558	68110	97693	123172	86325	74737	91235	51433	70000	88735	92790	
127898	63693	30560	42864	32168	124399	127482	30416	69032	53175	83329	106517	52101	67510	40808	14746	68063	73686	52556	54612	34939	88125	91895	104352	61935	106969	33511	82719	100844	70260	99443	21562	92798	41964	32521	58585	0	41265	126932	93904	24913	53402	37927	85879	79230	42375	94169	28714	118561	77807	76368	18842	38041	14011	95649	32063	42401	28018	80948	130798	87729	104581	125921	6655	137108	40607	36038	49635	49559	36353	55577	133215	68974	103092	26788	86714	39113	36415	54358	22809	52571	58711	28750	47607	44294	34694	50253	136152	75421	32488	78024	35788	50538	79698	54984	20188	70306	50011	73452	38266	96691	99362	19605	82822	98704	27798	69686	77426	45729	121737	43118	130682	101740	101078	40334	24584	30315	96194	43609	84826	21044	37560	43835	62402	26859	36992	
123653	80232	12454	54759	21909	120154	123237	66729	87410	69123	79084	102271	66941	86477	29373	56923	84003	69440	71452	72989	59158	83879	87649	100106	80312	102723	9048	78473	96598	89983	95197	36405	88552	41478	65240	100564	41265	0	122180	89152	16078	55153	60028	99956	93307	45215	89417	20701	113809	101817	96007	23098	24870	29538	128732	35867	8304	27255	76196	126046	82977	99829	121169	35745	132356	7169	33047	49084	43063	6315	66748	128463	93814	98340	44247	81963	48597	71171	63584	18664	68372	75287	16981	74662	57814	21903	77803	131401	91830	42892	95316	70544	9441	74946	63980	35004	96677	28742	87165	76128	91939	94611	26259	111397	112781	26963	75462	91503	14097	116985	18301	125930	96988	96327	36599	23507	26325	91442	24428	80074	28442	33277	61502	65041	37263	41354	
13736	70029	119094	80729	104624	15283	6675	94596	83122	72093	51943	17004	69911	76275	149682	115254	73801	56218	191761	75959	98161	48612	28856	29117	83282	12937	118913	56230	41800	46507	21032	110510	33314	89220	88678	128430	126932	122180	0	31512	113350	73273	86091	48632	38068	94625	55965	135004	14718	91622	50921	109615	151952	114125	80971	96767	127805	104629	52156	5354	49526	17784	22894	122354	9495	122132	93947	80345	83802	118416	67789	5591	48000	29808	105148	48511	168949	100125	183936	108522	71536	68661	106343	77827	77772	136206	75544	7403	37241	157195	33040	99498	131359	53781	67145	115871	51590	145143	37410	105082	23221	26326	109969	101202	102587	101225	63150	42462	133598	10834	143544	5315	19340	22648	91065	103160	101447	35632	145813	46623	142745	153629	81803	64623	151565	166829	
19659	35589	86066	47701	71596	17346	24829	61568	48681	39064	18108	15602	36883	41834	116654	82226	29016	21778	158733	37158	65133	14777	6911	24829	42848	20140	85885	25500	33729	45340	14860	77482	15672	56192	55650	95402	93904	89152	31512	0	80082	40006	52824	55158	31794	61358	20426	101737	27273	57019	51210	76348	118685	80858	83935	63500	94538	71361	15752	41261	7379	13946	33705	89086	31813	88864	60680	47077	50535	85149	33186	34914	49016	23248	71880	12971	135681	66857	150669	75255	38268	34058	73076	44559	44505	102939	40940	31267	29392	123927	25678	66231	98092	17377	33877	82603	51880	111876	25770	71814	8446	19519	76701	66599	67984	67957	28547	32810	100331	22813	110277	26368	12060	10444	57798	69893	68179	4120	112546	9038	109477	120361	48535	30020	118298	133561	
113797	70377	5796	36765	13258	110298	113381	33664	77554	59267	69228	92416	57086	76622	34261	39411	74148	59585	67892	63134	31965	74024	77794	90251	70457	92868	13070	68618	86743	80128	85342	15225	78697	30066	35635	67957	24913	16078	113350	80082	0	55733	41218	100536	93887	33079	89997	15718	114389	102396	96587	6887	30216	13328	129312	17671	20720	11919	76776	126626	83557	100409	121749	19535	132936	14267	21646	49664	43643	11356	67328	129042	94393	98920	16566	82542	44853	39905	60098	4986	68951	75867	9039	50898	41669	25192	78383	131980	92410	38229	95896	39279	24274	75526	64560	19669	97257	40783	87745	44862	92519	95190	10924	111976	113361	13407	76042	92083	26513	117565	29408	126510	97568	96906	25943	10192	15923	92022	34687	80654	21237	35312	47125	65620	32599	39369	
73721	28668	52068	11532	37597	70222	73305	27166	35846	8916	29152	52339	4535	34913	82656	47824	32440	19508	99891	21425	19595	33947	37718	50174	28748	52792	51886	31215	45034	38419	45265	31754	38620	17071	21276	61001	53402	55153	73273	40006	55733	0	18746	49348	42699	18824	40610	68156	65002	51209	45399	42767	85104	40380	78124	29919	60957	35902	27389	77239	34170	51022	72362	47248	83549	55283	27099	7729	12950	51568	13039	79655	43206	49558	31892	33155	102100	32641	117088	41674	6721	24679	39495	11056	7812	69358	17225	82593	41222	90346	44708	32015	64511	26139	7525	34756	46069	78295	36557	37599	43131	45803	36744	60789	62173	34376	24854	40895	66750	68178	76696	77123	48181	47519	18346	36312	34598	42635	78965	31267	55031	86780	12416	12740	84717	99980	
86539	33326	56942	7585	42472	83040	86123	11692	38665	16639	41970	65158	17353	37143	87531	32350	37695	32327	84416	24244	10939	46765	50536	62993	31567	65610	56761	44034	57853	39893	58083	25995	51438	21945	5774	45526	37927	60028	86091	52824	41218	18746	0	60272	53623	13759	51533	48606	75926	45384	43945	34535	89717	33241	82644	34532	65570	32504	38313	88163	45094	61946	83286	40110	94473	59897	31712	18314	17564	56181	23154	90579	36551	50451	26845	44079	73863	17283	89108	38376	15270	26288	42405	11113	7759	73971	17830	93517	52146	68429	45601	16656	69125	37062	18449	22877	37883	82908	41029	22240	54055	56727	30969	71712	73097	34523	35778	51819	71363	79102	81309	88047	59105	58443	22960	33996	38549	53559	83578	42191	47892	91394	7310	23664	62800	72933	
46128	23722	96870	56705	82400	86710	49488	59643	17547	41546	30483	44419	45886	19256	127458	80301	20077	34787	169537	32065	75937	25167	54206	24750	20255	41723	96689	26849	8007	19525	34296	88286	24557	66996	52917	74718	85879	99956	48632	55158	100536	49348	60272	0	11108	71443	27354	111822	36346	5365	7282	86433	128770	90943	34562	73585	104623	81447	41716	47012	50618	46170	39035	99172	41814	98950	70765	53894	60620	95234	37110	45234	17027	20440	81965	34981	145767	64742	160754	85340	42626	28267	83161	46734	52958	113024	37365	41621	13909	134013	15589	64116	108177	40465	42331	70337	13085	121961	16816	69699	37507	25379	86787	17226	18610	78043	27212	8483	110416	84626	120362	43856	39053	42877	67883	79978	78265	59083	122631	47715	119563	130446	49989	36925	128383	143647	
36569	17073	90221	50056	75751	41596	38923	52994	21954	34897	18109	34860	39237	17634	120810	73652	13429	28138	162888	25417	69288	17112	28544	14186	23017	31158	90040	20200	4342	11521	24737	81637	16503	60348	46268	85140	79230	93307	38068	31794	93887	42699	53623	11108	0	65305	12558	105684	25849	16476	16683	80295	122632	84805	44993	67447	98485	75309	25441	36515	25752	36606	29807	93033	31317	92812	64627	47756	54482	89096	30972	34737	15514	9943	75827	20185	139629	58604	154616	79202	36488	22129	77023	40596	46820	106886	31227	31124	2802	127874	5092	57978	102039	21543	36192	64199	17352	115823	7252	63561	27943	15815	80649	27657	29041	71904	21073	4940	104278	60567	114224	33359	29489	33313	61745	73840	72126	35553	116493	22849	113424	124308	43851	30787	122245	137508	
95073	51652	42130	8331	26642	91574	94657	16139	47541	22690	50504	73691	19939	46019	72718	36797	55424	40860	88864	33120	8568	55299	59070	71526	40443	74144	41948	49893	68018	61403	66617	19209	59972	10072	14650	49974	42375	45215	94625	61358	33079	18824	13759	71443	65305	0	61263	43295	85656	73663	67854	28187	74715	29399	100579	17972	50568	21692	48043	97893	54824	71676	93016	34799	104203	44894	15153	11693	11617	41179	33327	100309	46724	70186	17681	53809	91711	21009	106699	30311	19357	36460	27548	25356	12327	58969	28003	103247	63677	63118	67163	20383	54122	46792	22433	19478	48056	67906	59011	25966	63785	66457	24621	83243	84628	22430	47309	63350	56361	88832	66307	97777	68835	68173	11572	24832	22652	63289	68576	51921	42581	76391	14702	36887	57489	89591	
29917	14686	86331	47966	71861	52914	55997	50607	26464	32279	6740	28208	37148	19617	116919	71265	9648	16981	158998	23029	65398	5744	16422	17680	20630	26396	86150	9702	16696	13025	18085	77747	5134	56457	43881	84442	94169	89417	55965	20426	89997	40610	51533	27354	12558	61263	0	96719	31706	21506	19128	71330	113667	75840	54649	58482	89520	66344	14018	58205	14329	29903	39066	84069	37174	83847	55662	42059	45517	80131	28294	40594	16746	13379	66862	8762	130664	63425	145651	70237	33810	21000	68058	37918	39487	97921	36049	36981	9610	118910	12213	62799	93074	10120	28860	77585	19798	106858	6508	68383	21239	12508	71684	37313	38698	62940	14123	13548	95313	49144	105259	32572	22785	26610	52780	64875	63162	22761	107528	11426	104460	115343	41173	25128	113280	128544	
135452	92031	16052	45252	27297	131953	135036	41157	99209	80922	90883	114070	78740	98276	19257	37895	95802	81239	56016	84788	40451	95678	99448	111905	92111	114522	25426	90272	108397	101782	106996	24602	100351	53277	43129	75451	28714	20701	135004	101737	15718	68156	48606	111822	105684	43295	96719	0	125765	113772	107963	21941	15259	17110	140688	32693	17166	27252	88152	138002	94933	111785	133125	23317	144312	15372	45003	61040	55018	20581	78704	140418	105769	110295	29863	93918	33041	48503	48286	20144	80327	87243	23048	59496	56184	10234	62142	143356	103786	26416	107272	47877	25303	86901	75936	26083	108633	23726	99120	53460	103894	106566	22704	123352	124737	28429	87418	103459	20494	128941	18659	137886	108944	108282	48555	25214	31191	103398	19150	92030	9424	20355	55724	76996	20787	24412	
17984	36624	110724	72359	96253	22527	15573	72545	44719	57663	33047	23057	61540	41554	141312	93203	31585	47848	183390	44967	89791	30136	23833	16897	42568	7808	110542	36650	26067	34287	16009	102140	26522	80850	65818	110193	118561	113809	14718	27273	114389	65002	75926	36346	25849	85656	31706	125765	0	41702	39496	100531	142868	105041	71140	87683	118721	95545	38462	13089	26522	23864	8748	113270	7891	113048	84863	71261	74719	109332	53785	11311	38327	17513	96064	33277	159865	78049	174852	99439	59301	41573	97259	54723	69633	127122	50672	7698	24946	148111	20745	77422	122276	37161	59006	83644	40166	136059	27748	83006	18683	20443	100885	57681	59066	92141	43887	30167	124515	21326	134461	9933	17531	22565	81981	94076	92363	28382	136729	29912	133661	144545	66665	53600	142481	157745	
48423	25583	98731	58566	84261	88571	91654	51571	13898	43407	32344	46714	47747	15607	129319	72229	21938	36647	171398	24722	50819	26086	56067	32250	16606	41855	98550	28710	13372	15047	36591	90147	25476	68857	44845	75669	77807	101817	91622	57019	102396	51209	45384	5365	16476	73663	21506	113772	41702	0	3433	88407	130744	92917	35538	75559	106597	83421	43690	52768	52593	48621	44400	101146	47570	100924	72739	55869	62595	97208	39084	50990	13127	26196	83940	32199	147741	56827	162728	87315	44600	30241	85135	48709	54933	114998	29451	47377	17860	135987	21345	56201	110152	42440	44305	62422	9185	123935	19266	61785	39957	27830	88761	18203	19587	80017	29186	13847	112391	86600	122337	48266	41503	45328	69857	81952	80239	61057	124605	49689	121537	132421	51964	38900	130357	145621	
46045	19774	92922	52756	78451	82762	50998	50132	12458	37598	26535	44336	41938	14168	123510	70790	16129	30838	165588	23283	49379	23708	38020	29872	15166	39477	92740	22901	13695	11249	34213	84338	23098	63048	43406	78947	76368	96007	50921	51210	96587	45399	43945	7282	16683	67854	19128	107963	39496	3433	0	82921	125259	87431	38989	70073	101111	77935	38204	50243	47107	46096	44719	95660	45045	95438	67254	50383	57109	91723	33598	48465	11939	23671	78454	29675	142255	61231	157242	81829	39114	24755	79649	43223	49447	109512	33854	44852	15335	130501	18821	60604	104666	36954	38819	66826	7997	118449	16741	66188	37433	25305	83275	21653	23038	74531	23700	15008	106905	81115	116851	45742	38979	42803	64371	76467	74753	55571	119120	44203	116051	126935	46478	33414	124872	140135	
