//--------------------------------------------------------------------------------------------------------------------
//-- données sur le Lot et Garonne récupérés par le géocodeur (matrice symétrique)
//-- 
//-- C. Duhamel, P. Lacomme C. Prodhon - juillet 2009 : 18347 kg à collecter, flotte de capa 22550
//--------------------------------------------------------------------------------------------------------------------
110 5 999999 0 0 0
3 100 80 2.1
3 250 80 5.2
3 500 80 5.2
10 1000 100 7.2
5 2000 400 9.2
0   // la ville qui represente le depot
0	31921	26792	17406	11966	10323	36472	73255	27515	31175	78103	4651	6663	31443	7154	19427	29672	52171	35878	8221	57657	35589	78683	63385	15248	40169	16915	72191	7327	54706	59916	39704	92873	80234	7269	60834	56664	23490	35470	7278	65039	26994	57715	61073	25407	62754	13413	35815	7694	14901	17102	65355	31539	10357	68872	3199	30205	42052	84809	69780	71023	74288	40423	58975	10102	54477	40391	34069	46869	55141	51353	20139	26522	69218	28607	33979	6812	25128	19615	45740	24193	58347	17249	6721	20747	35030	54843	66131	46107	11114	73774	61266	12289	35487	51959	73442	11210	30487	63636	71988	12433	61194	54894	41309	39955	40690	58780	30830	33927	62244	75960	
31921	0	28218	56406	47448	41158	27667	45064	57389	30860	26333	47010	37593	6958	28893	19928	9939	43352	30090	41166	27729	21686	50491	54566	55594	10143	18072	43999	27097	57887	64962	8457	64681	39906	44252	21229	17060	16787	21568	34738	36847	36266	61882	21469	43782	32826	39948	10127	40638	50383	45432	51453	22733	49357	26531	44685	18236	34460	56617	41588	32750	46097	37039	39262	46509	40574	26488	42535	47576	59924	60759	55930	21106	41026	30126	44773	38433	8270	17655	13373	40123	28843	50193	32308	42259	24866	51906	68513	56670	23539	25752	47363	45233	43820	57823	45250	29440	24698	35445	76255	23699	34511	45606	12078	59054	49712	19176	22024	37022	61369	32035	
26792	28218	0	45919	37886	20453	49086	51817	31852	6527	43038	33452	27392	23943	33414	41348	36595	24676	11414	34553	54385	17977	56569	35890	41579	22557	30102	64921	25641	34942	42016	35113	56762	46288	34689	40127	32773	38207	11326	19677	50733	55301	38936	33643	18093	59482	14411	18203	34025	40820	19895	43310	44153	38870	45429	29459	11330	12721	50981	57996	48228	61850	58459	36930	36022	27224	14147	63955	26796	36979	37813	46059	11791	57297	51546	21827	24453	36353	18233	42170	10453	36301	33069	32982	14830	9334	33230	45567	33724	25131	44650	39220	35132	20875	34878	55456	37470	6022	62101	53309	38693	39148	67026	30430	36109	26767	27144	43444	14077	42171	46474	
17406	56406	45919	0	18151	29073	40314	81840	38935	51633	86688	14178	20588	61820	22999	32259	53327	71242	56336	18307	66242	54660	87268	82456	10595	65005	34199	80776	24611	73456	78666	48288	101458	88819	17656	69418	65248	36323	54541	26349	73623	26835	76465	69658	44884	71339	32483	54886	15734	14025	35852	84426	37367	7180	77456	17690	49276	61123	93393	78364	79608	82873	40331	78046	15174	73548	59462	32052	65939	73891	70103	28724	45593	77802	29846	53888	25562	40767	36899	54325	43264	77031	24209	20036	39818	55488	73914	84881	64857	28398	82358	102533	21083	54237	70709	82026	23824	50945	72221	90738	28871	93333	53380	65205	58705	59440	67365	43663	52998	81315	84544	
11966	47448	37886	18151	0	21664	32086	74034	38855	43616	78882	11998	17572	54014	9429	23361	45521	63225	48319	18582	58436	46643	79462	74439	18163	57199	26182	72970	16594	66046	71257	40482	93651	81013	4566	61612	57442	27425	46524	18332	65817	18607	69056	61852	36867	63532	24467	46869	17751	4126	28443	76409	29139	11926	69650	9256	41259	53106	85587	70558	71802	75067	33434	70029	3760	65531	51445	28591	57923	66482	62693	20918	37576	69996	21617	46479	18153	31869	28882	46519	35247	69225	27609	6134	31801	47471	65897	77472	57448	20381	74552	94727	22649	49856	63300	74220	12317	42928	64415	83329	14708	85527	49920	57398	51295	55765	59559	34765	44981	73298	76738	
10323	41158	20453	29073	21664	0	47454	84897	19754	25339	65537	14727	9520	36323	17156	29429	40653	45331	31237	18257	69299	36043	90325	56545	25085	40622	25717	83833	16129	40467	47541	51345	79262	68787	20412	58192	51296	36574	35924	7732	76681	36996	44462	56143	17009	74396	6573	36268	17530	26543	6254	65809	42520	20433	80514	13201	30659	35212	96451	81421	82665	85930	50426	59429	21744	54930	40844	51008	40029	42504	43592	31781	26976	80860	38609	25581	3933	33930	25551	57382	17354	58800	20268	16723	13907	33681	48003	51093	38139	19916	62715	61719	21989	27089	39292	85083	21212	29137	75278	58835	22435	61647	65393	48495	32194	32292	49643	41811	27087	55404	87601	
36472	27667	49086	40314	32086	47454	0	60697	63632	52629	53320	39902	42871	28992	30137	17425	16090	69548	56286	43881	27676	47882	66125	80762	51645	36339	24207	47504	33232	77107	84182	25240	80315	67676	35458	47843	44046	14284	47764	40873	52481	24058	81102	48456	60522	25197	48121	36323	43353	28889	52373	79712	5734	45949	40743	33888	44432	60147	72251	57222	58465	61731	16783	66249	37787	66770	52684	23643	68961	79144	79979	53367	36381	56660	11234	63993	44568	20249	30150	30369	52618	55829	52909	33822	55455	51062	78102	87733	75890	29673	52366	70478	47949	63040	77043	60884	30684	50894	42643	95475	24943	61498	19638	36538	78274	68932	46163	11182	56242	84336	63402	
73255	45064	51817	81840	74034	84897	60697	0	99329	54122	12132	72471	78045	35069	75056	53697	41087	46551	50507	79055	28236	38544	6628	47213	81056	31907	54944	17214	77068	71498	74348	36048	20818	9145	69713	14714	19586	50557	43209	78805	10998	90325	78381	15935	97340	42720	84940	35697	80644	75844	88916	35004	51827	74818	21082	70146	43806	55626	12754	12071	3642	13339	69740	24936	71970	37110	40007	75703	58059	74614	78563	81391	46676	12843	63294	74844	78626	46602	60887	29890	58795	15742	88082	72093	92274	44322	55621	82895	80864	60411	10192	25770	83122	72291	77120	4323	75950	47863	15847	85641	61215	15811	65337	25126	111769	72576	26031	52940	63686	59529	9639	
27515	57389	31852	38935	38855	19754	63632	99329	0	32539	79835	29348	26650	50621	34286	46559	56804	50336	43413	23690	84863	50341	105889	61550	28368	54920	44929	99397	35341	37290	42500	66910	92815	107440	34401	72490	65594	50622	45618	26944	92245	54126	40299	70441	20466	89960	22553	50566	24199	42107	13655	70475	58671	32358	96078	30331	42020	40217	112015	96986	98229	101495	67555	73727	37308	57786	48439	61201	45033	37725	33936	47345	37961	96424	55739	19303	21935	53142	39849	72946	24554	73098	16821	33853	21107	43626	59672	48715	27256	39128	100980	75159	20666	26893	34543	100648	38342	36897	90842	54572	39565	75945	82026	62793	22539	32097	63941	57962	32092	64474	103166	
31175	30860	6527	51633	43616	25339	52629	54122	32539	0	45721	37788	31532	26626	37750	45683	39279	20184	6163	34164	57068	20661	59252	31398	45915	25240	34438	67604	29976	28159	35234	37796	59446	48971	39024	42810	35456	42542	14009	24013	53417	59637	32154	36327	14054	62165	17385	20887	38360	45155	19812	36090	48488	43205	48112	33795	14013	7336	53664	60679	50911	64533	62794	39613	40357	22733	16830	68290	20013	30196	31031	50394	19955	59981	55881	15045	25945	37609	22569	44854	7855	38984	32985	37317	12893	12017	28738	38785	26942	29466	47333	41903	35048	14092	28095	58139	41805	10054	64784	46527	43029	41832	71361	33114	29326	19984	29827	47779	7294	35389	49157	
78103	26333	43038	86688	78882	65537	53320	12132	79835	45721	0	77215	82789	25457	52004	43039	32552	37734	37260	83799	29696	26679	17592	42645	85800	22295	41184	25210	50208	62681	65530	26488	32368	13049	74457	7995	9974	39899	29961	53550	15742	59377	69563	4865	53796	44180	57998	26084	85388	80588	57505	30436	45844	79562	15562	74890	33033	42379	24585	18285	8517	22139	60151	16833	76714	28293	26760	65647	49241	65797	69746	86135	35903	17587	53238	54787	58325	31381	37561	23751	45548	6925	92826	76837	50771	31075	46804	74078	72047	46650	7330	21202	87866	63473	68303	15745	52551	34616	20591	76824	46811	12002	64419	15513	76998	63759	13876	42191	54869	54961	6763	
4651	47010	33452	14178	11998	14727	39902	72471	29348	37788	77215	0	8108	36111	10629	22902	44308	58626	43721	6989	57223	42044	78249	69840	12112	55986	21584	71756	11996	60426	65637	39269	92438	79799	8335	60399	56229	26966	41926	13733	64604	28948	63436	60639	32268	62319	19868	42270	5693	14466	22823	71811	35014	7161	68437	6674	36660	48507	84374	69345	70588	73854	44418	65431	12502	60932	46846	38932	53324	60862	57073	19705	32978	68783	32601	40858	12532	29797	24283	45306	30649	68012	16002	10715	27202	42873	61298	71852	51827	15783	73339	67721	11042	41207	57680	73007	14685	38329	63202	77708	15908	84314	58888	56185	45675	46410	58346	34306	40382	68699	75525	
6663	37593	27392	20588	17572	9520	42871	78045	26650	31532	82789	8108	0	38703	13452	25725	35970	52399	38304	6210	63135	38423	84161	63613	14770	43002	22646	77669	13058	53542	58752	45181	98351	85712	14247	66311	62141	29789	38304	10112	70517	33292	56551	66551	24243	68232	13640	38649	7216	20379	15938	68189	37837	13519	74349	9497	33039	42280	90286	75257	76501	79766	46722	61809	15580	57310	43224	44844	47096	53977	50189	25617	29356	74695	34905	32815	5648	30859	27931	51218	24421	61180	16653	13019	20974	37864	55070	64967	44943	16845	79251	64099	11811	34323	50795	78919	17508	33321	69114	70824	18731	64028	61193	47040	38791	39526	52023	37128	34155	62471	81437	
31443	6958	23943	61820	54014	36323	28992	35069	50621	26626	25457	36111	38703	0	34348	25383	15395	39150	25887	40113	33184	17484	40240	50364	61050	5941	16221	49455	24175	53685	60759	13912	54430	38785	49707	20109	15939	22243	17365	28755	42302	41721	57679	20348	39580	38281	33203	5925	39585	55838	38687	47250	28188	54812	25410	33227	14034	30258	46366	47043	31630	51552	42495	40870	51964	36372	22286	47991	43374	55722	56556	61385	16904	46481	35582	40570	33530	12801	12435	18829	33378	27722	49141	37764	35514	20664	47704	64310	52467	20681	24631	43161	44181	39618	53621	36035	34895	20496	40900	72052	29155	33390	51062	10412	54852	45510	17085	27480	32820	57167	30914	
7154	28893	33414	22999	9429	17156	30137	75056	34286	37750	52004	10629	13452	34348	0	13059	23304	58646	42353	14530	50334	42064	81591	69860	22712	37623	25491	75099	12263	61472	66683	28114	95781	83142	6506	46973	42803	17122	41945	13753	67947	24132	64481	47212	32288	47855	19887	37607	14003	11261	23868	71830	25171	16475	71780	4537	36680	48527	87717	72688	73931	77197	35789	65450	13206	60952	46866	31206	53343	61908	58119	23048	32997	72126	24047	40745	13578	21532	24551	34425	30668	54586	23558	4201	27222	41505	61318	72898	52873	16050	51495	67741	18598	42253	58726	76350	4842	36962	66545	78754	6065	60254	48044	37822	46721	47456	44919	24462	40402	68719	78868	
19427	19928	41348	32259	23361	29429	17425	53697	46559	45683	43039	22902	25725	25383	13059	0	10599	61942	48679	26810	37629	40276	59994	73155	34992	28732	16601	53502	25625	69501	76575	15409	74184	61545	18785	38083	33913	4417	40157	26032	46350	20438	73495	38322	44567	35150	32167	28717	26282	20164	36148	70042	12466	28754	32847	16816	36826	52541	66120	51091	52334	55600	24356	56116	27195	59163	45078	26242	61355	71538	70398	35327	28775	50529	12614	56386	25858	12642	22543	21720	45012	45696	35837	16481	39501	43456	70496	80126	68283	22067	42605	60344	30877	55434	69437	54753	13612	43287	44947	87868	7872	51364	35339	28931	59000	61326	36029	11757	48636	76730	57271	
29672	9939	36595	53327	45521	40653	16090	41087	56804	39279	32552	44308	35970	15395	23304	10599	0	51727	38465	50128	24100	30061	47026	62941	52129	18518	17377	40534	26402	70277	77352	5027	61216	48577	40786	27448	23278	7455	29943	34043	33382	30680	74272	27688	53692	24071	41291	18502	51717	30406	45544	58944	11315	45892	22466	27058	26611	42835	53152	38123	39366	42632	27706	45481	43043	47289	34863	33203	62131	72315	73149	52465	29481	37561	20794	57163	37738	13419	23320	11339	45788	35062	59156	26722	48626	33241	60281	80903	69060	22843	31971	49710	54196	56210	70213	41785	23854	33073	31979	88645	18114	40730	36273	18717	71444	62103	25395	9838	49413	69744	44303	
52171	43352	24676	71242	63225	45331	69548	46551	50336	20184	37734	58626	52399	39150	58646	61942	51727	0	13769	54829	65229	33124	50672	11472	66815	38605	56211	59613	51749	27676	30525	50666	45331	40391	59925	45793	37831	59443	21824	47245	50145	80537	34558	38160	33866	72735	38821	34203	59261	66056	40476	26542	65388	64105	51095	54695	26501	16707	45084	52688	42920	56542	79695	27898	61257	10303	17968	85191	14236	30792	34741	71294	33271	51990	72782	31144	46609	50925	44341	47929	28495	30993	53650	58217	32705	21605	11798	39073	37042	51239	50316	27675	55713	28591	33297	50148	62706	18721	54994	41818	63929	34875	88262	39691	41993	28754	32202	64680	19987	18766	41166	
35878	30090	11414	56336	48319	31237	56286	50507	43413	6163	37260	43721	38304	25887	42353	48679	38465	13769	0	41640	55743	16157	55216	24996	50760	24430	37111	63568	34821	33194	36043	36986	52027	44935	43869	36308	31420	45317	9973	28858	46914	64795	40076	32291	20677	61355	25745	20077	43205	50000	27287	29688	51262	48050	41609	38640	13203	5071	49628	56643	46875	60497	65569	35577	45202	16330	12759	71065	18187	36310	38652	55239	19145	55944	58656	24266	33633	36799	25242	41518	14742	34948	40461	42162	19516	8307	22336	44591	34222	34311	40831	34371	42524	21714	35375	54103	46651	5424	51015	47337	52229	37795	74136	32304	38548	27606	25791	50554	13109	31799	45121	
8221	41166	34553	18307	18582	18257	43881	79055	23690	34164	83799	6989	6210	40113	14530	26810	50128	54829	41640	0	64125	43322	85151	68957	11768	47902	25622	78659	16034	53519	58730	46171	99341	86702	15238	67301	63131	31163	43203	15011	71507	35850	56529	67541	24220	69222	22746	43548	4213	21369	15916	73088	39212	11028	75339	10712	37938	47624	91276	76247	77491	80756	48096	66708	16369	62210	48124	45834	52440	53955	50166	26607	34255	75686	36280	33952	14754	33835	28322	52208	26916	66080	10984	14235	23470	42763	60415	64945	44921	19821	80242	68999	6649	34301	50773	79909	18723	38220	70104	70802	19946	91216	62567	50016	38768	39504	65248	38503	39499	67815	82427	
57657	27729	54385	66242	58436	69299	27676	28236	84863	57068	29696	57223	63135	33184	50334	37629	24100	65229	55743	64125	0	43370	33684	70393	65655	35386	38564	24646	47588	87139	89988	19667	47874	35235	54313	21910	24412	34564	47810	63405	20040	44338	94021	27533	81940	14665	69539	36369	65243	60444	73516	58184	26014	59418	14809	54746	44478	60702	39810	24781	26024	32610	37960	45327	56570	52751	45282	43923	73699	90255	107766	65991	47348	21752	31514	71014	63225	30221	44506	19999	66975	34907	72682	56693	76874	49597	71261	98536	82911	44030	26432	48950	67722	70062	84065	28443	50964	50940	16710	101281	45223	39750	38853	28604	96368	75954	30856	27357	63264	82709	30961	
35589	21686	17977	54660	46643	36043	47882	38544	50341	20661	26679	42044	38423	17484	42064	40276	30061	33124	16157	43322	43370	0	44025	40831	50378	13621	34164	49284	34439	53854	56703	28670	48009	37534	43487	23893	19006	37001	6185	28475	34500	56479	51605	21705	33505	53039	32924	11761	42823	49618	38408	34556	42946	47668	29195	38257	7959	24878	42227	42002	39474	46213	57253	28176	44820	23677	9591	62749	37995	56970	50482	54857	10829	41441	50340	34496	33251	28483	22295	29103	24883	27547	49958	41780	35235	9483	37976	65251	46392	28207	28416	30466	47418	33543	47546	39819	46268	17115	38601	67997	43913	30394	65820	19641	48777	39435	15177	42238	26745	47440	37720	
78683	50491	56569	87268	79462	90325	66125	6628	105889	59252	17592	78249	84161	40240	81591	59994	47026	50672	55216	85151	33684	44025	0	48706	86417	37347	60305	20655	82429	76204	79054	41409	17920	10638	75074	20154	25026	55918	47915	84166	16359	95686	83087	21402	71750	48081	90301	41136	86005	81205	94277	36497	57188	80179	26443	75507	50987	60333	9856	15511	9109	16779	75101	26429	77331	41817	44713	81064	62765	79320	83270	86752	53857	18204	68655	79550	83987	51963	52613	36063	63502	21476	93443	77454	97635	49028	60327	87014	85571	65772	15631	27263	88483	76997	81826	7722	81311	52570	21208	89196	66577	17304	70698	30565	90522	77283	31470	58301	68393	61023	15106	
63385	54566	35890	82456	74439	56545	80762	47213	61550	31398	42645	69840	63613	50364	69860	73155	62941	11472	24996	68957	70393	40831	48706	0	78028	49818	67423	62999	62962	38888	39117	61879	43520	38916	71137	51931	49044	70656	33036	58457	53531	91750	46363	44297	45079	83948	50034	45415	70474	77269	51689	16955	76601	75318	57232	65908	37713	27920	39198	56074	46306	59928	90907	26869	72470	21516	29181	96403	25449	42004	45954	82507	44484	55375	83994	42357	57822	62138	55554	59141	39708	36736	64862	69430	43918	32818	16428	42299	48254	62452	50791	23887	66925	39804	44510	53534	73919	29934	58380	44481	75142	33400	99474	50904	53206	39967	43415	75892	31200	16308	42282	
15248	55594	41579	10595	18163	25085	51645	81056	28368	45915	85800	12112	14770	61050	22712	34992	52129	66815	50760	11768	65655	50378	86417	78028	0	64292	32278	80062	22690	59453	64664	47575	100744	88105	16943	68705	64535	37660	52620	24427	72910	37218	62462	68944	34568	70625	30562	52964	7648	24408	26263	82505	47750	9120	76743	16977	47354	57971	92680	77651	78894	82160	50493	76125	14461	71626	57540	42213	62788	59889	56100	28011	43672	77089	40228	39885	21597	40491	34977	53611	41343	76318	13614	19323	37896	53567	70762	70879	50854	26477	81645	78415	12830	44648	56707	81313	23180	49023	71508	76735	26602	92620	63542	64491	44702	49851	66651	45000	49846	78163	83831	
40169	10143	22557	65005	57199	40622	36339	31907	54920	25240	22295	55986	43002	5941	37623	28732	18518	38605	24430	47902	35386	13621	37347	49818	64292	0	27011	42868	30070	53145	60220	17395	52887	36154	53190	17477	13060	25726	13968	34011	28084	45204	57140	17717	39040	41764	38459	6853	48358	59321	43943	39435	31672	58295	22779	53624	13494	29718	43734	35586	28998	39797	45978	33055	55447	29158	18888	51474	42834	55182	56017	64869	16364	35024	39065	40031	38786	17208	18330	19520	30418	25090	55493	41247	40770	17266	47669	63771	51928	26576	22000	35345	52954	39078	53081	33403	38378	19956	32185	71513	32638	30759	54545	7780	54312	44971	12615	30963	32281	57132	28283	
16915	18072	30102	34199	26182	25717	24207	54944	44929	34438	41184	21584	22646	16221	25491	16601	17377	56211	37111	25622	38564	34164	60305	67423	32278	27011	0	54296	11517	57245	64319	18754	74978	62339	22997	35649	31479	12961	29601	19159	47144	32439	61239	35888	38808	43123	26407	18960	25059	29128	30659	59486	18907	27178	50977	18700	24336	40285	66914	51885	53129	56394	33213	53106	24330	48607	34521	38709	49099	59282	60116	34367	20653	51323	26300	44130	22853	10316	12006	23670	32756	43262	34614	22222	33741	32900	57073	67870	56027	7959	40171	55396	29654	43178	57181	55547	25613	32731	45742	75612	19873	48930	41780	26497	57167	49070	33595	18198	36380	64474	58065	
72191	43999	64921	80776	72970	83833	47504	17214	99397	67604	25210	71756	77669	49455	75099	53502	40534	59613	63568	78659	24646	49284	20655	62999	80062	42868	54296	0	75630	84598	87448	34611	35542	27363	68276	25426	30298	49119	56309	77368	15083	63985	91481	29036	95903	38959	83503	51312	79207	74407	87479	50312	45662	73381	18103	68709	59421	68726	27478	7696	18152	9211	57607	40435	70533	50211	53107	63570	71159	87714	91664	79954	62291	7598	51161	85958	77189	45164	59449	40647	94283	28843	86645	70656	90837	57422	68721	95996	93964	58973	20903	41078	81685	85391	90220	12824	74513	60964	9126	98741	59778	31878	58500	35837	110332	85677	36742	51502	76787	74837	23089	
7327	27097	25641	24611	16594	16129	33232	77068	35341	29976	50208	11996	13058	24175	12263	25625	26402	51749	34821	16034	47588	34439	82429	62962	22690	30070	11517	75630	0	56297	63371	28204	97517	84878	13414	45098	40929	22411	34319	9576	69683	34026	60292	45338	29224	52573	16824	26546	15475	19545	21076	64204	28356	17595	73516	9117	29054	37542	89453	74424	75667	78933	42663	57824	14746	53325	39239	44010	50280	58334	58982	24783	25371	73862	34525	42072	13270	19766	13529	33120	27605	52712	25031	12639	24158	33879	58254	66923	53969	5028	49621	60114	20070	42214	55122	78086	17127	29335	68280	74665	18351	60043	51230	35947	47584	48122	43045	27648	33638	65655	80604	
54706	57887	34942	73456	66046	40467	77107	71498	37290	28159	62681	60426	53542	53685	61472	69501	70277	27676	33194	53519	87139	53854	76204	38888	59453	53145	57245	84598	56297	0	10573	65112	70252	65311	61573	70714	62751	67464	43029	48211	75066	81298	8604	63080	26143	97656	39787	48203	54030	67022	33802	47912	73409	64735	76015	57503	41329	29961	70004	77609	67840	81463	87716	52819	62224	35223	42373	88373	15268	5534	7481	72260	45602	76910	82911	21551	49107	65610	47490	72849	29461	55914	47914	61025	30970	41363	22799	15235	9782	54388	75237	52596	49978	17452	6038	75069	65514	37911	79914	21867	66737	59796	96283	64611	14734	9920	57122	72701	22622	27600	66086	
59916	64962	42016	78666	71257	47541	84182	74348	42500	35234	65530	65637	58752	60759	66683	76575	77352	30525	36043	58730	89988	56703	79054	39117	64664	60220	64319	87448	63371	10573	0	71907	73129	68188	66481	73591	65628	74259	45906	59024	77943	86207	6993	65957	32938	96276	46582	54998	58939	74187	45736	51778	80204	69643	78892	62411	48124	32838	72881	80486	70717	84340	99636	55696	69389	38100	45250	93281	18145	7490	12390	79426	52397	79787	87819	34165	54016	72405	54285	75726	36256	58791	52822	65933	37765	44240	25372	9111	14094	61183	78114	55473	54886	24247	10349	77946	70422	40788	82791	11293	71645	62673	103078	67488	19642	16715	59999	79496	32134	23770	68963	
39704	8457	35113	48288	40482	51345	25240	36048	66910	37796	26488	39269	45181	13912	28114	15409	5027	50666	36986	46171	19667	28670	41409	61879	47575	17395	18754	34611	28204	65112	71907	0	56628	43989	36198	21393	17223	12265	28432	45290	28793	35490	68746	21633	63825	24772	51425	16991	47129	42329	55401	52889	15767	41303	17427	36631	25100	41324	48563	33534	34778	38043	32516	39426	38455	41234	33352	38012	54440	66788	89652	47876	27970	32972	25603	51636	45111	10843	25128	6300	47597	29007	54567	38578	58759	31730	59745	75377	63533	24652	25916	43655	49607	50684	64687	37196	28664	31562	27391	83119	22923	34675	40634	15199	78254	56576	19340	14648	43886	69208	39714	
92873	64681	56762	101458	93651	79262	80315	20818	92815	59446	32368	92438	98351	54430	95781	74184	61216	45331	52027	99341	47874	48009	17920	43520	100744	52887	74978	35542	97517	70252	73129	56628	0	19083	89268	34347	39219	70111	48162	71750	30553	109880	77096	33542	76281	62275	76198	55036	100198	95399	75706	30573	71381	94373	40637	89701	51234	59122	8386	30381	23302	31649	89295	22242	91525	37698	44960	95258	56774	73330	77279	100946	54104	32397	82849	73559	76526	66156	65570	50256	63749	25981	107637	91648	75120	49275	54336	81089	79580	79965	29824	21339	102677	71006	75835	22540	95505	52817	35402	83272	80770	22104	84892	44758	84531	71292	41072	72494	62402	55098	24190	
80234	39906	46288	88819	81013	68787	67676	9145	107440	48971	13049	79799	85712	38785	83142	61545	48577	40391	44935	86702	35235	37534	10638	38916	88105	36154	62339	27363	84878	65311	68188	43989	19083	0	76646	19251	23497	57489	37641	61230	17931	97258	72813	16826	61476	49653	65678	44515	87577	82777	65186	26224	58759	81751	28015	77079	40713	50059	11296	20474	10680	24328	76673	16156	78903	31543	34440	82636	52492	69047	72996	88324	43584	19775	70227	69276	66005	53534	55049	37274	53228	11202	95015	79026	58451	38755	50054	76740	75297	67343	14728	16990	90055	66724	71553	13289	82883	42296	22780	78923	68148	7031	72270	29036	80249	67009	26294	59872	58119	50749	6797	
7269	44252	34689	17656	4566	20412	35458	69713	34401	39024	74457	8335	14247	49707	6506	18785	40786	59925	43869	15238	54313	43487	75074	71137	16943	53190	22997	68276	13414	61573	66481	36198	89268	76646	0	58355	54185	22798	42143	13950	62560	21987	64679	58594	32486	60275	20085	42487	16913	7506	24066	72028	30847	11087	66393	4345	36878	48724	82330	67301	68544	71810	37201	65648	8332	61149	47063	31971	53541	62105	58316	17661	33195	66739	25384	40943	13776	27208	25625	43261	30866	65968	24352	3499	27419	41703	61515	73095	53071	17124	71295	91470	19392	42451	58923	70963	7356	37159	61157	78952	11741	82270	51672	54141	46919	47654	56301	30138	40599	68916	73481	
60834	21229	40127	69418	61612	58192	47843	14714	72490	42810	7995	60399	66311	20109	46973	38083	27448	45793	36308	67301	21910	23893	20154	51931	68705	17477	35649	25426	45098	70714	73591	21393	34347	19251	58355	0	4872	34797	26892	49608	13009	54275	74481	7993	54637	36323	54056	20983	68179	63380	59540	39249	40742	62354	7704	57682	29092	41361	26257	18466	11521	22319	55049	25786	59506	33211	25742	60545	54159	70714	74664	68927	31962	17767	48136	55628	54384	26279	32459	15909	46015	15367	75618	59629	56367	30057	51721	78996	67525	41548	4523	30015	70658	54675	73220	15926	47449	33598	17110	81741	41709	21035	58940	10411	69910	60568	11316	37089	47878	63775	15394	
56664	17060	32773	65248	57442	51296	44046	19586	65594	35456	9974	56229	62141	15939	42803	33913	23278	37831	31420	63131	24412	19006	25026	49044	64535	13060	31479	30298	40929	62751	65628	17223	39219	23497	54185	4872	0	30602	22019	43729	15494	50081	69609	4797	47906	38808	48177	16788	63985	59185	53661	36054	36548	58159	10189	53488	23212	36489	31145	22997	16409	27207	50854	22591	55311	28338	20869	56350	49287	65842	69792	64732	26083	22435	43941	48897	48504	22085	28265	14455	39658	12171	71423	55434	50488	25185	46849	74124	60794	37354	9410	26819	66463	47944	68348	20814	43255	28726	19595	76869	37514	17839	55123	6217	63178	53836	6444	32895	44527	56312	15363	
23490	16787	38207	36323	27425	36574	14284	50557	50622	42542	39899	26966	29789	22243	17122	4417	7455	59443	45317	31163	34564	37001	55918	70656	37660	25726	12961	49119	22411	67464	74259	12265	70111	57489	22798	34797	30602	0	37017	30126	43209	24502	70355	35181	49775	32009	37374	25576	30346	24228	40211	66901	9325	32818	29706	20880	33685	49400	62979	47950	49194	52459	23631	52975	31259	56023	41937	25962	58214	68397	69232	39391	25634	47388	12333	53246	29921	9502	19402	18579	41871	42555	39901	20544	44708	40315	67355	76986	65142	18926	39465	57204	34941	52293	66296	51612	17676	40147	41807	84728	11936	48223	32198	25791	63064	58185	32888	8616	45495	73589	54130	
35470	21568	11326	54541	46524	35924	47764	43209	45618	14009	29961	41926	38304	17365	41945	40157	29943	21824	9973	43203	47810	6185	47915	33036	52620	13968	29601	56309	34319	43029	45906	28432	48162	37641	42143	26892	22019	37017	0	28357	37514	56360	44604	24987	26504	52920	32805	11642	42705	49500	30213	34653	42828	47549	32209	38139	7841	15087	42324	49340	39571	53193	57134	28273	44701	23775	7057	62630	28203	46326	43481	54738	10711	48641	50221	27495	33133	28365	22176	32117	18256	27645	49839	41661	23479	3298	31116	54607	39392	28088	31430	30564	47300	26542	40545	46800	46150	7324	55539	57353	43794	30492	65701	19987	41776	32434	18487	42119	23126	40580	37817	
7278	34738	19677	26349	18332	7732	40873	78805	26944	24013	53550	13733	10112	28755	13753	26032	34043	47245	28858	15011	63405	28475	84166	58457	24427	34011	19159	77368	9576	48211	59024	45290	71750	61230	13950	49608	43729	30126	28357	0	71460	35803	51976	48590	20909	69175	8508	28716	14527	21322	12761	58256	36244	19372	75293	9961	23106	31595	65927	76201	77444	80710	47186	51876	16523	47378	33292	45787	41964	50019	50666	26560	19423	75639	35369	33756	4955	27654	17998	52161	19289	51248	21661	13483	15843	27932	49939	58607	45653	13640	55162	54167	19122	33898	46807	79863	17972	23388	70057	66349	19195	54095	59117	40943	39269	39807	42091	35536	29023	57339	61420	
65039	36847	50733	73623	65817	76681	52481	10998	92245	53417	15742	64604	70517	42302	67947	46350	33382	50145	46914	71507	20040	34500	16359	53531	72910	28084	47144	15083	69683	75066	77943	28793	30553	17931	62560	13009	15494	43209	37514	71460	0	81861	82075	18619	88876	34256	76475	31609	72179	67380	80452	40906	43362	66354	10687	61682	39718	51987	22532	7503	8746	12012	61275	31029	63506	40804	36368	67239	61753	78308	82258	72927	42588	6941	54830	66254	70161	38137	52422	18892	87256	19436	79618	63628	83809	40683	59315	86589	78151	51946	11497	31672	74658	65302	80814	11165	67486	44224	7382	89335	52751	22471	56872	21037	103304	71194	21942	44475	67380	65431	13683	
26994	36266	55301	26835	18607	36996	24058	90325	54126	59637	59377	28948	33292	41721	24132	20438	30680	80537	64795	35850	44338	56479	95686	91750	37218	45204	32439	63985	34026	81298	86207	35490	109880	97258	21987	54275	50081	24502	56360	35803	81861	0	84018	55055	51824	39467	39424	45450	34921	14482	43405	86776	18278	31542	55013	23684	53559	68063	103003	87974	89218	92483	15654	72849	23380	75897	61811	7375	72880	81444	77655	38334	45508	87412	11069	61441	33115	29376	39276	42234	50205	62429	45230	20463	46758	60189	80854	92434	72410	37798	59339	77078	40270	61790	78262	91636	20941	60021	81831	98291	22657	68098	28704	45665	66258	66993	52763	23726	59938	88255	94154	
57715	61882	38936	76465	69056	44462	81102	78381	40299	32154	69563	63436	56551	57679	64481	73495	74272	34558	40076	56529	94021	51605	83087	46363	62462	57140	61239	91481	60292	8604	6993	68746	77096	72813	64679	74481	69609	70355	44604	51976	82075	84018	0	69990	30756	94093	44400	52815	55732	70981	42529	54822	78022	66437	82925	59205	45941	36871	76914	84519	74750	88372	96429	59729	66182	42133	49283	90075	22178	5890	7364	76219	50215	83820	84613	30958	50809	70223	52102	79759	34074	62824	49616	62727	35583	43945	29405	7765	10887	59000	82146	59505	51680	22064	7143	81979	67216	44821	86824	14932	68439	66706	100895	65042	16436	14533	64032	77313	28173	27017	72996	
61073	21469	33643	69658	61852	56143	48456	15935	70441	36327	4865	60639	66551	20348	47212	38322	27688	38160	32291	67541	27533	21705	21402	44297	68944	17717	35888	29036	45338	63080	65957	21633	33542	16826	58594	7993	4797	35181	24987	48590	18619	55055	69990	0	48822	41929	53024	21220	68417	63617	52531	31632	40980	62591	13311	57919	28059	37405	25781	22088	12320	25942	55286	18169	59743	28723	21785	60782	49671	66227	70176	69164	30929	21390	48373	49813	53351	26516	32696	18886	40574	7750	75855	59866	45797	26101	47234	74508	72477	41785	9218	22398	70895	48860	68733	19548	47686	29642	22717	77254	41946	13418	59555	10648	64094	54752	8902	37326	55299	56157	10566	
25407	43782	18093	44884	36867	17009	60522	97340	20466	14054	53796	32268	24243	39580	32288	44567	53692	33866	20677	24220	81940	33505	71750	45079	34568	39040	38808	95903	29224	26143	32938	63825	76281	61476	32486	54637	47906	49775	26504	20909	88876	51824	30756	48822	0	87631	12544	33642	29168	39778	9959	55963	55755	37828	60868	28418	26768	25704	66419	94657	63666	99166	65642	52368	34980	43274	29585	64244	30520	27796	28630	45017	26464	94095	53825	10873	19835	46472	28352	70618	10043	51740	23053	31940	5232	24772	38495	36384	23430	33152	60089	60646	25116	12381	24584	98319	36428	20280	88514	44126	37651	54587	78629	45869	25154	17584	42583	55047	17579	45896	61912	
62754	32826	59482	71339	63532	74396	25197	42720	89960	62165	44180	62319	68232	38281	47855	35150	24071	72735	61355	69222	14665	53039	48081	83948	70625	41764	43123	38959	52573	97656	96276	24772	62275	49653	60275	36323	38808	32009	52920	69175	34256	39467	94093	41929	87631	0	74570	41399	70274	46711	78546	73146	23557	64448	29771	59777	49508	65732	54772	39743	40986	47572	28793	60288	61600	63295	57760	41465	78848	91197	112797	71021	52379	36714	29056	76045	68256	35252	49537	29827	72005	49869	77713	61723	81904	56139	81805	99785	87942	49061	41394	63912	72752	75092	89095	43405	48506	55970	31672	107527	42766	55537	26702	37259	101399	80985	41400	24900	68295	91269	45923	
13413	39948	14411	32483	24467	6573	48121	84940	22553	17385	57998	19868	13640	33203	19887	32167	41291	38821	25745	22746	69539	32924	90301	50034	30562	38459	26407	83503	16824	39787	46582	51425	76198	65678	20085	54056	48177	37374	32805	8508	76475	39424	44400	53024	12544	74570	0	33148	20552	27347	8971	59267	43324	25396	81317	15986	24602	29008	70360	82225	83469	86734	53211	56309	22548	46578	31021	51812	33825	41879	42714	32585	20543	81664	41394	25617	7900	34734	22430	58186	11150	55680	24049	19508	7703	26208	41799	50468	37514	20720	59595	58599	25147	25759	38667	85887	23997	21664	76082	58210	25220	58527	66197	45375	35272	31667	46523	42615	20883	49200	65853	
35815	10127	18203	54886	46869	36268	36323	35697	50566	20887	26084	42270	38649	5925	37607	28717	18502	34203	20077	43548	36369	11761	41136	45415	52964	6853	18960	51312	26546	48203	54998	16991	55036	44515	42487	20983	16788	25576	11642	28716	31609	45450	52815	21220	33642	41399	33148	0	44492	58835	40076	42844	31186	57809	27225	39926	9628	25852	50515	50041	33445	44243	45492	36464	54961	31966	17880	50988	38968	51316	52150	64383	12498	49479	38579	36164	34920	16722	13817	23967	26551	35836	51626	40761	36903	16258	43298	59904	48061	23714	26446	38755	49087	35212	49215	37850	37892	16090	43897	67646	32152	38683	54059	12227	50446	41104	18900	30477	28414	52761	32729	
7694	40638	34025	15734	17751	17530	43353	80644	24199	38360	85388	5693	7216	39585	14003	26282	51717	59261	43205	4213	65243	42823	86005	70474	7648	48358	25059	79207	15475	54030	58939	47129	100198	87577	16913	68179	63985	30346	42705	14527	72179	34921	55732	68417	29168	70274	20552	44492	0	20286	20833	72579	38702	8687	74256	10362	37429	49275	90193	75164	76408	79673	49888	66199	14028	61700	47614	41609	54092	54484	50695	25524	33746	74603	35770	34481	14035	33325	27812	51125	31417	73832	10516	13884	27970	42254	62066	65474	45450	19311	79159	68489	5556	39218	51302	78826	18373	37710	69021	71331	19437	90133	62937	49506	39297	44421	64165	37993	41150	69467	81344	
14901	50383	40820	14025	4126	26543	28889	75844	42107	45155	80588	14466	20379	55838	11261	20164	30406	66056	50000	21369	60444	49618	81205	77269	24408	59321	29128	74407	19545	67022	74187	42329	95399	82777	7506	63380	59185	24228	49500	21322	67380	14482	70981	63617	39778	46711	27347	58835	20286	0	31377	79343	25013	18684	72584	11169	44193	56040	88521	73492	74735	78001	29308	72963	7886	68464	54378	24465	60856	69416	65627	23852	40510	72930	17491	48253	21086	28413	31816	49453	38181	72159	30543	7948	34735	50405	68831	80406	60381	23315	77486	97661	25583	52790	66234	77154	11470	45861	67349	86262	16523	88461	45794	60332	54229	58699	62493	31309	47915	76232	79672	
17102	45432	19895	35852	28443	6254	52373	88916	13655	19812	57505	22823	15938	38687	23868	36148	45544	40476	27287	15916	73516	38408	94277	51689	26263	43943	30659	87479	21076	33802	45736	55401	75706	65186	24066	59540	53661	40211	30213	12761	80452	43405	42529	52531	9959	78546	8971	40076	20833	31377	0	63621	47600	26174	85594	20262	30073	33362	75830	86502	87745	91011	57487	61779	26825	50932	36492	56088	38179	35454	37490	36861	26013	85940	45670	18531	9674	39010	27901	62462	12606	61150	14869	23785	9160	31679	46153	44042	31088	24996	65065	64069	16932	20039	32242	90164	28273	24949	80358	51784	29496	63998	70473	50846	26092	25242	51993	46891	25237	53554	71323	
65355	51453	43310	84426	76409	65809	79712	35004	70475	36090	30436	71811	68189	47250	71830	70042	58944	26542	29688	73088	58184	34556	36497	16955	82505	39435	59486	50312	64204	47912	51778	52889	30573	26224	72028	39249	36054	66901	34653	58256	40906	86776	54822	31632	55963	73146	59267	42844	72579	79343	63621	0	72620	77341	44188	67931	37632	36748	26154	43030	33261	46883	86926	13825	74493	15324	31359	92422	34400	50956	54905	84530	40503	42331	80013	51185	62924	58156	51968	49763	48536	23692	73690	71453	52746	35674	27479	54520	57206	57880	37746	10843	77092	48632	53461	40490	75942	34561	45335	56703	73586	20356	90432	41525	62157	48918	33487	68203	40028	28529	29238	
31539	22733	44153	37367	29139	42520	5734	51827	58671	48488	45844	35014	37837	28188	25171	12466	11315	65388	51262	39212	26014	42946	57188	76601	47750	31672	18907	45662	28356	73409	80204	15767	71381	58759	30847	40742	36548	9325	42828	36244	43362	18278	78022	40980	55755	23557	43324	31186	38702	25013	47600	72620	0	42935	39056	28960	39504	55219	63892	48862	50106	53371	15133	58794	34773	61842	47756	20629	64033	74216	75051	47470	31453	48301	8220	59065	39639	15321	25221	22079	47690	48374	47981	28624	50527	46134	73174	82805	70962	24745	45284	63023	43020	58112	72115	52524	25756	45966	42719	90547	20015	54043	23700	31610	73346	64004	38708	6085	51314	79408	55042	
10357	49357	38870	7180	11926	20433	45949	74818	32358	43205	79562	7161	13519	54812	16475	28754	45892	64105	48050	11028	59418	47668	80179	75318	9120	58295	27178	73381	17595	64735	69643	41303	94373	81751	11087	62354	58159	32818	47549	19372	66354	31542	66437	62591	37828	64448	25396	57809	8687	18684	26174	77341	42935	0	70448	10682	42268	54115	86385	71356	72600	75865	43027	71038	8166	66540	52454	34747	58931	66883	63095	21716	38585	70794	31010	46880	18554	35404	29891	47317	36256	70023	19035	13028	32810	48480	66906	77873	57849	21390	75350	95525	14075	47229	63701	75018	16885	43937	65213	83730	21270	86325	56076	58197	51697	52432	60357	39668	45990	74307	77536	
68872	26531	45429	77456	69650	80514	40743	21082	96078	48112	15562	68437	74349	25410	71780	32847	22466	51095	41609	75339	14809	29195	26443	57232	76743	22779	50977	18103	73516	76015	78892	17427	40637	28015	66393	7704	10189	29706	32209	75293	10687	55013	82925	13311	60868	29771	81317	27225	74256	72584	85594	44188	39056	70448	0	65950	34413	46682	32668	17639	19212	22148	50852	31108	67773	38532	31063	56815	59480	76036	79985	77195	37283	14611	44406	60949	74429	31601	37781	12878	51336	20688	83886	67896	88077	35378	57042	84317	72846	46869	12213	35337	78926	59997	78542	21301	71754	38919	9569	87063	40362	26356	51745	15733	75231	65889	16637	40249	53199	69096	23084	
3199	44685	29459	17690	9256	13201	33888	70146	30331	33795	74890	6674	9497	33227	4537	16816	27058	54695	38640	10712	54746	38257	75507	65908	16977	53624	18700	68709	9117	57503	62411	36631	89701	77079	4345	57682	53488	20880	38139	9961	61682	23684	59205	57919	28418	59777	15986	39926	10362	11169	20262	67931	28960	10682	65950	0	33202	45049	82528	67499	68743	72008	37442	61972	7822	57474	43388	31087	49866	58430	54641	17859	29519	66937	25625	38427	10101	25272	21073	43460	27191	66166	20080	3740	23744	38028	57840	69420	49396	12573	71493	64263	15120	38776	55248	71161	8582	33484	61356	75277	9805	82468	51913	54340	43243	43979	56500	28202	36924	65241	73679	
30205	18236	11330	49276	41259	30659	44432	43806	42020	14013	33033	36660	33039	14034	36680	36826	26611	26501	13203	37938	44478	7959	50987	37713	47354	13494	24336	59421	29054	41329	48124	25100	51234	40713	36878	29092	23212	33685	7841	23106	39718	53559	45941	28059	26768	49508	24602	9628	37429	44193	30073	37632	39504	42268	34413	33202	0	17593	45440	58270	42687	52472	53721	31389	39435	26891	12805	59217	30709	43057	43891	49472	5444	57708	46808	27905	27866	24951	16910	32196	18292	30761	44573	36395	23516	10747	35039	51645	39802	22822	34675	33680	42033	26953	40956	46079	40883	7831	52126	59387	40381	33608	62288	20456	42187	32845	21604	38706	20155	44502	40933	
42052	34460	12721	61123	53106	35212	60147	55626	40217	7336	42379	48507	42280	30258	48527	52541	42835	16707	5071	47624	60702	24878	60333	27920	57971	29718	40285	68726	37542	29961	32838	41324	59122	50059	48724	41361	36489	49400	15087	31595	51987	68063	36871	37405	25704	65732	29008	25852	49275	56040	33362	36748	55219	54115	46682	45049	17593	0	55430	61612	51843	65466	69969	38245	51183	21299	17728	75465	14990	33113	35456	61220	23545	60913	63056	21070	36534	41199	30171	46486	18420	39917	43575	48143	22630	13276	20557	41394	31025	37068	45799	38021	45638	18517	32179	59072	52631	9824	55984	44140	53854	42764	78536	36704	35351	24409	30760	54954	9912	30365	50089	
84809	56617	50981	93393	85587	96451	72251	12754	112015	53664	24585	84374	90286	46366	87717	66120	53152	45084	49628	91276	39810	42227	9856	39198	92680	43734	66914	27478	89453	70004	72881	48563	8386	11296	82330	26257	31145	62979	42324	65927	22532	103003	76914	25781	66419	54772	70360	50515	90193	88521	75830	26154	63892	86385	32668	82528	45440	55430	0	22313	15234	23581	81227	20849	83457	36236	39133	87190	52475	69031	72980	92878	48277	24329	74781	69260	90113	58088	59742	42189	57921	18194	99569	83580	63144	43448	50037	76790	75281	71897	21756	17040	94609	66707	71536	14472	87437	46989	27334	78973	72702	14317	76824	36027	80232	66993	33285	64426	58103	50799	16403	
