//--------------------------------------------------------------------------------------------------------------------
//-- données sur la SEINE_MARITIME récupérés par le géocodeur (matrice symétrique)
//-- 
//-- C. Duhamel, P. Lacomme C. Prodhon - juillet 2009 : 5400 kg à collecter, flotte de capa 7100
//--------------------------------------------------------------------------------------------------------------------
151 8 999999 0 0 0
5 20 20 0.7
10 50 35 1.8
10 50 50 1.3
10 100 120 2.4
10 100 140 2.2
10 200 150 2.6
5 200 185 2.4
2 500 250 2.5
0   // la ville qui represente le depot
0	78375	21361	10419	83363	11971	60363	5735	9082	11671	69238	20567	16084	89793	8541	9617	67647	26488	23788	86521	95150	73488	46660	6884	87180	52722	21756	78438	86921	10957	90210	14927	6065	8063	32297	100002	74139	17350	12052	8796	88087	23928	57415	12554	76443	95744	63197	15764	25789	14100	16668	5113	16984	11818	8495	73783	21055	74255	39168	78842	95704	7278	39202	82911	65962	47171	56003	3507	25178	36376	73306	79446	33865	42932	97647	28710	88782	61602	88393	23842	94312	56034	55897	92958	23266	94950	55849	82558	78539	91103	65229	19954	17850	96759	14295	33421	68476	37722	77355	26924	44939	12468	72603	8072	57582	31079	76522	62974	83764	70027	14645	13320	76288	72504	23522	20320	15471	82612	90245	11669	18860	66834	20666	47676	77951	61710	75719	13597	15545	91783	83233	89698	16225	85991	12531	29602	21112	39316	31452	37645	66995	39046	18468	61658	86799	45362	42693	69774	26076	29548	60093	37591	
78375	0	77202	69018	23022	70015	111868	76349	84101	82076	109399	99973	95184	62363	71343	77044	70555	92025	102588	126681	42630	113649	27340	81903	131304	43227	92216	115734	131014	81417	134303	74597	77718	78523	98033	47522	119091	73017	80563	73593	128247	74776	26408	77645	112368	135849	67703	86224	75996	84559	61309	75257	96084	82277	75519	57997	99179	119671	41205	103954	139797	77738	82433	123072	64272	58297	83098	81203	61887	53618	113466	119607	48727	96313	137752	66538	128943	86714	54803	69808	134473	96195	40946	137051	61801	133858	18403	124894	118700	131264	69182	85472	71101	36887	67437	99156	139541	47073	108660	99575	105626	87487	116983	85768	46804	73189	42931	90068	123925	66489	83472	82426	101400	112665	93982	74028	66589	126736	130406	74173	78061	67379	91072	98305	120288	64578	113509	76101	80908	131944	123394	129858	86860	126152	68751	92482	86475	94060	95231	80876	137863	66141	88928	62031	126960	72456	85924	73727	80670	95283	100253	80509	
21361	77202	0	20372	82554	18598	41408	19569	27320	18508	50283	43184	38396	74488	21967	15929	52341	11690	40781	67566	94341	54533	61044	25122	72188	82353	30408	42321	71898	19609	75187	9217	21984	18119	15838	80526	38822	8775	10451	15914	69132	12146	56605	13445	38889	76733	47891	31055	4006	24158	24841	17155	39295	23677	21920	58478	42391	60555	38459	46819	80681	20509	20247	63956	50656	31865	40698	24422	33350	24910	54351	60491	42227	23977	78636	18542	69827	28793	66289	8113	75357	37079	85528	77935	19409	74742	67859	65778	59584	72148	49923	15360	18195	95949	22467	19295	80425	52866	35181	37767	30833	30706	57867	36743	45105	8495	75712	33829	64809	54722	13360	28919	43075	53549	32174	5818	27830	67620	71290	25095	6212	51529	27503	28721	61172	46404	54394	26453	6502	72828	64278	70743	16748	67036	22484	9137	7731	17099	13129	18690	78747	23740	32139	46352	67844	30056	23738	54468	3464	15422	41138	15808	
10419	69018	20372	0	74491	2630	94911	8819	16570	14791	92442	32443	27654	87081	3798	9488	77784	24061	35058	109724	86278	96692	37787	11309	114347	59096	24685	98777	114057	13886	117346	11331	8840	10992	30068	91130	79260	12118	10417	6037	111290	13749	48542	9081	54324	118892	73335	18693	24693	17029	7796	5054	28553	14747	6640	65115	31649	102714	30296	86997	122840	10207	38106	106115	66177	40736	66141	13672	16305	27504	96509	102650	24993	39413	120795	19838	111986	69757	79521	16270	117516	79238	62271	120094	14394	116901	46976	107937	101743	114307	75366	17507	7671	87886	5422	31191	73596	33250	50616	32044	50059	19957	77723	18237	48709	29983	67649	73111	106968	72477	14008	14880	84443	95708	26451	16539	10430	109779	113449	6628	15525	69284	23787	44157	103331	71848	96552	8555	11764	114987	106437	112901	17845	109195	3344	25074	18510	32995	29025	36549	72115	49184	21398	63936	110003	55500	41597	79911	24980	27319	83297	63552	
83363	23022	82554	74491	0	76959	118812	83294	91045	89021	116343	106917	102129	30944	78288	83989	48810	98970	109532	133626	22515	120593	57742	88847	138248	79051	99160	122679	137958	88361	141247	81542	84662	85467	104977	27407	126036	79961	87508	80538	135192	81721	26531	84589	119313	142794	56709	93168	82940	91504	68254	82201	103028	89222	82463	35915	106124	126615	48150	110899	146742	84682	89377	130016	43532	65241	90042	88147	68832	60563	120411	126552	55672	103258	144697	73483	135887	93659	32720	76752	141417	103139	82226	143995	68746	140802	33629	131839	125644	138208	52689	92416	78046	16772	74382	106100	146486	72827	115605	106519	112571	94431	123928	92712	53749	80134	24482	97013	130869	44407	90416	89370	108345	119609	100926	80973	73533	133680	137350	81118	85006	48137	98016	105249	127232	71523	120454	83045	87852	138888	130338	136803	93804	133097	75696	99427	93419	101004	102175	87820	144807	73085	95872	68975	133904	79401	92868	57234	87614	102228	107198	87453	
11971	70015	18598	2630	76959	0	57937	10627	18379	13461	93949	34251	29462	88588	5615	8158	65221	22731	36866	111231	87785	98199	39294	13305	115854	50631	26494	58850	115564	15695	118853	10001	11996	12801	28738	92636	52928	10503	9087	4707	112797	12134	50049	7751	52994	120399	60771	20502	23363	18837	7606	5883	30362	16555	8622	66622	33457	104221	31803	88504	124347	12016	36776	107622	63536	42242	53577	15481	16115	19126	98016	104157	26500	38083	122302	16659	113493	71264	81028	14940	119023	80745	53806	121601	13381	118408	48483	109444	103250	115814	62803	16177	6056	89393	5232	29861	75405	35631	49287	33853	51867	21765	79532	20046	50216	28653	69156	60548	108474	67601	12678	16698	85950	97215	28260	15209	10595	111286	114956	8445	14196	64408	22457	42827	104837	59284	98059	10372	10434	116494	107944	114408	16515	110702	5153	23744	17180	31665	27695	35219	73923	36620	23206	59232	111509	42936	40267	67348	23650	25989	84803	35165	
60363	111868	41408	94911	118812	57937	0	85910	83131	58023	28299	72769	76068	113117	98927	82270	90970	41763	75990	26293	130327	25939	97031	83480	30915	118339	70192	6675	30625	73504	33914	70826	88325	74758	34250	119155	11238	69246	76792	82255	27859	71005	92592	73874	14685	35461	86520	68727	51730	70245	88893	83496	76967	72407	88262	97107	80062	13293	74445	41872	39409	74153	22100	22683	89285	70494	51124	80835	89470	79451	11963	14656	80604	25566	37364	70081	24468	32100	104918	66037	32969	13877	121514	36662	73725	33469	103845	20644	17196	28615	88552	48961	74473	131936	79587	40361	17173	107224	14286	60386	36535	86671	10429	74415	92759	47436	111698	48600	23536	93351	79701	89916	38804	3626	67384	70257	94172	26347	30017	101757	50092	90158	63790	18115	16037	85033	6955	103684	77137	30440	20490	28355	52181	25764	96334	38918	45755	29825	32801	23657	18723	62369	69811	84981	26571	51785	18219	67411	39909	35578	8708	44596	
5735	76349	19569	8819	83294	10627	85910	0	8365	10858	68425	28700	23911	88980	5120	8803	66834	25674	31315	85707	94337	72675	45847	6168	88558	49562	20943	60463	88299	10144	91588	14114	2160	7250	31484	99189	75517	16537	11239	7983	87273	23115	56602	11741	77821	97122	62384	14951	24976	13286	15855	4300	24811	11005	3946	72970	27906	75633	38355	78029	97082	6465	38389	82098	65149	46358	55190	6209	19361	35563	72493	78633	33052	42119	99025	27897	87969	60789	87580	23029	93499	55221	52737	94336	22453	92884	55036	83920	77726	90290	64416	19141	17036	95946	13481	32607	69854	34562	53323	28302	46317	11752	73981	15374	56768	30266	75708	62161	82951	69214	13832	12604	75475	71691	22709	19507	12187	83990	89432	8385	18046	66021	19853	46863	79314	60897	77097	9588	14731	90970	82420	88884	15412	85178	8466	28789	20298	38503	30639	36832	68373	38233	17655	60845	85986	44549	41880	68961	25263	28735	59280	36778	
9082	84101	27320	16570	91045	18379	83131	8365	0	18095	75662	22555	18072	96217	11520	16041	74071	32912	25776	92945	101574	79912	53084	3497	89168	47034	22180	80427	88909	17381	92198	21351	6433	14487	38722	106426	76128	23774	18476	15220	92811	30352	63839	18978	78431	97733	69621	16497	32213	23950	23093	11537	18972	18242	9075	80207	23384	76243	45592	85266	97692	13702	45626	89335	72386	53595	62427	6660	21823	42800	79730	85870	40289	58538	99636	35134	95206	68026	94817	30266	100736	62458	50209	94946	29690	96938	62273	84546	84963	97527	71653	26378	24274	103183	20719	39845	70464	32034	79343	28912	46927	4165	74591	9296	64006	37503	82946	69398	90188	76451	21069	6250	82712	78928	24332	26744	16210	84600	101827	12965	25284	73258	27090	54100	79939	68134	77707	9089	21969	98207	84392	96122	22649	94716	14865	36027	27536	45740	37876	44069	68983	45470	19395	68082	93223	51786	49117	76198	32501	35972	66517	44015	
11671	82076	18508	14791	89021	13461	58023	10858	18095	0	66302	34515	29726	86857	12634	5714	64711	17323	32111	83584	106710	70552	49926	15790	88207	62771	21739	58340	87917	10939	91206	11024	12651	9449	23133	92895	47323	13447	7144	10819	85150	16680	68975	8652	47389	92752	60261	22385	22853	15488	19746	7822	30625	15008	12588	70847	33721	76574	50829	75906	96700	11839	36266	79975	63026	44234	53067	15089	28255	29595	70369	76510	37131	32478	94655	32270	85846	58666	78659	20906	91376	53098	65946	93954	23850	90761	80228	81797	75603	88167	62293	10790	13293	108319	17372	24256	70650	47771	43682	29098	39334	21374	74776	28074	57474	28143	88082	60038	80828	67091	5840	19586	73352	69568	23504	15249	22735	83639	87309	15762	13883	63898	9070	37222	77191	58774	70412	17120	10474	88847	80297	86761	7060	83055	17389	20692	16752	26258	22288	34709	69168	36110	23470	58722	83863	42426	39757	66838	23140	20384	57156	34655	
69238	109399	50283	92442	116343	93949	28299	68425	75662	66302	0	78551	100540	69495	94729	78073	47006	44522	81772	56167	79142	21102	92833	87266	60789	114142	75973	31010	60500	81753	63789	66629	84128	80263	43323	75533	34169	65048	72595	78058	57733	66808	88394	69677	34236	65335	39476	93199	39545	86302	84695	79299	101439	85821	84064	56256	104535	49156	70248	13573	69283	82653	22619	52558	48434	47212	32776	86566	85273	75254	33496	30212	76407	35726	52426	65884	39617	17198	61297	61840	38274	15128	117317	66536	69528	51109	99648	54380	32090	43764	41292	51719	70276	127738	75389	50302	69027	103026	30528	66168	45039	92850	37934	98887	54357	34887	107501	28304	53410	49729	75504	91063	10505	26710	73166	66060	89975	56222	47657	97559	46431	48051	89647	31834	49773	43495	34460	99487	72939	46719	52880	26100	54940	55638	92137	41677	48514	38330	41305	24059	67349	41385	94283	45049	44433	31427	24689	39111	41311	45520	19778	28186	
20567	99973	43184	32443	106917	34251	72769	28700	22555	34515	78551	0	6394	106398	31229	26281	84252	43267	6126	79390	117838	96388	69348	23304	78722	62129	9508	69981	78463	19560	81752	33354	25539	20814	49275	112436	65682	43656	28657	26891	82365	45415	80103	29219	67985	87287	79802	14228	42394	16301	39357	25364	3739	18464	31183	90388	1850	65798	61857	95448	87247	20209	55807	75780	82567	63776	72608	20658	47866	59064	77046	83187	56553	48092	89190	51811	81651	78207	98200	40447	93394	72639	65304	84500	45955	86493	78537	74100	80520	83972	81834	36714	33860	119447	36983	50398	60019	47130	68897	11787	36481	25884	64145	14239	80270	47684	99210	79579	76633	86633	31250	29740	92893	73959	6042	36925	38159	74155	91381	34357	35465	83439	15245	53112	69494	78315	67261	31391	32150	86952	73946	91678	32889	84270	35220	46208	37717	49615	52590	54250	58537	55651	17125	78263	79668	61967	56927	86379	42682	46525	81527	54196	
16084	95184	38396	27654	102129	29462	76068	23911	18072	29726	100540	6394	0	106200	25651	26083	84054	43069	9699	81988	112260	89895	63770	17136	81321	63066	14333	72579	81061	19362	84350	33156	19371	20616	49076	112238	68280	43458	28459	26693	84964	45217	74525	29020	70583	89885	79604	8649	42196	16103	33779	25166	2894	18265	22013	90190	8420	68396	56278	95249	89845	20011	55609	78378	82369	63578	72410	14490	42288	53486	79644	85785	50975	50690	91788	51613	84249	78009	98002	40249	95992	72441	66241	87098	40376	89091	72959	76698	83118	86570	81636	36516	33662	113869	31405	50199	62617	48066	71495	21065	39079	20327	66743	8071	74692	47486	93632	79381	79231	86434	31052	23572	92695	76558	8900	36727	32581	76753	93979	28779	35267	83241	37132	55710	72092	78117	69859	25222	31951	89550	76545	94276	32691	86868	29642	46009	37518	52213	50507	54052	61135	55453	11547	78065	82266	61769	59525	86181	42483	46327	84125	53998	
89793	62363	74488	87081	30944	88588	113117	88980	96217	86857	69495	106398	106200	0	89657	83898	24968	89882	108750	125903	9646	87936	69111	100216	130526	78404	98377	114956	130236	87578	133525	72454	96031	86088	95889	6038	118313	70873	78420	83883	127469	72633	40538	75502	111590	135071	32867	99024	71579	92127	79623	85124	107264	91646	93832	20354	110360	118892	59518	58076	139019	88478	81654	122294	24365	51053	40298	99516	80200	61484	112688	118829	67040	95535	136974	68444	128164	64293	16158	67665	133694	95417	81579	136272	72089	133079	57783	124116	117922	130485	28847	83329	76101	16833	85751	97012	138763	79256	107882	105736	104848	105800	116205	104712	44110	69606	26129	43520	123146	22371	81329	100739	59811	111887	100143	71885	84902	125958	129627	92487	75918	24295	95472	97527	119509	29864	112731	94414	78764	131166	122616	92934	84717	125374	87065	90895	84331	93281	94453	80098	137085	51234	100108	31156	126181	55368	85146	33392	78526	93140	99475	63250	
8541	71343	21967	3798	78288	5615	98927	5120	11520	12634	94729	31229	25651	89657	0	10524	70281	27395	33090	112443	88996	99410	40506	7729	90333	44490	22718	101496	90074	11919	93363	14518	5710	9025	33205	93848	77292	16143	14686	9224	114009	17774	51261	12268	79595	98897	65831	16726	28423	15061	10515	5372	26586	12780	3046	67834	29681	77408	33014	89716	98857	8240	41836	108833	68896	43454	58638	10413	14290	30222	99228	105369	27711	45566	100800	22556	114704	72476	82239	26476	120234	81956	47666	96110	17112	119619	49695	110656	104461	117025	67863	20862	11696	90605	8141	34328	71629	29491	80507	30077	48091	14827	75756	16270	51428	33713	70368	65608	109686	72662	17279	11121	87162	98426	24484	19726	8337	85765	116167	4536	18713	69468	21574	50310	106049	64344	78872	4796	14951	117706	109156	115620	17132	111914	4616	32237	21697	41951	32360	40280	70148	41680	19430	64292	112721	47996	45327	72408	28711	30456	86015	40225	
9617	77044	15929	9488	83989	8158	82270	8803	16041	5714	78073	26281	26083	83898	10524	0	55093	18223	29931	79587	92702	66554	44212	13631	84209	57056	19559	54342	83919	8760	87208	5310	10493	7270	24230	83278	48420	7733	4579	5105	81153	10966	54967	2938	48486	88754	50643	20206	18855	13309	14031	5663	28446	12828	10429	61229	31541	72576	36720	66289	92702	9660	32268	75977	53408	34617	43450	12931	22540	23881	66372	72512	31417	33575	90657	19575	81848	49048	69041	10128	87378	49100	60232	89956	18136	86763	53401	77799	71605	84169	52675	11669	7579	94311	11657	25353	68470	42057	44779	26918	44933	19215	72597	25894	55134	24145	74074	50420	76830	57474	8171	17428	63734	65570	21325	10701	17020	79641	83311	14968	9688	54280	14857	38319	73193	49156	66415	16895	5926	84849	76299	82764	10416	79057	11675	19236	12672	27157	23187	30711	66989	26492	21290	49104	79865	32808	35759	57220	19142	21481	53159	30657	
67647	70555	52341	77784	48810	65221	90970	66834	74071	64711	47006	84252	84054	24968	70281	55093	0	67907	86775	103928	34517	65507	54420	71116	108550	75728	76402	92981	108261	65603	111550	50479	67978	64113	73914	30908	96338	48898	56445	61908	105494	50658	49963	53527	89615	113096	10438	77049	49604	70152	60175	63149	85289	69671	67914	15122	88385	96917	37019	35647	117044	66503	59679	100319	7274	29078	18323	70416	65513	41938	90713	96854	52349	73560	114999	46469	106189	42318	16672	45690	111719	73442	78904	114297	50114	111104	61216	102141	95947	108510	6418	61354	54126	41704	59239	75037	116788	69505	85907	83761	82873	76700	94230	82737	24565	47631	28572	21091	101171	4806	59354	74913	37382	89912	78168	49910	70215	103983	107652	77800	53943	3327	73497	75552	97534	6970	90756	72447	56789	109191	100641	70505	62742	103399	72378	68920	62356	71306	72478	58123	115110	29259	78133	11610	104206	33393	63171	10963	56551	71165	77500	41275	
26488	92025	11690	24061	98970	22731	41763	25674	32912	17323	44522	43267	43069	89882	27395	18223	67907	0	45325	69936	112897	56903	58653	29667	74558	71498	34953	42032	74268	24154	77557	14990	26529	22664	4787	96466	29276	17850	14083	19546	71502	21626	75162	17077	29343	79103	63832	35600	14854	28703	28473	21699	43840	28222	26465	74418	46935	62925	57015	48404	83051	25054	20229	66326	66597	47805	56638	28966	36982	34654	56721	62862	45859	14432	81007	28285	72197	31163	82230	17809	77727	39449	74673	80305	29153	77112	86415	68149	61954	74518	65864	7727	21827	114506	26099	10926	41315	56498	25635	42416	21288	35251	48955	41288	75329	17943	94269	42954	67179	70662	13040	33463	45849	55919	36719	13274	31462	69990	73660	29409	8859	67469	22556	19176	63542	62345	45481	31336	12437	75198	66648	73113	10947	69407	26116	4386	5823	9166	5196	20850	39834	39681	36684	62293	70214	32312	23449	70409	9144	6143	43508	25123	
23788	102588	40781	35058	109532	36866	75990	31315	25776	32111	81772	6126	9699	108750	33090	29931	86775	45325	0	80304	117867	97303	69377	24219	79637	65171	10423	70896	79378	20475	82667	34269	26453	21729	50189	113351	66597	44571	29572	27806	83280	46330	80132	30133	68900	88201	80717	14096	43309	17216	39385	26279	4653	19378	31212	91303	5507	66712	61885	96362	88161	21124	56722	76695	83482	64690	73523	21573	47894	59093	77961	84101	56582	49007	90105	52726	82566	79122	99115	41362	94308	73554	68346	85415	45983	87407	78566	75015	81434	84887	82749	37628	34775	119475	37011	51312	60933	50172	69812	12701	37396	27410	65060	15154	80298	48599	99238	80494	77547	87547	32165	30655	93808	74874	6957	37839	38188	75069	92296	34386	36379	84354	16160	54026	70408	79230	68176	32305	33064	87867	74861	92593	33804	85185	35248	47122	38631	50529	53505	55165	59452	56566	16993	79178	80582	62882	57842	87294	43596	47440	82442	55110	
86521	126681	67566	109724	133626	111231	26293	85707	92945	83584	56167	79390	81988	125903	112443	79587	103928	69936	80304	0	144375	28687	111079	101358	15004	132388	88069	30065	7929	91381	16393	84874	102374	98509	63091	133203	33422	83294	90841	96304	3936	85054	106640	87922	36870	9896	100569	86605	65779	88122	102941	97544	94845	90285	102310	111155	97940	14053	88494	69974	21357	92030	54872	6128	103333	84542	93375	98712	103519	93500	17776	18936	94653	55495	10409	84130	10928	64850	118967	80085	20925	43197	135563	14339	87774	7179	117893	8769	13836	9538	102601	77966	88522	145984	93635	70071	35289	121272	36471	78264	64808	104549	17469	92293	106807	61485	125747	76990	2229	107399	93749	109308	66906	26996	85262	84305	108220	22483	3444	115805	72431	104206	107893	45075	13782	99082	20039	117732	91185	10944	11633	24994	81186	5683	110383	67923	74760	58098	61074	53315	33611	76418	87689	99029	7581	65833	44458	107146	67312	65288	32292	58644	
95150	42630	94341	86278	22515	87785	130327	94337	101574	106710	79142	117838	112260	9646	88996	92702	34517	112897	117867	144375	0	131231	68380	99485	148886	77673	109798	133316	148596	98999	151885	92179	95300	96105	115615	6009	136673	90599	98145	91175	145829	92358	39807	95227	129950	153431	42413	103806	93578	102141	78891	92839	113666	99859	93101	29276	116761	137253	58787	67622	157379	95320	100015	140654	33911	60599	49844	98785	79469	71200	131048	137189	66309	113895	155334	84120	146525	73839	23175	87390	152055	113777	80848	154633	79383	151440	57051	142476	136282	148846	38393	103054	88683	8065	85019	116738	157123	78524	126242	117157	123208	105069	134565	103350	45765	90771	25398	53066	141507	31917	101054	100008	69356	130247	111564	91610	84171	144318	147988	91756	95644	33840	108654	115887	137870	39410	131091	93683	98490	149526	140976	147440	104442	143734	86333	110064	104057	111642	112813	98458	155445	60780	106510	40702	144542	64913	103506	42938	98252	112865	117836	72796	
73488	113649	54533	96692	120593	98199	25939	72675	79912	70552	21102	96388	89895	87936	99410	66554	65507	56903	97303	28687	131231	0	97088	91521	41502	118396	80228	31479	37147	86008	42891	70883	88382	84517	47577	94034	38424	69303	76849	82312	32049	71062	92649	73931	38490	37475	57977	97454	51787	90556	88950	83553	105694	90076	88319	97164	108789	30044	74502	32074	45148	86907	32824	24963	89342	70551	51277	90820	89527	79508	18542	13941	80661	39981	33175	70138	22094	35699	79798	66094	19023	19382	121571	40837	73783	33297	103902	36688	16773	26241	59793	59685	74531	131993	79644	54556	38068	107281	34783	70422	49294	97104	35303	103142	92816	47494	111756	46804	27517	68230	79758	95317	29006	24326	77420	70314	94229	40137	29845	101814	58440	90215	93902	36088	32081	85090	31830	103741	77194	27467	38310	6848	62905	34061	96392	49643	56480	42584	45560	39324	43598	62427	98538	85038	25981	51842	28943	57612	53320	49774	19785	44653	
46660	27340	61044	37787	57742	39294	97031	45847	53084	49926	92833	69348	63770	69111	40506	44212	54420	58653	69377	111079	68380	97088	0	50210	115216	21858	60523	99647	114926	49724	118216	58510	46025	46830	81945	63609	103004	56929	46280	41900	112160	36993	19583	44944	96281	119762	51658	54531	48427	52866	29608	43564	64391	50584	43826	44391	67486	103583	24049	87867	123710	46045	66345	106985	48227	42209	67010	49510	25280	30526	97379	103520	14390	80226	121665	34837	112855	70627	45689	53721	118385	80108	25034	120963	30100	117770	9947	108807	102613	115176	53136	69385	39408	69937	32741	83068	123454	22710	92573	67882	89539	41311	100896	54075	30759	57102	33817	73981	107837	54527	49872	38472	85313	96578	62289	57941	34888	110649	114318	42481	51389	51333	59379	82218	104200	48533	97422	34696	47627	115857	107307	113771	54937	110065	37058	76395	70387	77972	79143	64789	121776	50053	57235	45985	110872	56369	69836	57681	64582	79196	84166	64421	
6884	81903	25122	11309	88847	13305	83480	6168	3497	15790	87266	23304	17136	100216	7729	13631	71116	29667	24219	101358	99485	91521	50210	0	89643	47094	22656	80902	89384	15246	92673	19215	4297	12352	36586	102978	76603	21639	16341	13085	93286	26904	60391	16843	78906	98208	67486	16972	30078	24426	21298	9402	19447	16107	5486	76963	23519	76719	42144	83131	98168	11567	43491	87200	70250	51459	60292	4525	17713	39352	77594	83735	36841	47221	100111	31686	93071	65891	91369	28131	98601	60323	50269	95421	26242	97414	58825	85021	82828	95392	69518	24243	20826	99735	17270	37709	70940	32095	79818	29388	47402	6922	75066	11109	60558	35368	79498	67263	88052	74316	18934	6318	80577	76793	24807	24608	14743	85076	94534	11498	23148	71123	24955	51965	80415	65999	78182	7621	19833	96072	84867	93986	20514	90280	16026	33891	25400	43605	35741	41934	69458	43335	19870	65947	91087	49651	46982	74063	30365	33837	64381	41879	
87180	131304	72188	114347	138248	115854	30915	88558	89168	88207	60789	78722	81321	130526	90333	84209	108550	74558	79637	15004	148886	41502	115216	89643	0	133935	74532	31613	11456	77844	14745	86422	88848	79098	55518	134750	29780	84841	92388	97851	10158	86601	108187	89469	32083	14689	102116	73068	67326	74585	104488	83648	81307	76748	88581	112702	84403	17831	90041	71521	20239	78493	56419	21232	104881	86090	94922	85175	105066	95047	29345	35486	96200	47199	16592	85677	27103	66397	120514	81633	37100	44744	137110	11902	89321	13895	119441	10811	27391	29424	104148	79513	90069	147531	95182	61629	21752	122819	32995	64726	52400	91012	21248	78756	108354	63032	127294	78538	22085	108946	95296	94257	68453	28543	71725	85853	109768	3678	18783	117352	73979	105753	66460	41599	12858	100629	23818	93114	92732	32405	12265	38549	82733	14280	111930	69470	76307	59646	62621	54863	20073	77965	74152	100577	25120	67381	46005	108693	68859	56846	33840	60192	
52722	43227	82353	59096	79051	50631	118339	49562	47034	62771	114142	62129	63066	78404	44490	57056	75728	71498	65171	132388	77673	118396	21858	47094	133935	0	67601	121184	136463	56801	139753	80047	50592	53908	103482	83030	124541	78466	67817	63437	133697	58530	39005	66481	117818	141299	73195	61608	69964	59944	51145	50254	65715	57662	45501	63812	61769	125120	45586	109404	145247	53122	87882	128522	69764	63746	88547	52157	36847	52063	118916	125057	35927	101763	143202	56374	134392	92164	65110	75258	139922	101645	4006	142500	51637	139307	25148	130344	124150	136713	74673	90922	52336	91474	47543	104605	144991	17620	114110	74960	111076	44577	122433	54201	52296	78639	53239	95518	129374	76064	71409	41739	106850	118115	69366	79478	41261	132186	135855	42696	72926	72870	66456	103755	125737	70070	118959	40713	69164	137394	128844	135308	62015	131602	48494	97932	91924	99509	100680	86326	143313	71590	64313	67522	132409	77906	91374	79218	86119	100733	105703	85958	
21756	92216	30408	24685	99160	26494	70192	20943	22180	21739	75973	9508	14333	98377	22718	19559	76402	34953	10423	88069	109798	80228	60523	22656	74532	67601	0	64882	73364	14461	76653	28255	25465	15715	44175	107337	60583	38557	23558	21792	77266	40316	74118	24120	62886	82188	74703	7241	37295	5486	33371	20265	9674	13364	25198	85289	11718	60698	55871	90348	82147	15110	50708	70681	77468	58677	67509	20928	41881	53079	71947	78087	50568	42993	84091	46712	76552	73108	93101	35348	88294	67540	72600	79401	39969	81394	72552	69001	75420	78873	76735	31615	28761	113462	30997	22443	54919	54425	63798	10457	31382	26765	59046	14509	74285	42585	93225	74480	71534	81533	26151	30010	87794	68860	4226	31826	32174	69055	86282	28372	30366	78340	9407	48012	64394	73216	62162	29730	27050	81853	68847	86579	27790	79171	29234	41108	32617	44515	47491	49151	53438	50552	9905	73164	74569	56868	51828	81280	37582	41426	76428	49097	
78438	115734	42321	98777	122679	58850	6675	60463	80427	58340	31010	69981	72579	114956	101496	54342	92981	42032	70896	30065	133316	31479	99647	80902	31613	121184	64882	0	27013	73285	36783	73695	84289	74539	31867	122024	6295	72114	50621	56084	30728	73874	95461	76743	9743	38330	89389	68508	39730	70026	91761	57325	76748	72188	84022	99976	79843	14544	77314	44423	42278	73934	22453	25552	92154	73363	53674	80615	92339	82320	14832	20972	83473	23548	40233	72950	27337	34650	107787	68906	35838	17050	124383	39531	76594	36338	106714	21894	20065	31484	91421	43725	77342	134804	82455	37977	16995	110092	9344	60167	33554	86452	11680	74196	95627	50305	114567	51150	26405	96220	49038	89697	41354	9475	67165	73126	97041	29216	32886	104626	45394	93026	58555	17948	17287	87902	8206	106553	46672	33309	21740	31223	46946	28633	99203	34943	42358	27615	30498	24011	15514	65238	69592	87850	29440	54654	18573	69961	40262	33195	12216	47465	
86921	131014	71898	114057	137958	115564	30625	88299	88909	87917	60500	78463	81061	130236	90074	83919	108261	74268	79378	7929	148596	37147	114926	89384	11456	136463	73364	27013	0	78892	6564	88153	89895	80145	56566	136481	30827	86572	94119	99582	4205	88332	109918	91200	33131	9392	103847	74115	69057	75632	106219	84695	82355	77795	89628	114433	85450	13517	91772	73252	12058	79540	58150	15352	106612	87820	96653	86222	106797	96778	25949	27110	97931	48246	11295	87408	19101	68128	122245	83363	29098	46475	138841	6606	91052	7757	121171	4831	22009	19202	105879	81244	91800	149262	96913	62676	22799	124550	34042	65774	53447	92059	17104	79803	110085	64763	129025	80269	12387	110677	97027	95304	70184	30274	72772	87584	111499	9988	13487	92802	75710	107484	67507	42646	9456	102360	19925	94161	94463	18310	7476	33167	84464	6109	113661	71201	78038	52313	55197	56594	21121	79696	75199	102308	15754	69112	47736	110424	70590	57893	35571	61923	
10957	81417	19609	13886	88361	15695	73504	10144	17381	10939	81753	19560	19362	87578	11919	8760	65603	24154	20475	91381	98999	86008	49724	15246	77844	56801	14461	73285	78892	0	81470	16011	13221	3480	31931	95093	65400	26313	11314	9548	82083	28072	61874	11876	67703	87005	62459	11472	25051	4575	21127	8021	19712	5063	12954	73045	22808	65515	43627	78104	86964	5574	38464	75498	65224	46433	55265	23580	29636	40835	72568	78708	38324	47810	88908	34468	81369	60864	80857	23104	93574	55296	60356	84218	27725	86211	60308	73818	77801	83690	64491	19371	16517	101218	18753	33054	59736	42181	68615	18185	36199	21943	63863	17160	62041	30341	80981	62236	76351	69289	13907	19952	75550	73677	12591	19582	19930	73872	91099	16128	18122	66096	19987	52830	69211	60972	66979	17486	14806	86670	73664	88959	15546	83988	16990	28864	20373	38578	33362	36907	58255	38308	12556	60920	79386	44624	41955	69036	25338	29182	59355	36853	
90210	134303	75187	117346	141247	118853	33914	91588	92198	91206	63789	81752	84350	133525	93363	87208	111550	77557	82667	16393	151885	42891	118216	92673	14745	139753	76653	36783	6564	81470	0	91752	93495	83745	60165	140081	34427	90172	97718	103181	10462	91931	113518	94800	36730	10844	107446	77714	72656	79232	109819	88295	85954	81394	93228	118033	89050	19358	95371	76852	6541	83140	61750	20954	110211	91420	100253	89822	110396	100377	34675	32711	101530	51846	15615	91007	24703	71728	125845	86963	29588	50075	142440	7279	94652	14200	124771	10672	27610	24804	109478	84843	95400	152862	100513	66276	26399	128150	37642	69373	57047	95658	22946	83402	113685	68363	132625	83868	17988	114277	100627	98903	73784	33874	76371	91183	115098	13587	19088	96402	79309	111084	71107	46246	15297	105960	25766	97760	98063	21148	13317	38769	88064	13251	117261	74801	81638	55913	58796	60193	24720	83296	78798	105907	21356	72711	51335	114023	74189	61493	39170	65522	
14927	74597	9217	11331	81542	10001	70826	14114	21351	11024	66629	33354	33156	72454	14518	5310	50479	14990	34269	84874	92179	70883	58510	19215	86422	80047	28255	73695	88153	16011	91752	0	15704	12481	21686	78764	45875	3220	7077	7204	86068	6453	54844	3844	45942	93670	46130	25417	13247	18520	12238	10875	33657	18040	20068	56716	36753	77491	36697	61775	97618	14871	40253	80893	48894	30103	38936	18142	23189	23347	71287	77428	33517	31030	95573	16978	86763	44535	64528	5614	92293	54016	60880	94871	15748	91678	66097	82715	76521	89084	48162	9125	5783	94188	11302	22809	97362	42706	42234	32130	37887	24426	74804	31106	43343	17735	73951	45907	81745	52960	9189	25320	59221	70486	26536	5962	17669	84557	88226	17067	6314	49767	20069	35775	78108	44643	71330	18994	3639	89765	81215	87679	11573	83973	13774	16692	10128	24613	20643	38697	95684	21979	26502	44591	84780	28295	43745	52707	12684	18936	58074	31581	
6065	77718	21984	8840	84662	11996	88325	2160	6433	12651	84128	25539	19371	96031	5710	10493	67978	26529	26453	102374	95300	88382	46025	4297	88848	50592	25465	84289	89895	13221	93495	15704	0	9150	33384	101259	77417	18436	13138	9883	89173	25185	58672	13641	79720	99022	64283	16851	26876	15186	17926	6200	21777	12904	5600	75245	25849	77532	40425	79929	98982	8364	40288	83997	67048	48257	57090	4025	20078	37633	74392	80533	35122	44019	100925	29967	89868	62689	89650	24929	95398	57121	53454	96235	24523	94783	57106	85820	79625	92189	66315	21041	19107	98016	15552	34507	71754	35279	55222	30202	48216	9817	75880	13439	58839	32165	77779	64060	84850	71114	15731	9450	77375	73591	24608	21406	13841	85889	91331	10039	19946	67921	21753	48763	81213	62797	78996	9986	16631	92870	84320	90784	17311	87078	10120	30689	22198	40403	32539	38732	70272	40133	19555	62744	87885	46449	43780	70860	27163	30634	61179	38677	
8063	78523	18119	10992	85467	12801	74758	7250	14487	9449	80263	20814	20616	86088	9025	7270	64113	22664	21729	98509	96105	84517	46830	12352	79098	53908	15715	74539	80145	3480	83745	12481	9150	0	28642	91804	68202	23024	8025	6396	84886	24783	58058	8587	70506	89807	59170	14275	21762	7378	17312	4205	22515	7473	9138	69756	25610	68318	39811	74815	89767	4305	35175	78884	61935	43144	51976	11843	25821	37019	69279	75419	34508	38905	91710	31179	84755	57575	77568	19815	90285	52007	56540	87021	23909	89013	56492	76621	74512	87076	61202	16082	18493	97402	14938	29766	62539	38365	71418	20987	39002	18127	66666	19963	58225	27052	77165	58947	79737	66000	10618	16136	72261	68477	15394	16293	16114	76675	86218	12312	14833	62807	16698	43649	72014	57683	69782	13670	11517	87756	76467	85670	12257	86790	13175	25575	17084	35289	30073	33618	61058	35019	15359	57631	82772	41335	38666	65747	22049	25893	56066	33564	
32297	98033	15838	30068	104977	28738	34250	31484	38722	23133	43323	49275	49076	95889	33205	24230	73914	4787	50189	63091	115615	47577	81945	36586	55518	103482	44175	31867	56566	31931	60165	21686	33384	28642	0	103030	26374	24413	20646	26109	74114	28190	77774	23640	26441	65681	70395	47855	19556	35266	35036	28263	56095	34785	33028	80982	59190	41923	59628	51016	65640	31617	22841	68939	73160	54369	63202	35530	43545	39758	59333	49098	52422	11529	67584	33389	74809	33776	88793	26391	80339	30122	81236	62894	35717	79724	89027	50907	64567	77130	72427	13997	28390	117118	32662	8249	38412	63062	22733	39514	18385	41814	38141	53543	77941	20555	96881	45566	69791	77226	19310	40027	48462	35400	46512	21855	38025	52548	76272	35973	13414	74033	28826	16273	46301	68908	37219	37900	19001	77811	69261	54425	17217	72019	32680	8436	10378	7827	3421	23462	36931	46244	48939	68856	72826	34924	21633	76972	14248	3466	32759	27735	
100002	47522	80526	91130	27407	92636	119155	99189	106426	92895	75533	112436	112238	6038	93848	83278	30908	96466	113351	133203	6009	94034	63609	102978	134750	83030	107337	122024	136481	95093	140081	78764	101259	91804	103030	0	124344	76905	84451	89914	133500	78664	44732	81533	117621	141102	38898	105055	77611	98158	83817	91155	113295	104785	98026	26386	116391	124924	63712	64107	145050	100245	87685	128325	30396	57084	46329	103710	84394	76126	118719	124860	71234	101566	143005	74476	134196	70324	22189	73696	139726	101448	85773	142304	84309	139111	61977	130147	123953	136517	34878	89360	82132	12739	89945	103044	144794	83450	113913	111768	110879	109994	122236	108275	50141	75637	30323	49551	129178	28402	87360	104933	65842	117918	106174	77916	89096	131989	135659	96681	81949	30326	101503	103558	125540	35895	118762	98608	84796	137197	128647	98965	90748	131405	91259	96927	90363	99313	100484	86129	143116	57265	106140	37187	132212	61399	91177	39423	84558	99171	105506	69281	
74139	119091	38822	79260	126036	52928	11238	75517	76128	47323	34169	65682	68280	118313	77292	48420	96338	29276	66597	33422	136673	38424	103004	76603	29780	124541	60583	6295	30827	65400	34427	45875	77417	68202	26374	124344	0	74754	46396	51859	35207	76513	98100	79382	5764	40128	92029	64373	37792	65891	94401	74954	72613	68053	79886	102615	75708	15549	79954	49169	40088	69798	27200	28192	94793	76002	84835	76480	94979	84960	17471	23612	86113	19569	42031	75590	29977	39396	110427	71545	38477	21797	127023	37342	79234	39334	109353	24533	22704	34123	94061	39747	79982	137444	85686	33999	12860	112732	5365	56032	29575	82317	11767	70061	98267	52945	117207	68450	29044	98859	45060	85562	46101	14180	63030	75765	99680	26996	35526	83061	41416	95666	54576	13969	19927	90542	10845	84419	44751	35949	24380	33863	42967	31272	83923	30965	38380	23636	26520	28757	11379	67878	65457	90489	32079	57293	23319	98606	36477	29216	19476	50104	
17350	73017	8775	12118	79961	10503	69246	16537	23774	13447	65048	43656	43458	70873	16143	7733	48898	17850	44571	83294	90599	69303	56929	21639	84841	78466	38557	72114	86572	26313	90172	3220	18436	23024	24413	76905	74754	0	9116	9621	84482	5023	53258	6262	68603	92084	44544	27835	14106	20938	10606	13292	36075	20457	20571	55130	39170	75905	35111	60189	96032	17289	38667	79306	47308	28517	37350	20559	20817	19862	69701	75842	27289	33884	93987	15392	85177	42949	62942	4028	90707	52429	59256	93285	14116	90092	64511	81129	74934	87498	46576	11979	4447	92601	9671	25662	95776	41081	64895	34547	40740	26844	73218	33523	41757	18595	72364	44320	80159	51374	12043	28612	57635	68900	28954	8078	16045	82970	86640	19226	9168	48181	22486	38628	76522	43057	69744	23253	6493	88179	79629	86093	14427	82387	14207	18512	12981	27467	23497	37111	94097	20393	28919	43004	83194	26709	42158	51120	12838	21790	56488	29995	
12052	80563	10451	10417	87508	9087	76792	11239	18476	7144	72595	28657	28459	78420	14686	4579	56445	14083	29572	90841	98145	76849	46280	16341	92388	67817	23558	50621	94119	11314	97718	7077	13138	8025	20646	84451	46396	9116	0	6428	77658	11987	61483	3959	44992	85260	52769	21801	15361	14904	15354	7901	30041	14423	12666	63355	33137	69081	43336	68414	89208	11255	28773	72483	55533	36742	45575	15168	23863	25010	62877	69018	32740	30080	87163	24778	78353	51174	71167	13414	83883	45606	61554	86461	19265	83268	72736	74305	68111	80674	54801	8175	8708	100826	12980	21859	70065	43380	41284	28513	46528	21452	66394	27489	49982	20651	80589	52545	73335	59599	4449	19665	65860	62076	22920	8386	18343	76147	79816	16291	6926	56406	16136	34825	69698	51282	62920	18218	3611	81355	72805	79269	8778	75563	12998	15742	9178	23663	19693	27217	68584	28618	22885	51229	76370	34934	32265	59345	15648	17986	49664	27162	
8796	73593	15914	6037	80538	4707	82255	7983	15220	10819	78058	26891	26693	83883	9224	5105	61908	19546	27806	96304	91175	82312	41900	13085	97851	63437	21792	56084	99582	9548	103181	7204	9883	6396	26109	89914	51859	9621	6428	0	83007	14482	52062	5097	50341	90609	58117	19867	20709	12970	11126	4620	28107	11867	9311	68704	31203	74430	33815	73763	94557	8699	34122	77831	60882	42091	50924	13224	19635	23313	68226	74367	28512	35429	92512	19007	83702	56523	83040	12287	89232	50954	57326	91810	17568	88617	50496	79654	73459	86023	60149	13524	6363	91405	8752	27208	68131	39152	46633	26579	44594	19509	72258	17790	52228	25999	71168	57894	78684	64948	10025	16310	71209	67424	20986	12556	14115	81495	85165	12062	11542	61755	19803	40173	75047	56630	68269	13989	7780	86704	78154	84618	13861	80912	8770	21091	14527	29012	25042	32566	66650	33967	20951	56578	81719	40282	37614	64694	20997	23335	55013	32511	
88087	128247	69132	111290	135192	112797	27859	87273	92811	85150	57733	82365	84964	127469	114009	81153	105494	71502	83280	3936	145829	32049	112160	93286	10158	133697	77266	30728	4205	82083	10462	86068	89173	84886	74114	133500	35207	84482	77658	83007	0	86504	108091	89373	37260	6245	102019	78244	67229	79761	104392	88824	86484	81924	93757	112606	89579	15503	89944	71425	13339	83669	56323	11839	104784	85993	94826	90351	104969	94950	22436	23597	96103	52375	7422	85580	15588	66301	120417	81536	22877	44648	137013	4583	89224	3699	119344	9217	18496	12262	104051	79416	89972	147435	95086	66805	26928	122722	38172	69903	57576	96188	18920	83932	108257	62935	127197	78441	6615	108850	95200	99433	68357	28447	76901	85756	109671	14117	5130	117256	73882	105657	71637	46776	13842	100532	21490	98290	92636	14436	8693	29654	82636	4789	111833	69374	76211	59549	62524	54766	25250	77868	79328	100480	12241	67284	45908	108596	68762	62023	33743	60095	
23928	74776	12146	13749	81721	12134	71005	23115	30352	16680	66808	45415	45217	72633	17774	10966	50658	21626	46330	85054	92358	71062	36993	26904	86601	58530	40316	73874	88332	28072	91931	6453	25185	24783	28190	78664	76513	5023	11987	14482	86504	0	54995	10221	70340	93821	46281	32429	13384	30524	9809	21462	45661	28483	21724	56867	48756	77643	26336	61926	97769	23943	40404	81044	49046	30254	39087	27408	19610	15108	71438	77579	24730	54285	95724	7744	86915	44686	64679	5443	92445	54167	58736	95023	9535	91830	46713	82866	76672	89236	48313	21725	8899	94339	9151	35409	97513	40561	66632	44133	62148	33692	74955	31973	32900	17872	74102	46058	81896	53111	19725	28092	59372	70637	38540	9816	15525	84708	88378	15296	13849	49918	26445	56277	78259	44794	71481	22733	10452	89916	81366	87830	23113	84124	14014	21172	22728	29133	25163	38848	95835	22130	38505	44742	84931	28446	43896	52858	15498	31536	58225	31733	
