//--------------------------------------------------------------------------------------------------------------------
//-- données sur le Pas de Calais récupérés par le géocodeur (matrice symétrique)
//-- 
//-- C. Duhamel, P. Lacomme C. Prodhon - juillet 2009 : 42216 kg à collecter, flotte de capa 60500
//--------------------------------------------------------------------------------------------------------------------
224 5 999999 0 0 0
5  100 100 2.5
10 500 80 5.2
10 1000 180 6.2
10 1500 120 9.2
10 3000 120 9.2
0   // la ville qui represente le depot
0	19076	26986	48241	8208	27399	124822	93124	6705	25461	21497	23793	14611	88315	69745	16085	12938	27559	53393	27332	88262	55300	23548	14937	16627	104581	49163	14756	20252	71191	90867	21040	25574	28157	29128	31237	64079	107739	47193	8918	31972	88096	20334	38912	10641	30308	42868	99580	24348	33664	24905	128006	68457	30902	26392	30811	116395	105923	34903	100174	36464	33219	31121	91923	20858	22511	124272	96045	21048	35748	26807	24445	17827	38868	60309	10956	81218	115076	68416	24608	28867	99692	36430	22712	104690	23891	23183	43646	21818	27409	105105	43217	54077	8580	33382	24356	37043	13091	92110	43898	94595	17772	25854	70979	108694	26596	62452	33500	57265	11052	53887	107657	61991	27095	17727	22962	43563	110487	99051	30549	26267	18475	25742	41864	110710	95378	39213	12244	102080	33106	39926	90128	8744	37746	26651	23691	97167	70425	19001	35525	69286	13837	64859	100680	57144	57915	26183	12198	120422	13929	18642	89961	29088	30369	29595	84814	121834	124712	7880	15280	42108	89789	34559	17234	25068	42365	49002	112937	108445	28656	28043	55374	86853	15188	100310	33800	103099	28200	32570	26661	64641	20179	16607	87927	20200	50491	11458	115004	93793	87721	17881	110539	71917	113793	14042	75225	34923	48899	12567	90326	14334	101610	107486	4748	68678	19339	82019	53644	26285	30791	16839	19687	86659	109379	11836	31184	29646	66647	71453	128822	126297	25687	116558	70822	83044	
19076	0	2567	59035	20211	46689	135616	103918	18708	26328	43314	39071	13171	99109	80538	2547	21454	52623	60773	40355	99056	53033	18886	17742	10457	115374	22592	33411	4919	78570	98246	38544	42234	18789	42150	22623	74873	118533	44223	28167	22604	98890	42604	17743	22644	51622	53662	110374	44341	49396	44897	138800	75836	37106	53306	41605	127189	116717	25535	110967	28598	32111	15126	99303	45752	4821	135066	106839	36907	32751	39830	27239	7373	30335	71103	19752	92012	125870	79210	40725	39950	107071	33433	13344	115484	45661	11224	72958	36104	33303	115899	36404	65564	15763	44175	38852	27675	29278	99489	54692	105389	41309	38877	81773	119488	34570	73246	26094	30677	30377	61266	118451	72785	42662	33587	35985	54357	121281	109845	46666	40397	41700	45419	54887	121504	102757	36216	26028	112874	49223	35664	100922	30030	48540	42768	24557	107961	81219	32024	48548	80080	33830	75653	111474	64523	65294	46588	14092	131216	31249	18373	97340	43286	46100	32843	92193	132628	135506	12268	30624	52902	100583	26693	38004	23614	38104	46033	123730	119239	57304	41104	66168	94232	31048	111104	49917	113893	7021	56334	17293	75435	20914	41701	98721	42605	77885	27487	125798	104587	95100	6828	121333	82711	124586	6352	86019	42302	59693	6633	101120	22040	112404	118280	15443	79472	8206	92813	22116	27105	41585	37007	37617	94038	120173	13821	44207	20278	77441	82247	139616	137091	38710	127352	81616	93838	
26986	2567	0	63475	27895	51129	140055	108357	26392	30767	47754	43511	14594	103548	84978	5132	22876	57062	62195	44794	103495	54456	20308	22181	14897	119814	22292	35505	4618	79992	99668	42984	46674	23228	46590	39124	79313	122972	43215	32606	27044	103329	47044	14545	30328	56061	58102	114814	42097	53835	42653	143239	77259	41744	57746	46045	131629	121157	29975	115407	33237	36750	14826	100725	50192	6243	139506	111279	38330	37390	44269	31878	8795	30034	75543	24192	96452	130310	83650	45165	44589	108494	38072	14800	119924	50101	10923	77597	40543	37942	120339	37827	66987	20203	48615	43292	31790	33717	100912	59132	109829	45749	43317	86213	123927	39208	77686	30733	30376	31800	62689	122891	77225	47102	35010	40425	58796	125721	114285	51105	44836	46140	49859	59327	125944	104179	40855	30468	117313	53662	40303	105361	34470	52980	47208	28997	112401	85658	36463	52988	84520	38269	80092	115914	65946	66717	51028	15514	135655	35689	22813	98762	47924	50540	37482	93615	137068	139946	19951	35063	57342	105022	31331	42444	28053	42743	33339	128170	123679	61744	45743	70608	95654	32471	115543	54357	118333	7754	60773	18066	79875	34439	46141	103161	47045	82524	31926	130238	109027	96522	11349	125773	87151	129026	10791	90459	43724	64133	11128	105560	26480	116844	122720	23126	83911	7905	97252	20403	31545	46025	41446	42057	95460	124613	18261	48647	24718	81880	86687	144056	141531	43149	131792	86056	98278	
48241	59035	63475	0	40821	19016	82848	47724	44167	52167	34127	23847	57460	42915	16118	58162	53239	18132	46333	39572	41828	61017	63848	54647	58000	52674	84989	33996	60613	53221	72746	29357	33047	63677	55834	57943	14657	67981	83019	41850	67493	42696	24700	75650	43166	17131	12857	57606	23792	24504	24412	65063	57587	57608	18815	20447	58648	63949	70423	58200	63171	59925	75058	68674	36565	61548	84514	44819	25582	62455	53513	66705	60675	74695	10660	46770	30561	75318	23854	31537	55574	68479	63137	66489	64932	36474	67510	48603	26916	54115	63131	48934	33176	56959	20081	29665	73229	42961	73782	10111	49195	32122	52560	22300	51954	53303	14852	60206	93091	43328	50738	55232	12450	24107	29214	49669	6749	70729	59293	37478	23070	32513	22201	39370	70952	99125	65920	47033	60106	30019	66632	44485	43713	12968	29428	50397	44968	17657	45707	42580	29528	34631	8050	58706	51807	53176	22181	58470	78448	37867	55566	71214	55794	20894	56301	55583	82076	84954	54585	33020	8450	42326	61265	35988	51774	69071	84828	73178	66471	22814	54749	6809	68731	32559	60552	40729	63341	71048	15647	66344	5797	59518	32514	33971	33417	36995	41170	75246	47359	64334	56342	70781	20446	74034	54403	20739	34252	12085	54307	41177	52804	48575	65512	45827	20272	59700	36376	89470	52991	23776	50690	28430	68331	47875	55017	40184	65167	8741	23563	73812	84323	52393	74584	19769	37187	
8208	20211	27895	40821	0	28578	117504	85807	4256	18144	11911	20960	15779	80998	62427	17253	15690	34511	56145	20014	80944	58051	26299	20623	25387	97263	52376	10748	21420	73942	93618	20433	24123	31064	21810	23920	56762	100421	50406	3572	34880	80778	19942	40079	3324	33511	35551	92263	21677	31284	22233	120689	71208	23585	23720	23494	109078	98606	40179	92856	29147	25902	42445	133375	13498	23679	116955	88728	18406	28431	19490	32682	18994	42082	52992	9290	73901	107759	61099	22614	21550	129325	29113	23879	97373	16531	34897	36329	17993	20092	97788	45968	51405	6914	26064	20741	42618	5774	94861	36581	87278	14316	18537	63662	101376	19279	55135	26183	60478	6981	56638	100340	54674	24551	14336	15645	36246	103170	91734	28555	22286	10288	27308	34547	103393	131566	31896	13010	94763	31111	32609	82810	9690	30429	24657	16374	89850	63107	11684	28208	61969	11166	57541	93363	59895	60666	23511	13366	113105	6611	21543	92712	21771	27989	22278	96863	114517	117395	9048	7601	34791	82471	27242	9874	17751	35048	52216	105619	101128	25985	20726	48057	89604	14869	92992	32589	95782	29367	38222	33731	57324	25495	13916	80610	11825	43174	4464	107687	86476	90472	23729	103222	64600	106475	15209	67908	33133	41582	13734	83009	18780	94293	100169	5916	61361	20506	74701	56857	18968	23474	9522	12159	89410	102062	10170	23867	32554	59329	64136	121505	118980	18369	109241	63505	75727	
27399	46689	51129	19016	28578	0	98433	66735	31715	39714	17714	9349	45007	61926	43356	45709	28563	4503	40775	23159	61873	51620	37066	42194	45547	78192	72536	13506	48160	61410	83850	12429	16119	51224	43381	45490	37690	81350	70566	22597	55040	61707	7311	63197	30714	3749	9638	73191	7008	17018	9914	101617	61440	45155	6318	5948	90006	79534	57970	73785	50718	47472	62605	114303	20151	49096	97883	69656	10999	50002	26786	54252	48222	62242	33920	34317	54829	88687	42027	14610	43121	110253	50684	54036	78301	19546	55057	31777	12443	41662	78716	39537	39086	44506	8112	10330	60776	30508	85093	12481	68206	10287	24547	44590	82305	40850	36063	47753	80638	16142	44327	81268	35602	12165	12502	37216	14402	84098	72662	20551	8797	17332	3344	28579	84321	112494	53467	34580	75691	20352	54179	63739	31260	5414	15577	37944	70778	44036	33254	25652	42897	14125	25326	74291	45551	46919	4792	32597	94033	21880	43114	82944	43341	13722	43848	77792	95445	98323	42132	16872	12947	63400	48812	20001	39322	56619	72376	86548	82056	13665	42296	26213	79836	15846	73921	23802	76710	58595	12018	53891	25201	47065	12024	61538	17430	33183	18954	88615	67404	112116	43889	84150	45528	87404	41950	48836	24855	14897	41854	63937	40351	75221	81097	33374	42289	47247	55630	77017	40538	9278	22085	14124	79642	82990	42564	23771	52714	28145	45064	102433	99908	39940	90169	44433	56655	
124822	135616	140055	82848	117504	98433	0	25253	121049	129048	111008	106765	134341	38000	75126	135044	130120	96731	94317	116454	45891	105501	140730	131528	134881	20679	161871	110877	137494	63082	63603	106238	109928	140558	132715	134825	76747	12591	159900	118731	144374	28163	110298	152531	120048	95730	97770	28851	102391	106722	103011	37955	71298	134489	97415	101960	26345	26991	147305	31552	140052	136807	151939	50641	113446	138430	34222	30811	104181	139336	130394	143587	137556	151576	72976	123651	55516	18504	64767	108419	132455	46591	140018	143370	12105	113355	144391	121945	103797	130996	21608	106434	63463	133840	101594	106546	150110	119842	63888	98801	21670	109003	129442	67330	24813	130184	75119	137088	169972	120209	83802	24909	74659	110356	107813	126550	98465	20437	21162	114359	108091	109394	102739	122387	14859	48832	142801	123914	33459	116916	143513	30968	120594	92649	110462	127278	31955	68140	122588	119461	50189	111512	77526	33635	83131	81002	100847	135351	8749	114748	132448	54239	132675	105504	133182	51786	31783	34661	131466	109902	97011	42679	138146	112870	128656	145953	161710	15719	41400	101413	131630	79579	58912	115216	18277	117611	11844	147929	100442	143225	77309	136399	109395	56418	110299	121008	118051	24953	47276	48455	133223	20489	67881	23742	131284	71189	112851	103801	131188	53710	129685	31143	23690	122708	64641	136581	51239	166351	129873	109279	127571	105311	58437	42334	131899	117066	142048	77750	54271	5266	9244	129274	11957	66786	51535	
93124	103918	108357	47724	85807	66735	25253	0	88887	96887	78847	74603	102179	9907	37382	102882	97959	64569	75437	84292	16428	124318	108568	99366	102720	39497	129709	78716	105333	81900	82421	74076	77767	108397	100553	102663	36564	33590	127739	86570	112212	6339	78136	120370	87886	63569	65609	13096	70229	74561	70850	56773	90116	102328	65253	69799	45162	16830	115143	7889	107890	104645	119778	69459	81285	106268	53039	30703	72019	107174	98233	111425	105395	119414	40815	91490	22767	43843	32605	76257	100293	65409	107856	111209	14216	81194	112230	104468	71636	98835	11426	95372	62280	101679	69433	74385	117948	87681	82706	66639	4900	76841	97280	35168	7659	98022	42958	104926	137810	88047	79842	43727	42497	78194	75652	94388	66304	39255	28750	82198	75929	77232	70577	90226	37135	67650	110639	91753	4641	84755	111352	10277	88433	60487	78300	95117	34546	33623	90427	87300	33475	79351	45365	12921	80911	99820	68686	103190	20735	82587	100286	73056	100514	73342	101021	70604	50601	53479	99304	77740	64849	12380	105985	80708	96494	113791	129548	41704	19761	69251	99469	41835	77730	83054	16556	85449	17439	115768	68281	111064	45147	104238	77233	23670	78137	103531	85890	43771	29798	67273	101062	39307	30137	42560	99122	34379	80689	71640	99027	22494	97524	36773	19311	90546	32480	104420	18177	134190	97711	77117	95410	73149	77255	16798	99737	84904	109886	40006	37376	30587	28062	97113	18522	34624	15714	
6705	18708	26392	44167	4256	31715	121049	88887	0	17190	15311	24360	14290	84398	65827	15765	18264	37911	59609	19060	84344	61516	27986	9739	13787	100663	46809	14147	19931	77407	97083	23833	27523	27836	20856	17752	60162	103821	44838	7530	31651	84178	23341	38591	6724	36911	38951	95663	25077	34684	25633	124089	74673	22631	27120	26894	112478	102006	34010	96256	22979	19734	30800	98139	16898	22191	120355	92128	21806	22263	18535	18500	17506	36514	56392	5759	77301	111159	64499	26014	20596	132725	22945	22391	100773	19931	22862	35375	21392	13924	101188	49433	54805	3383	29464	24141	36450	7340	98326	39981	90678	17716	17583	67062	104776	18325	58535	20015	54910	10381	60103	103740	58074	27951	17736	14691	39646	106570	95134	31955	25686	13688	30708	33593	106793	134966	25728	7046	98163	34511	26440	86210	3547	33829	28057	15420	93250	66507	7989	27254	65369	14566	60941	96763	63360	64131	26911	11877	116505	10011	13445	96177	20817	31389	16109	91030	117917	120795	7559	11001	38191	85871	21074	13274	11583	28880	46648	109019	104528	29385	19772	51457	93069	18269	96392	31635	99182	27879	41622	26340	60724	14981	17316	84010	15225	42220	7864	111087	89876	93937	17560	106622	68000	109875	13721	71308	36533	44982	12246	86409	9137	97693	103569	4427	64761	19018	78101	51289	18014	26874	12472	15559	92875	105462	6639	22913	29325	62729	67536	124905	122380	17415	112641	66905	79127	
25461	26328	30767	52167	18144	39714	129048	96887	17190	0	14584	33050	24816	93087	74517	25519	30490	46601	66693	11621	93034	72852	41099	10668	21060	109353	56371	24346	43259	88743	108418	32523	20625	30038	10494	8196	68852	112511	54603	19101	33853	92868	33540	59077	15005	45600	47640	104352	35275	35710	35832	132778	86009	6556	37318	35583	121168	110695	30223	104946	19192	8072	46439	145464	15367	28905	129045	100818	32004	12386	7809	22726	28031	46278	65082	9200	85991	119848	73189	27007	4522	141415	19158	33698	109463	21088	38891	25012	30082	5416	109877	60769	65003	15222	38154	32831	32663	13346	109662	48671	99367	27915	10144	75752	113466	2251	67225	16227	64675	20579	71439	112430	66764	36641	27934	6881	48335	115260	103824	25768	34375	19333	39398	23230	115483	143655	21941	8485	106852	30754	10244	94900	15245	42519	27281	3219	101939	75197	10692	16891	74059	24764	69631	105453	74696	75467	37109	23082	125194	16254	9318	107512	4672	40079	5809	108953	126606	129484	18738	21558	46881	94561	17286	13019	5058	10022	56412	117709	113218	39583	2206	60146	104404	28467	105082	21272	107872	38404	50312	33177	69414	9771	27514	92699	18530	31857	18421	119777	98566	143278	23698	115312	76690	118565	21759	79997	46731	53671	21663	95099	6555	106383	112259	19911	73450	39595	86791	60851	3104	35564	10907	31596	104210	114152	13912	12743	31527	71419	76226	133594	131070	5212	121330	75594	87817	
21497	43314	47754	34127	11911	17714	111008	78847	15311	14584	0	9306	41410	74664	56094	42113	23560	28178	60218	6512	74611	60373	34169	20439	41950	90930	68940	10746	44563	88168	140003	7266	6405	39810	13508	23736	50429	94088	66969	11906	43625	74445	14728	59600	8069	27177	23148	85929	20928	19907	23834	114355	73533	19879	28861	12929	102745	92272	39995	86523	28963	25718	59008	127041	3505	45499	110621	82394	18881	28247	10140	32498	44625	58645	46658	18971	67568	101425	54766	9129	18620	122991	28929	43470	91040	6537	51460	20690	8450	19908	91454	48290	68124	24994	15500	10988	42434	7761	140288	30248	80944	13433	7900	57328	95043	19095	48801	25999	77041	10900	58962	94006	48341	13005	17272	8115	29912	96837	85401	12781	12900	3246	16744	17492	97060	125232	31712	12190	88429	17626	32425	76477	12354	24096	11171	16190	83516	56774	8597	11299	55635	15943	51208	87030	62220	62990	18713	27595	106771	5442	21359	130638	15409	15882	22094	90530	108183	111061	20348	6885	28458	76138	27058	2440	17567	34864	68779	99286	94794	32860	16754	41723	135312	19646	86659	12489	89448	54998	18083	42948	50991	25311	13825	74276	1546	26119	8357	101353	80142	124855	40292	96889	58267	100142	38353	61574	33608	21576	38257	76675	18597	87959	93835	17217	55027	43650	68368	73420	13486	11155	4280	6666	134837	95728	23684	7124	41299	52996	57802	115171	112646	13122	102907	57171	69393	
23793	39071	43511	23847	20960	9349	106765	74603	24360	33050	9306	0	37079	70334	38648	37782	32859	13852	46193	14867	70280	57038	43468	34266	37620	86599	64609	12084	40233	66828	135672	4502	6804	43297	25210	37563	46098	89758	62639	21470	47112	70114	9054	55270	22786	13625	12568	81599	12426	10789	15332	110025	66858	37228	16819	4257	98414	87942	50043	82192	42790	39545	54678	122711	11859	41168	106291	78064	14639	42074	21868	46325	40295	54314	42328	26390	63237	97095	50435	4328	35193	118661	42756	46109	86709	11342	47130	21495	5226	33735	87124	44955	44504	36579	6863	5390	52848	22581	135958	16878	76614	10209	16255	52998	90712	32922	44471	39826	72710	14720	49745	89676	44010	4566	14048	29288	18445	92506	81070	10269	5069	9480	8072	18297	92729	120902	45539	26653	84099	13072	46252	72146	23333	10579	6617	30017	79186	52443	25327	15370	51305	12718	30165	82699	50969	52337	10210	38090	102441	13588	35186	88362	35414	7494	35921	86200	103853	106731	34204	9913	17786	71807	40885	11709	31394	48691	64448	94955	90464	19083	34369	31052	130982	16422	82328	13520	85118	50668	9694	45964	30040	39138	10601	69946	9138	24223	13142	97023	75812	120524	35962	92558	53936	95811	34022	57244	30273	13187	33927	72345	32424	83629	89505	25446	50697	39320	64037	69090	32611	1948	13793	6196	130506	91398	34637	15479	44786	32984	53472	110841	108316	32013	98577	52841	65063	
14611	13171	14594	57460	15779	45007	134341	102179	14290	24816	41410	37079	0	97170	78599	5246	14722	50683	54041	38415	97116	55947	19369	15802	11025	113435	44254	23157	10141	71838	91514	36605	40295	19960	40211	23191	72934	116594	42284	18515	23776	96950	28041	26457	17980	49683	51723	108435	29749	47456	30305	136861	69104	38277	31792	39666	125250	114778	26707	109028	29770	33283	19998	92571	43813	10056	133127	104900	25982	33923	37891	28411	5372	33960	69164	17813	90073	123931	77271	38786	41122	100339	34605	14515	113545	43722	10773	54730	34165	34475	113960	43864	58832	13824	42236	36913	28847	20429	92757	52753	103450	39370	36938	79834	117548	27583	71307	27266	52356	19452	54534	116512	70846	40723	22662	34046	52418	119342	107906	44727	38458	26876	43480	52948	119565	96025	37388	24089	110935	47283	36836	98982	16083	46601	40829	22618	106022	79279	30085	46609	78141	22950	73713	109535	57791	58562	31583	3166	129277	21267	17318	90608	40172	44161	34015	85461	130689	133567	7603	23680	50963	98643	27864	36065	21674	39276	44093	121791	117300	34057	26970	64229	87500	20123	109164	47978	111954	15745	54395	18465	73496	21482	25544	96782	40666	79057	19120	123859	102648	88368	6927	119394	80772	122647	5845	84080	35570	57754	2350	99181	20101	110465	116341	10778	77533	8216	90874	48735	25166	39646	35067	35678	87306	118234	11882	42268	21450	75502	80308	137677	135152	36770	125413	79677	91899	
88315	99109	103548	42915	80998	61926	38000	9907	84398	93087	74664	70334	97170	0	32591	98091	93168	59779	70646	79502	9895	94971	103777	94576	97929	51196	124918	73925	100542	93599	94120	69286	72976	103606	95763	97872	31774	45290	122948	81779	107422	4898	73346	115579	83096	58778	60818	13018	65439	69770	66059	68472	101816	97537	60462	65008	56862	19387	110352	10098	103100	99854	114987	81158	76494	101478	64739	31531	67229	102384	93442	106634	100604	114624	36024	86699	17977	55543	27815	71467	95503	77109	103066	106418	20714	76403	107439	88634	66845	94044	18569	90581	57490	96888	64642	69594	113158	82890	94406	61849	11397	72051	92490	30378	14156	93232	38167	100135	133020	83257	75052	55427	37707	73404	70861	89598	61513	50954	30975	77407	71138	72442	65787	85435	48834	79350	105849	86962	5602	79964	106561	11961	83642	55697	73510	90326	33169	28832	85636	82509	28685	74560	40574	11229	76121	77489	63895	98399	33886	77796	95496	84756	95723	68552	96230	82303	62300	65179	94514	72949	60059	5847	101194	75918	91704	109001	124758	53403	16680	64461	94678	37045	89429	78264	23054	80659	23937	110977	63490	106273	40357	99447	72443	18879	73347	93486	81099	55471	16626	78972	96271	51006	25346	54259	94332	29589	75899	66849	94236	15961	92733	37613	20950	85756	27689	99629	13386	129399	92921	72327	90619	68359	88954	12866	94947	80113	105096	35216	32585	42286	39762	92322	30022	29834	9181	
69745	80538	84978	16118	62427	43356	75126	37382	65827	74517	56094	38648	78599	32591	0	81674	76751	43361	48577	63084	31685	72902	87360	78158	81512	54680	108501	57508	84125	55465	103753	52868	56559	87189	79345	81455	5916	57838	106531	65361	91004	32553	56928	99162	66678	42361	31951	50355	49021	33198	49641	78105	59831	81120	44045	48591	66494	56698	93935	50948	86682	83437	98570	90791	60077	85060	74371	46144	50811	85966	77025	90217	84187	98206	13523	70282	20418	65175	12276	55049	79085	86741	86648	90001	54789	59986	91022	48890	50428	77627	55880	74164	35421	80471	36172	53177	96740	66473	104038	26090	39052	55633	76072	10721	41811	76814	9943	83718	116602	66839	52983	57756	11008	37446	54444	73180	22728	60587	49150	40637	54721	56024	49369	44662	60809	88982	89431	70545	37468	35310	90144	34342	67225	39279	42767	73909	43631	6368	69219	47570	16501	58142	19017	51455	54051	55420	47477	81982	71196	61379	79078	94388	79306	34233	79813	57827	71933	74811	78096	56532	23560	32183	84777	59500	75286	92583	108340	63036	59220	48043	78261	9931	99062	61846	50409	45233	53198	94560	30881	89856	13520	83030	56025	23828	56929	47952	64681	65103	37217	88605	79854	60638	8222	63892	77914	7655	59481	29513	77819	31034	76316	47238	58261	69338	10129	83211	26233	112981	76503	37379	74202	51941	98587	37732	78529	63696	88678	7320	18450	63669	77072	75905	67333	8462	27044	
16085	2547	5132	58162	17253	45709	135044	102882	15765	25519	42113	37782	5246	98091	81674	0	15981	51116	55299	38848	97549	53168	18691	16235	8951	113868	23031	31905	4749	73097	92773	37038	40728	17282	40644	21117	73367	117026	42717	26660	21098	97383	41098	19786	19328	50115	52155	108867	42834	47889	43391	137293	70363	35599	51800	40098	125683	115210	24028	109461	27091	30604	14405	93829	44246	4345	133560	105332	29856	31244	38323	25733	6630	26699	69597	18246	90506	124363	77704	39218	38444	101598	31926	11837	113978	44155	7589	71452	34597	31797	114392	36209	60091	14257	42669	37346	26169	27771	94016	53186	103882	39803	37371	80267	117981	33063	71740	24588	29956	28138	55793	116945	71279	41156	26536	34479	52850	119775	108339	45159	38890	40194	43913	53380	119998	97284	34709	24522	111367	47716	34158	99415	28523	47034	41261	23051	106454	79712	30517	47042	78574	32323	74146	109968	59050	59821	45082	7041	129709	29743	16867	91867	41779	44594	31337	86720	131121	133999	8952	29117	51396	99076	25186	36498	22107	36597	44526	122224	117733	55798	39598	64661	88759	23997	109597	48410	112387	9620	54827	15786	73929	19407	40195	97214	41098	76379	25980	124292	103081	89627	4758	119827	81205	123080	4845	84512	36829	58186	3157	99614	20533	110898	116774	12127	77965	5032	91306	22554	25598	40078	35500	36110	88565	118667	12315	42700	18772	75934	80741	138109	135585	37203	125845	80109	92332	
12938	21454	22876	53239	15690	28563	130120	97959	18264	30490	23560	32859	14722	93168	76751	15981	0	26600	40467	35516	96446	42373	10621	24375	24053	112765	57282	16797	21392	58264	77940	23081	27615	32988	37312	39421	72263	115923	55312	12924	36804	96280	21681	29280	22026	29349	51052	107764	23389	35705	23946	87097	55531	39086	25433	30461	102016	114107	39734	108358	44648	41403	32169	78997	26267	14866	99402	104229	19622	43933	34991	41438	11182	46987	68493	24837	89402	106896	76601	26649	37052	86766	44614	27543	112874	29300	22944	51830	23859	35593	113289	30291	45259	20759	33032	26397	41875	24439	79184	52083	102779	19813	34038	79163	116878	34781	70636	40293	65383	13092	40960	105665	70176	29136	16302	31147	51747	118672	107235	32590	28308	20516	27090	40618	113915	82451	47398	28511	110264	35147	49864	98312	25191	45931	28692	31875	81915	78609	27185	43709	77470	16590	44352	108864	44218	44988	25223	11442	128606	21890	25891	77034	37272	32410	37779	71887	95987	99842	14809	17320	50292	97973	42743	24812	33252	52303	57121	112421	116629	24220	36227	63558	73926	13763	108494	35841	111283	18568	34611	31492	72825	28289	19184	96111	22241	46298	16694	103984	101977	74794	19098	110024	80102	108884	18873	83409	21996	38104	17398	98510	34282	91667	115670	18358	76862	20387	90203	61762	34469	27683	25504	21728	73732	117563	20455	29887	34478	74831	79637	137006	134481	33871	124742	79006	91228	
27559	52623	57062	18132	34511	4503	96731	64569	37911	46601	28178	13852	50683	59779	43361	51116	26600	0	34742	33300	60837	45587	37205	48374	51727	77156	78716	14202	54340	55378	77818	23084	26774	57404	49561	51670	36654	80314	76746	35577	61220	60671	8007	69377	36894	3956	12623	72155	3618	21066	6283	100581	55408	51335	1996	10314	88970	78498	64150	72749	56898	53652	68785	78874	30292	55276	96847	68620	7453	56182	47240	60432	54402	68422	32884	40497	53793	87651	40992	25265	49301	109217	56864	60216	77265	30201	61237	42432	13139	47842	77680	33505	33053	50686	12114	11026	66956	36688	79061	13654	67170	10983	46288	43554	81269	47030	35027	53933	86818	18436	38294	80232	34566	16574	11085	43396	13318	83063	71626	31205	9493	26240	6671	39233	83285	111458	59647	40760	74655	24466	60359	62703	37440	7502	19986	44124	69742	43000	39434	36307	41861	13652	21402	73255	39519	40887	4780	52197	92997	31594	49294	76911	49521	18132	50028	63405	94409	97287	48312	17568	11864	62364	54992	29716	45502	62799	78556	85512	81020	7384	48476	25129	73803	14430	72885	34457	75674	64775	14786	60071	24118	53245	12720	60502	27145	38765	34897	87579	66368	74672	50069	83114	44492	86368	48130	47800	18822	18654	48034	62901	46531	74185	80061	39554	41253	53427	54594	83197	46719	13687	44417	22157	73610	81954	48745	33911	58894	27062	44028	101397	98872	46120	89133	43397	55619	
53393	60773	62195	46333	56145	40775	94317	75437	59609	66693	60218	46193	54041	70646	48577	55299	40467	34742	0	65324	71109	27715	43988	63702	63380	53781	96609	45967	60719	19831	46585	55108	58798	72315	70177	72287	43987	80804	94638	53277	76130	70943	40406	65893	54891	35061	44647	82427	34182	53599	31244	55742	24175	71951	32847	42712	70660	88770	79061	83021	77514	74269	71495	47641	62316	54193	68047	45926	35972	76798	67856	80765	50509	86314	40530	61113	59009	75541	40420	57289	69917	55410	77480	66870	66419	62225	62271	74456	45538	68458	87952	25535	14740	60086	46166	43424	81201	57304	47828	42397	77442	42826	66904	41976	91541	67646	41229	79620	104710	46955	7891	56340	42213	48972	43222	64012	42564	82852	56818	63229	41891	54607	39070	71257	82560	51095	80263	61376	84927	56865	80975	56189	58056	39526	52384	64740	46076	43892	60050	68331	42673	42171	35888	83527	12590	13958	36016	50769	90480	56881	65217	45678	70137	50530	70644	40532	64631	68487	54136	51411	36214	72636	75608	61740	66118	83415	96448	81065	91292	27879	69092	46579	42570	44368	62038	66480	93576	57895	47319	70819	42917	73861	44457	62420	59169	69990	53118	72628	76640	43438	58424	78668	47014	77528	58200	48764	23031	47900	56725	73173	67147	49682	90333	57685	45532	59714	64866	101089	67335	46085	65033	54181	42377	92226	59782	65935	73804	46095	34429	87249	85143	66736	103168	41388	65891	
27332	40355	44794	39572	20014	23159	116454	84292	19060	11621	6512	14867	38415	79502	63084	38848	35516	33300	65324	0	79568	65331	42036	17913	28305	95887	63616	20265	41027	93126	144960	12223	9375	37283	7228	21210	55386	99045	61848	20038	41099	79402	19686	56064	9561	32135	28105	90887	25885	27069	28792	119312	78490	16825	33819	18097	107702	97230	37468	91480	26437	23192	53684	131999	4117	41962	115579	87352	23838	25721	4006	29972	41089	53524	51616	16445	72525	106383	59723	14934	15566	127949	26403	40943	95997	7451	46136	17788	13408	17381	96412	53248	73081	22467	20457	15946	39908	7841	145246	35205	85902	18391	2553	62286	100000	16569	53759	23472	71920	13891	63920	98964	53298	17963	28871	5062	34870	101794	90358	13695	17857	9051	21701	14589	102017	130190	29186	10338	93387	22114	21357	81434	12435	29053	15208	13663	88474	61731	8677	8396	60593	20900	56165	91987	67177	67948	23670	30327	111729	6474	18833	135596	12355	20840	19567	95487	113141	116019	25983	10980	33415	81095	24531	4819	15041	22411	63657	104243	99752	37817	13700	46681	140270	24604	91616	12631	94406	51462	23040	40422	55948	22784	18783	79234	7802	23216	10184	106311	85100	129812	36756	101846	63224	105099	34816	66532	38566	26533	34721	81633	16070	92917	98793	20848	59984	46840	73325	68096	10433	16113	4055	11624	139794	100686	21157	4222	38773	57953	62760	120129	117604	6842	107865	62129	74351	
88262	99056	103495	41828	80944	61873	45891	16428	84344	93034	74611	70280	97116	9895	31685	97549	96446	60837	71109	79568	0	97407	106214	97012	100365	59550	127355	76361	102978	101953	102474	71722	75412	106042	98199	100309	33260	53643	125384	84215	109858	11478	75782	118015	85532	61214	63254	21398	67875	72206	68495	76826	110169	99974	62899	67444	65216	27741	112789	19786	105536	102291	117423	89512	78930	103914	73092	37112	69665	104820	95878	109071	103041	117060	38461	89135	11622	63896	30251	73903	97939	85462	105502	108854	27294	78839	109875	89984	69282	96481	26923	93017	59926	99325	67079	72030	115594	85326	102759	64285	17977	74487	94926	32814	20736	95668	40603	102572	135456	85693	77488	63780	40143	75840	73297	92034	63949	59308	36556	79844	73575	74878	68223	87872	57188	87703	108285	89399	13360	82400	108997	17542	86078	58133	75946	92762	38751	30319	88072	84945	31121	76996	43010	16348	78557	79925	66331	100835	42240	80232	97932	93109	98159	70988	98666	90657	70654	73532	96950	75386	62495	4126	103630	78354	94140	111437	127194	61757	12993	66897	97115	38532	97783	80700	29634	83095	45335	113413	65926	108709	42793	101883	74879	12419	75783	89047	83535	63824	9912	87326	98707	59360	26833	62613	96768	24993	78335	69285	96672	6444	95169	70014	29304	88192	30126	102065	17167	131835	95357	74763	93055	70795	97308	8017	97383	82550	107532	36703	35021	50640	48115	94758	38376	32270	5363	
55300	53033	54456	61017	58051	51620	105501	124318	61516	72852	60373	57038	55947	94971	72902	53168	42373	45587	27715	65331	97407	0	33313	65737	65414	95087	66832	52209	55990	34406	50258	57048	61582	74349	79699	81809	72128	92991	96673	55311	78165	103530	46286	49502	64413	45897	55482	126058	45017	64435	42079	73365	32580	92666	43682	53548	82848	124198	81096	128759	84158	83791	65444	60731	62975	50053	80234	67948	42122	86320	77378	82800	52544	88348	68671	66199	87150	87728	68560	57770	79439	67598	87002	68904	109598	65009	64305	74937	51402	77981	118815	15267	42881	62120	57001	51099	83236	66826	46571	56513	121320	49342	76426	70117	122020	77168	69370	81655	82107	55480	20223	86497	70353	59808	45257	73534	56177	95040	97589	63711	52726	62904	49905	71739	94747	69838	89785	70899	130666	66268	91225	115249	67578	50361	59813	74262	68097	72032	69572	68813	70813	49003	60901	130842	18873	21065	46851	52803	102668	64277	67252	58769	79660	61365	80166	45458	76819	80674	56170	59708	54723	105223	82253	67199	75640	93665	98482	93253	138607	39568	78615	67988	48849	46402	109675	66962	105763	45822	58154	72853	71058	69650	51597	90561	64628	77419	59082	84816	144483	56529	60459	90856	75155	89716	60234	76905	26953	61513	58759	105760	76669	65238	120897	59720	73673	61748	97453	71031	76857	56920	67891	53929	46842	139541	61816	66595	75839	74235	62569	99437	97330	76258	115355	69529	98478	
23548	18886	20308	63848	26299	37066	140730	108568	27986	41099	34169	43468	19369	103777	87360	18691	10621	37205	43988	42036	106214	33313	0	40589	26932	117738	37225	27337	22686	61747	81423	33620	38155	35264	47851	49961	82803	115642	67070	23463	39079	106819	32221	21906	32565	38618	61592	118304	31549	46245	29910	90580	59014	53581	33592	41001	105499	124647	42010	118897	45073	51943	32893	82480	36807	15525	102885	85249	27782	54472	45530	43714	15649	58746	79033	30888	99942	110379	87140	37188	47591	90248	55154	29819	123414	39839	26585	62370	34398	46133	123828	17994	48741	26809	43571	36936	44151	34978	82667	62622	113318	30352	44578	89703	127417	45320	81176	42569	52499	23632	44443	109148	80715	39675	26842	41686	62286	117691	117775	43129	38847	31056	37630	51157	117398	85934	57937	39051	120803	45686	52140	108851	35731	56470	39231	42414	85398	89148	37724	54249	88010	27129	53621	119404	47700	48471	33383	16176	125319	32429	42104	80517	47812	42950	48318	75370	99469	103325	21146	27860	60832	108512	43168	35351	43792	54579	68880	115904	127169	32289	46767	74097	77409	24303	119033	46380	128414	16214	45150	33768	83365	37389	29724	106650	32780	56837	27234	107467	112517	78277	22739	113507	90641	112367	30632	93948	25479	48643	29156	109050	44821	95150	126210	24687	87401	24028	100742	41424	45009	38223	36043	32267	77215	128103	36668	40426	36753	85370	68430	122088	119981	44410	135282	89546	101768	
14937	17742	22181	54647	20623	42194	131528	99366	9739	10668	20439	34266	15802	94576	78158	16235	24375	48374	63702	17913	97012	65737	40589	0	11664	111671	45390	26664	19277	81578	101254	34841	25954	30631	17956	10045	71170	114830	43419	21419	20184	95186	35858	34314	17324	47919	49959	106671	37593	45692	38150	135097	78845	24687	39637	37902	123486	113014	30816	107264	19785	16540	30146	102311	21933	20213	131363	103136	34322	19069	16988	9941	19339	35095	67400	2985	88309	122167	75507	37022	14509	143733	19751	17147	111781	28550	27910	32475	32401	10730	112196	53605	67322	5114	40472	35149	33256	15664	102498	50989	101686	30233	16559	78070	115784	14297	69543	12466	53491	22897	64274	114748	69082	38959	30252	13667	50654	117578	106142	33230	36694	21651	41716	30692	117801	145974	22534	10803	109171	38217	23246	97218	8158	44837	39065	9332	104258	77515	13011	24354	76377	27082	71949	107771	67532	68302	39427	14389	127513	18573	4886	100348	17916	42397	12915	95201	128925	131803	10046	23876	49199	96879	17879	18991	8389	25686	45229	120027	115536	41901	13685	62465	97240	30786	107400	28734	110190	29712	52630	17002	71732	8763	29833	95018	20848	39319	20739	122095	100884	98108	15006	117630	79008	120883	13067	82316	49049	55990	12971	97417	4045	108701	114577	9707	75769	18364	89109	49870	11880	37882	17994	33914	97046	116470	5220	22131	17858	73737	78544	135913	133388	14515	123649	77913	90135	
16627	10457	14897	58000	25387	45547	134881	102720	13787	21060	41950	37620	11025	97929	81512	8951	24053	51727	63380	28305	100365	65414	26932	11664	0	112933	36002	30970	11591	82094	101770	36103	39793	9584	28200	12244	72432	116091	34234	25725	13400	96448	40163	27409	27042	49180	51221	107932	41899	46954	42456	136358	79360	27902	50865	39164	124748	114276	16331	108526	19394	22907	20485	102826	43311	13056	132625	104398	38628	23547	27232	9930	15627	24680	68662	14772	89571	123429	76769	38284	30746	144995	24229	8200	113043	43220	10440	63754	33662	14392	113457	54120	90127	10783	41734	36411	18471	26836	103013	52251	102947	38868	36436	79332	117046	25365	70805	16890	44306	27203	64790	116010	70344	40221	34558	33544	51915	118840	107404	44224	37955	39259	42978	40937	119063	147235	27012	21048	110432	46781	26460	98480	18403	46099	40326	19577	105519	78777	23255	34598	77639	31388	73211	109033	68047	68818	44147	13422	128774	28808	7994	100863	34082	43659	15180	95717	130186	133064	8408	28182	50461	98141	17488	29236	12402	28900	36044	121289	116798	54863	31900	63726	97755	30378	108662	38979	111452	26000	53892	8055	72994	10535	39260	96279	40163	68681	25045	123357	102146	98624	4221	118892	80270	122145	5525	83577	45826	57251	8901	98679	11087	109963	115839	12683	77030	8704	90371	40483	22125	39144	28238	35176	97562	117732	7264	32375	11074	74999	79806	137174	134650	24759	124911	79175	91397	
104581	115374	119814	52674	97263	78192	20679	39497	100663	109353	90930	86599	113435	51196	54680	113868	112765	77156	53781	95887	59550	95087	117738	111671	112933	0	141558	90565	117182	41567	53832	85926	89616	120246	112403	114512	53948	9063	139588	98419	124062	34276	89986	132219	99736	75418	77458	42486	82079	86410	82699	28184	41233	114177	77103	81648	10364	40626	126992	45187	119740	116494	131627	40870	93134	118118	24450	10420	83869	119024	110082	123274	117244	131264	52664	103339	56821	15254	44019	88107	112143	36820	119706	123058	26026	93043	124079	105274	83485	110684	35243	96662	43072	113528	81282	86234	129798	99530	54117	78489	37748	88691	109130	46582	38448	109872	45070	116775	149660	99897	52107	4912	54347	90044	87501	106238	78153	10666	5606	94047	87778	89082	82427	102075	14609	39061	122489	103602	47094	96604	123201	25365	100282	72337	90150	106966	11564	48498	102276	99149	36732	91200	45881	47270	73360	52364	80535	115039	19096	94436	112136	44467	112363	85192	112870	30270	22012	15617	111154	89589	76699	37936	117834	92558	108344	125641	141398	13115	55035	81101	111318	59219	49141	94904	19790	97299	22191	127617	80130	122913	48380	116087	89083	70053	89987	134643	97739	13531	60911	38684	112911	7754	47520	13819	110972	50828	71083	83489	110876	67345	109373	10625	37324	102396	44281	116269	36094	146039	109561	88967	107259	84999	48666	55969	111587	96753	121736	57390	35666	15865	13758	108962	31783	46425	65170	
49163	22592	22292	84989	52376	72536	161871	129709	46809	56371	68940	64609	44254	124918	108501	23031	57282	78716	96609	63616	127355	66832	37225	45390	36002	141558	0	58481	18808	112646	167283	63614	67304	32803	63068	48463	99943	143602	23899	53236	36619	123959	67674	14475	54553	76692	78732	135444	69410	74465	69967	163869	109912	51083	78376	66675	152259	141787	39550	136037	42575	46088	13964	171313	70822	26220	160136	131909	66139	46728	62100	41216	46179	28722	96173	54293	117082	150940	104280	65795	53928	173885	47410	27770	140554	70731	24586	86936	61173	47281	140969	53051	117638	42463	69245	63922	30479	54348	167568	79762	130459	66379	63947	106843	144557	48547	98316	40071	15471	54714	95342	143521	97855	67732	62069	61055	79427	146351	134915	71736	65467	66770	70489	75804	146574	176126	50193	55915	137944	74292	49642	125991	55100	73610	67838	54444	133031	106288	58123	69466	105150	58899	100722	136544	98599	99370	71658	43974	156286	56319	46119	169350	57263	71170	46821	140044	157698	160576	40089	55693	77972	125652	40670	64103	50538	52081	30282	148800	144309	82374	55082	91238	162592	62603	136173	74987	138963	22229	81403	28310	100505	43778	66771	123791	67675	91863	52556	150868	129657	175749	38379	146403	107781	149656	39907	111089	80866	84763	39811	126190	51568	137474	143350	44363	104541	25290	117882	6814	56992	66655	63106	62687	162117	145243	40521	67243	34293	102510	107317	164686	162161	59627	152422	106686	118908	
14756	33411	35505	33996	10748	13506	110877	78716	14147	24346	10746	12084	23157	73925	57508	31905	16797	14202	45967	20265	76361	52209	27337	26664	30970	90565	58481	0	34584	70433	90109	12084	16619	37648	28394	30504	50278	93937	56990	8861	41464	74294	6550	47374	13109	15736	21463	85778	12837	22692	15355	114204	67699	30169	16842	14902	102594	92121	46762	86372	35731	32486	49029	91165	13276	30974	110470	82243	11527	35015	26073	39266	24790	48665	46507	19330	67417	101274	54615	14022	28134	122840	35697	40460	90889	20046	41481	31189	8299	26676	91303	42459	44527	17538	17472	8592	49202	15521	91352	30097	80793	3988	25121	57177	94892	25863	48650	32767	67062	3500	53129	93855	48190	15959	7457	22229	29761	96686	85250	19963	12749	7525	11959	27991	96908	125081	38480	19594	88278	22519	39192	76326	16274	23945	16065	22958	83365	56623	18267	25064	55484	4287	51057	86878	56386	57157	10621	20681	106620	9746	28127	89202	28355	19397	28861	84056	108032	110910	19671	4329	28306	75987	33826	11820	24335	41632	58799	99135	94643	19106	27310	41572	86094	7991	86508	23214	89297	36662	21598	40315	50839	32078	2823	74125	9249	33671	6312	101202	79991	86962	30313	96738	58116	99991	28374	61423	26254	25091	28278	76524	25364	87808	93684	16539	54876	33671	68217	63441	25552	14882	13360	6561	85901	95577	30451	16895	39137	52845	57651	115020	112495	24953	102756	57020	69242	
