//--------------------------------------------------------------------------------------------------------------------
//-- données sur la Nievre récupérés par le géocodeur (matrice symétrique)
//-- 
//-- C. Duhamel, P. Lacomme C. Prodhon - juillet 2009 : 37418 kg à collecter, flotte de capa 51000
//--------------------------------------------------------------------------------------------------------------------
219 6 999999 0 0 0
5  100 100 2.5
5 500 80 5.2
10 1000 180 6.2
10 1500 180 9.2
5 3000 210 9.2
2 4000 550 5.2
0   // la ville qui represente le depot
0	76614	55204	15207	37211	30259	96573	25092	38092	46412	86598	36269	5227	56776	66769	40750	35386	5692	56758	19392	28072	57749	77607	14070	25443	69276	35419	51092	39198	29568	37642	20277	52670	43425	47291	61871	75651	47661	30015	28431	49571	11251	58751	30618	17857	33934	50974	41185	19354	71684	48596	54372	29200	17509	57323	81301	63998	47132	62209	50514	14823	74564	51189	50801	18144	42727	65639	40753	77075	49367	43685	13457	64130	10506	62902	63623	45454	29170	60682	60606	62731	55668	37317	51103	48415	15039	49427	89904	45746	53278	59506	7402	42502	39141	72800	52473	71870	44181	22593	37970	73803	30030	66284	28485	58833	56259	56766	46715	24125	65352	55182	54098	65358	35142	22690	54028	6791	12746	36359	38842	20892	25601	14616	42249	23736	48790	86782	52933	20781	70266	97088	49323	34221	55902	29558	44539	39378	33975	54520	14313	67628	38804	54096	42901	72839	58647	64457	30007	55219	33780	29141	53155	44852	47835	21156	60190	56282	81445	68731	44865	49813	34023	26233	53722	44632	57182	25213	46664	33656	36201	71817	30957	44904	80639	47867	38921	72434	54093	59970	63064	77019	17714	46807	69893	20274	15111	57916	31688	81369	45107	22592	39189	26311	50938	37804	50834	63418	55692	10712	34620	53617	55279	36434	22645	59731	75017	80724	44811	68190	57703	48359	32690	57833	55505	44361	41154	57826	35410	33116	40492	
76614	0	122040	74582	49550	97837	18632	67286	108159	42571	12947	47522	79476	97035	101175	58930	67999	69984	88003	80408	90706	28757	7147	89085	61967	12282	84802	32665	49855	51287	112709	74155	76674	38310	104452	50940	99656	110683	100082	98498	27111	75763	56651	98466	64773	46404	80902	111252	66890	7938	37734	23151	104500	68689	25511	14023	114897	67125	15272	33251	61899	10286	107657	107363	91908	35899	11437	47339	107002	93056	93334	89204	16923	78699	92829	61601	120522	87308	58270	26743	54409	79672	42572	111899	66231	62186	79964	14310	37769	25451	41076	77216	82306	97792	45032	127242	95874	114248	87882	86830	97807	74341	117393	49386	88761	143663	80770	85017	69043	89357	67469	25737	34308	52831	86509	144255	74228	67940	122969	73064	93429	86617	83655	103045	93802	114817	15185	33428	56418	100194	22114	70673	51347	31562	99625	42121	78229	96232	58162	65515	10595	105263	124163	53961	12265	54681	31124	68104	41278	43153	99208	40409	125397	38834	70275	84194	97808	14038	27988	76591	48580	86608	54394	102262	72388	102371	95280	116099	103723	83022	17547	101024	98830	8528	72280	75521	14679	85238	105159	87068	11035	87781	37127	93897	59579	62016	134170	61406	7717	74828	68533	109256	96378	74942	47177	95478	19517	38689	80779	51410	140739	134090	98055	77105	106832	22731	104728	93708	50701	34581	71962	95808	32044	60753	36566	109703	26634	105476	97161	46836	
55204	122040	0	59849	74074	74901	128047	50666	32825	69049	121014	73133	51599	93182	105964	93333	52642	67275	96666	62999	72715	87454	113235	43566	81621	104905	29957	80818	66001	72062	69812	48275	101051	86523	82187	112907	124032	79832	34182	33151	97742	56086	109787	33931	58646	76428	99355	69132	56217	106533	76856	97470	26619	53457	90026	124258	96169	99372	104703	90069	73356	110192	87596	82972	40207	95335	111266	68596	101816	94730	21028	43399	97433	53035	98121	112004	71515	37245	109063	113214	114311	104049	88774	11563	98501	63951	97808	127902	98354	95772	112114	61150	87865	83783	121181	87574	120251	62187	54168	83333	122184	39993	98455	83362	103486	66097	105146	35845	59200	113733	103563	96592	117967	63219	40481	63544	60588	64599	62852	89949	40353	62955	46758	19152	50136	7223	139390	105541	69037	100487	129969	97704	90276	84162	49901	81176	89464	28322	105556	60518	110122	22289	57472	97195	118466	110003	117065	48780	76961	86388	55541	105763	71345	77562	65798	108571	17715	117073	121339	43756	102422	79386	81098	12309	93013	93588	36458	78835	60149	82554	124426	44147	89546	126266	97953	41795	122528	99456	96377	111445	122647	44012	82241	118274	71785	69976	91519	87866	122366	93339	72150	65682	46231	99319	90412	90742	111589	78545	50878	71483	73762	79443	81076	67287	96138	127625	112468	90174	116571	87408	98445	59183	110441	103886	86856	76714	108413	56322	77759	71448	
15207	74582	59849	0	50375	17819	110173	38897	36351	60217	112641	50074	14026	44335	58067	36250	49191	16149	44317	5540	15632	64568	78868	20026	24538	74349	44217	56164	53003	34640	23789	30492	43968	45116	33439	54874	66950	33809	28274	26690	47353	3955	51754	36850	31019	39006	42272	41552	33159	71068	60780	58328	32692	31314	62395	94901	50145	42289	62276	55586	20590	79637	38749	36949	20100	40508	63421	54558	52969	37647	52483	17396	69202	19304	49274	54922	31602	37969	51981	58387	57228	46966	35098	61011	41418	28201	40725	103504	43527	58350	67241	20564	30783	26701	64098	38621	63168	42440	13014	26250	65102	38026	52432	26267	50132	54743	48064	55514	36142	56651	46480	55932	73083	48947	31489	48103	8458	7516	26854	32867	26848	11749	23414	52892	21994	52283	100382	50715	30487	51640	110688	40621	32002	61013	27817	49611	32381	38390	47523	27475	67012	42297	52355	43361	70620	52920	62239	39737	69024	31561	27400	50936	33302	52907	8715	51488	65081	85471	84774	53502	47595	22303	24015	63630	35930	44741	23472	32812	27730	25471	87591	29216	32463	102986	40871	46488	93169	42374	47530	54362	98922	15973	51879	61192	24944	12893	45251	30783	79150	36256	15067	33263	24570	42236	35585	38394	61199	66737	8971	46438	51819	45170	23993	5930	47291	88617	72022	33092	59488	63303	41362	20939	55614	46803	49434	27301	55608	33668	20676	54549	
37211	49550	74074	50375	0	54714	62970	18347	67197	15510	55937	4185	38238	81231	88504	50452	24270	40013	79201	56201	52527	22377	48158	42140	47178	39827	41072	13973	10423	16765	74451	26145	74404	28140	73675	57970	97386	81800	59120	58088	34520	47122	59010	49207	21065	21131	72709	77056	17951	41456	13981	34248	60623	20678	23180	56080	85417	64628	34931	16445	31398	45115	75644	78479	51302	38162	43088	9983	98809	71101	49605	46615	32356	31753	84636	69729	82264	39298	66398	49879	65822	77402	35844	63889	54232	21059	71162	62825	43228	22639	52507	32163	64237	63596	56548	89282	93604	87125	58463	59704	95538	30611	90148	37008	80568	92129	78500	41287	17935	87087	78882	28414	58359	8844	38499	93839	43810	43733	72230	60577	47747	62410	36395	55035	59606	66806	63699	45063	21897	92001	64892	71057	43922	18822	65429	7420	52428	48221	59202	24259	41944	57253	91991	50842	50288	63329	53340	24375	21228	40034	65012	52055	80723	10716	46068	81925	60453	51996	56537	39236	56068	55757	43099	58533	66367	81637	58502	83473	69527	57935	54468	66828	69359	56670	59949	31791	54349	75828	84425	84799	54468	53585	15395	91628	25432	37809	95912	53423	57289	66841	44326	75060	62182	72672	44058	75289	48366	19938	46583	3937	89488	91150	60889	52898	84186	61915	102458	66546	62114	21112	57953	68561	50856	72166	17676	72537	45190	71280	57571	7750	
30259	97837	74901	17819	54714	0	103189	51091	51413	66653	105657	55329	29087	27885	40667	29266	61385	28987	27867	21001	8648	68913	104263	35088	17087	78694	59279	60509	65197	38985	22197	45554	36984	49461	20329	47890	59965	28454	43335	41751	51698	19017	44770	51912	43856	43351	27666	46839	45353	75413	65125	62673	47754	43508	66740	87917	32072	35305	66621	59931	24935	112527	22298	25133	35162	44853	67766	66752	36519	19924	67545	32458	73547	34366	32823	47937	30009	53030	44996	71808	50244	39982	39444	76073	34434	35004	25437	96520	47873	62695	60256	33401	18906	10250	57114	37028	56184	49064	23759	13268	58117	53087	36802	30612	35525	53150	41080	70575	47794	49666	39496	60277	66098	61141	46550	53743	21847	17166	32457	25882	41910	17035	38476	67954	28619	67345	93397	55060	34833	35190	103704	33637	33804	65358	34442	53956	25397	53451	40539	40312	71357	57359	58980	36377	98128	45936	73404	56006	71130	35906	34256	55281	34885	57252	9275	44504	80143	108858	77789	70864	41608	12826	24773	78692	28946	28291	38534	31219	33017	18487	80606	39788	16013	96002	33886	61550	86184	24651	31079	35941	91938	31035	56224	54207	29289	18201	43658	20523	101422	25436	13694	38550	31195	35252	39930	21944	78143	71082	24032	50783	50226	43577	7543	13325	30840	81633	47170	14624	52504	67648	34378	26226	64161	39819	53779	19191	59953	40293	4226	58894	
96573	18632	128047	110173	62970	103189	0	80980	143621	56264	6088	61215	99421	100735	104875	82226	81693	89928	91703	115870	94407	42450	17033	127296	93448	23816	98495	46359	63548	63877	116409	88778	80374	53893	108153	54640	103356	114383	135543	133959	42693	111225	60352	111056	77363	58994	84602	144866	80584	28064	51428	38733	139962	83311	39205	17768	118597	70825	37016	46945	81844	19020	111357	111063	127370	51482	27020	61033	110703	96756	107028	124666	30617	91289	96529	65301	124222	97951	61970	40466	58109	83372	58155	118999	69931	85508	83664	7401	53639	39145	44776	97161	86006	101493	48733	130942	99574	149710	123344	90530	101508	88034	121094	69331	92461	147363	84470	98711	75995	93057	71169	41319	38009	66524	101132	147955	94172	87885	126670	76764	106019	118045	96245	117668	129264	129439	12127	45493	69008	103894	4436	74373	71292	45255	135087	55815	81930	110854	61862	78105	29713	149566	159625	64001	22858	58381	34824	81798	54972	63098	134670	53133	129098	52527	101483	87895	111502	14647	31688	90285	60385	90308	74339	115956	76088	106071	130742	119799	134717	86722	29373	136485	102530	12409	75980	89214	23792	88939	108859	90769	18194	123243	50820	97598	79524	81961	137870	91287	12150	78528	99877	137180	131840	78642	62905	99178	35299	52383	116240	65104	144439	137790	101755	106494	110532	26431	108428	97408	54401	48275	75662	127925	48437	64453	48155	113403	44017	140938	100862	60530	
25092	67286	50666	38897	18347	51091	80980	0	51775	27593	72490	17450	26144	77881	85154	52257	12309	24078	75852	43168	49178	38930	64710	30045	43828	56380	21162	31043	20378	22765	61418	13735	71055	37226	70326	68358	94037	71437	43698	42666	48445	35027	65238	33785	14097	27131	69359	64962	10138	58008	29777	48173	45201	8268	40250	73916	82068	65518	54362	34386	30408	61668	72295	74578	39208	50786	60924	21934	95460	67752	29695	34521	48909	19659	81287	71534	69231	23619	68203	68665	69219	74053	44225	41666	56037	19402	67812	79378	53805	40580	67565	17953	60888	60247	70908	76249	90255	71703	46369	56355	92189	10701	86799	38813	77219	83276	75151	27413	9890	83738	73568	46250	73418	16323	23077	78417	29599	34473	60135	57227	32324	49377	24300	32837	47512	44608	80252	60993	24488	88652	81445	67708	45727	37082	53335	25493	57763	32707	61007	16987	59780	41739	76569	52647	68124	65134	72516	6930	36399	41839	52917	61214	68628	28789	42719	78576	42292	68549	76790	21789	57873	52408	44619	38622	63017	78288	43080	70440	57432	54586	72304	53663	66009	73223	66253	17917	72186	72479	81076	81450	72305	41490	32465	88279	27237	33497	81692	50073	73842	63492	40977	62965	50088	69323	45863	71940	62291	36873	34488	15800	77393	79056	57539	43377	80837	83076	99109	63197	69266	38883	59758	56466	65892	66539	34778	64930	59115	59186	54222	21672	
38092	108159	32825	36351	67197	51413	143621	51775	0	76467	146263	66324	30724	69721	82504	69872	53789	43821	73205	39538	49254	87804	112490	24180	58160	105254	41341	79917	69252	62625	46352	41467	77590	77086	58726	88496	100571	56371	8855	9690	80974	32625	85376	23351	49209	66991	75894	32705	49408	104690	78651	91950	16299	46648	89124	128523	72708	75911	95267	83260	52953	110542	64135	59511	16746	74130	97042	70808	78355	71269	40585	22524	97783	33914	74660	88544	48054	35782	85602	92009	90850	80588	68720	37631	75040	53169	74347	137126	77149	86335	100863	45531	64404	60323	97720	53194	96790	25391	30707	59872	98723	41947	74994	59889	80026	36964	81686	52638	52392	90273	80102	87155	106705	65197	28742	32105	37128	41138	39391	66488	20967	39494	30570	32214	26675	26412	134004	84337	59600	77027	144310	74243	65624	85957	17162	74367	66003	31555	81145	47174	100634	21619	30257	76983	104242	86542	95860	49927	85273	65183	21634	84558	39106	77664	42337	85110	48356	117423	118396	57132	81217	55925	57637	42952	69552	70128	13808	55374	27910	59093	121213	16024	66085	136608	74493	50119	126790	75995	72916	87984	132544	20551	81339	94813	58565	46515	60386	64405	112772	69878	48689	34137	22771	75858	69207	67282	94821	85747	27418	64674	42628	48310	57615	43826	72677	122239	89007	66713	93110	87758	74984	35722	89236	80425	77419	53253	89230	19525	54298	70547	
46412	42571	69049	60217	15510	66653	56264	27593	76467	0	49227	12110	47492	110972	115112	60127	28314	45426	101940	64517	64588	15667	41448	51393	59239	33118	45116	10569	10169	28826	82766	35399	90611	30665	85736	60495	113593	92786	68373	67342	37044	56376	61534	58461	31164	27765	94839	86310	27205	34746	5069	36773	69877	29932	24086	57708	97478	81062	35537	18970	43459	38406	87705	90540	60556	40687	44716	8968	120940	83162	53649	55869	25647	41007	106766	75538	90579	44572	72207	52404	68346	93609	39380	65620	58548	36469	93901	56115	45752	25164	55031	39301	76298	75657	59073	97598	109811	96379	67717	71765	111745	34655	102209	49069	102698	101383	94707	43194	26957	103294	81406	30938	60884	13145	47753	103093	50947	55822	81484	63663	57000	70726	45648	64289	68860	76060	56990	47588	33958	114131	58182	84610	51704	12375	74683	12096	59275	57475	63518	34617	39095	66507	101245	55158	51916	68618	55865	28419	11692	44350	74266	54580	89977	8808	58129	98132	52258	45286	59061	31041	54236	67818	55160	56687	86325	93698	67756	91788	78781	69996	56096	76081	81419	49961	64265	35835	55977	87889	96486	101006	56096	62839	13488	107835	37492	49870	103041	65483	50579	88765	56387	84314	71436	88879	48374	87350	50891	12165	55836	15998	98742	100404	72949	64959	96247	63543	118665	78607	64638	15621	62269	77814	53381	74690	20201	86278	47715	80534	69632	9910	
86598	12947	121014	112641	55937	105657	6088	72490	146263	49227	0	54179	89373	103193	107333	84683	74656	79881	94161	118328	96864	35414	10384	94638	95905	16779	91458	39322	56511	56840	118867	81741	82832	48207	110610	57098	105813	116841	138001	136417	37008	113683	62809	104019	70326	51957	87059	147324	73547	21137	44391	33048	142420	76274	32168	20226	121055	73283	31330	39908	71796	11983	113815	113520	129827	45796	21334	53996	113160	99213	99991	127123	23580	84252	98987	67759	126679	90914	64428	42923	60567	85830	52469	111963	72389	67739	86122	8966	56097	32108	47233	77980	88464	103950	51190	133399	102032	152167	125801	92987	103965	80998	123551	59283	94919	149820	86928	91674	68958	95514	73627	35634	40466	59488	94095	150413	84125	77837	129127	79222	98982	120502	89208	110631	131722	122402	12875	47951	61971	106352	9569	76830	61244	38219	137544	48778	84387	103817	64319	71069	24028	112849	162082	66458	21446	60839	37281	74761	47935	53050	137127	55591	131555	45491	103940	90352	104465	8314	34146	83248	62843	92765	64291	108919	78545	108528	133199	122256	137174	89180	31830	138943	104987	10997	78437	82177	23860	91396	111317	93226	18319	125700	43783	100055	69476	71913	140328	93745	6465	80986	102334	139638	134297	81100	57074	101635	29414	45346	118698	58067	146897	140247	104213	108952	112990	28889	110886	99866	56859	41238	78120	130383	50895	66911	41118	115861	36531	143395	103319	53493	
36269	47522	73133	50074	4185	55329	61215	17450	66324	12110	54179	0	37321	81839	89112	51060	23741	35255	79809	56810	53136	21480	47260	41222	47786	38930	40544	13593	6365	17374	75059	25228	75013	31835	74283	58978	97994	82408	58202	57171	35527	46205	60017	48290	20993	21740	73317	76139	17034	40558	10453	35256	59706	19761	22800	57088	86026	65236	41349	17453	32006	44218	76253	79088	50385	42177	44096	7920	99418	71710	49076	45698	31459	30836	85244	70337	82872	38380	67006	50887	68022	78011	36452	62971	54840	21668	71770	61928	44235	23647	53514	29130	64845	64205	57556	89891	94213	86208	57546	60313	96146	30083	90756	37617	81176	91212	79109	40759	16786	87695	74445	29421	59367	6150	37582	92922	40776	44341	71313	61185	46829	63019	35477	54118	58689	65889	62802	46071	22505	92609	63995	71666	44530	17925	64512	8427	53037	47304	59810	24868	44908	56336	91074	51450	51296	63938	54348	23846	17701	40642	64095	53063	79806	10336	46677	82533	57724	51099	57544	36507	56676	56366	43707	58004	66975	82245	57585	84081	68610	58544	55476	65910	69967	55773	60557	31263	55357	76436	85033	85407	55476	52668	15015	92236	26040	38417	92870	54031	56392	67450	44935	74143	61265	73281	44666	75898	49374	16410	45665	4545	88571	90233	61497	53507	84795	62923	103067	67154	63121	21434	58562	67643	51864	65342	18684	73145	46198	70363	58180	4223	
5227	79476	51599	14026	38238	29087	99421	26144	30724	47492	89373	37321	0	55595	69327	47509	36351	10919	55577	18211	26891	58715	82904	10466	28122	74574	30660	50828	40164	34865	36461	17653	55228	49326	46110	66134	78209	46480	22610	21026	52250	10070	63014	25859	21449	39231	53532	40004	20320	76982	49562	60274	25595	18475	62620	106161	62817	53549	67507	55811	20051	79862	50008	49620	14539	45406	68318	41719	64229	48906	38926	9852	68694	6465	60533	66181	44273	24411	63240	63285	68487	58226	39996	46344	52677	20266	51985	114764	48425	58575	78500	12629	42042	37960	75358	51292	74428	43000	21412	37510	76361	25186	65103	31164	61391	55078	59323	41956	23303	67910	57740	59395	84342	36108	17931	52847	9304	17160	35178	44126	17287	24420	9857	37490	22555	45186	111641	55612	31840	62900	121948	51881	36900	56868	28377	45279	43640	29216	58782	18857	72926	35200	52916	45580	75518	64180	67136	26898	56185	36459	27960	55834	43671	48575	19975	62748	51524	86743	71410	40663	52492	33563	28912	48963	47190	56001	17413	45483	32475	36731	74496	24612	43723	83318	52130	33649	75113	53633	58789	65622	79698	16533	52251	72451	25501	17790	56735	34367	84048	47515	26326	38008	25130	53496	40483	49653	66097	56658	9531	35586	52436	54098	35253	21464	58550	99876	83281	44351	70747	58669	52622	31509	60512	58063	49659	39973	60505	34229	31935	41458	
56776	97035	93182	44335	81231	27885	100735	77881	69721	110972	103193	81839	55595	0	15177	41734	87509	55110	22870	45540	34772	109792	101929	61212	41876	107581	85403	101729	91321	65109	26408	71678	26982	85587	15712	55981	21993	21116	62257	60673	76301	45141	50950	73770	69980	69475	18048	52975	71477	89982	107575	84631	67789	69632	100908	85582	18606	32970	89261	97456	51059	110192	11366	17796	58215	64731	82335	92876	16095	22033	96360	58582	97959	60490	5682	45603	32330	79154	42661	69473	47909	30990	61300	96108	42744	61128	23394	94185	72920	96863	57922	59525	27798	17641	54779	37675	29410	63549	45654	29603	29321	79211	21102	55092	11048	55471	26405	96699	73918	26359	33283	93087	63764	87265	79162	56064	47971	43290	39009	39224	71387	36819	64600	87990	48024	87380	91063	65632	60956	8618	101369	28671	46272	106794	53846	80080	37865	84172	45838	66436	85926	77394	70003	47326	95794	43601	71069	82130	115234	55743	48797	66522	38831	83376	35399	32305	104132	106523	75455	96988	48184	33116	49562	98727	28029	6079	57456	26532	44374	34688	78272	59193	13067	93667	38440	87674	83849	28668	8868	18636	89603	56265	97923	22611	55412	44325	45979	39715	99087	27133	39818	47924	50600	23550	51497	16947	75809	114477	50156	76907	52548	45898	21407	37964	10541	79298	21680	21452	50169	104327	38122	37583	61826	37484	91304	22248	70770	59698	24031	85018	
66769	101175	105964	58067	88504	40667	104875	85154	82504	115112	107333	89112	69327	15177	0	41395	95216	62818	31094	58347	42496	109453	101590	75386	41537	107242	100322	101390	99028	71864	39214	80108	26644	85249	28519	55642	8523	33923	75064	73480	75962	59315	50611	86577	77688	76230	17710	65782	79184	89644	107236	84293	80596	77340	100569	85244	27408	32632	88922	97118	57814	109854	21985	30603	71022	64393	81996	100584	12683	34839	108855	72755	97620	74664	13854	45264	45137	93631	42323	69135	47570	30122	60961	108915	42405	67884	23055	93847	72581	96524	57583	67233	27459	30447	54440	49524	14684	76356	58461	35363	14596	89861	25165	54754	8868	68278	20497	111885	80673	19964	32944	92748	63425	94973	86848	68871	62145	57956	51816	38886	84194	49625	78774	100796	60831	100187	90724	65294	67712	5874	101030	28333	45934	106455	66653	86835	37526	96979	45499	74144	85588	90201	82810	46987	95455	43262	70730	89837	114896	55404	61604	66183	51637	90132	49572	26270	116938	106184	75116	104696	47845	38876	49224	111534	27691	13558	70262	39338	57181	34349	77933	71999	25874	93329	38101	98752	83511	28330	13807	8887	89264	69071	97584	7885	62168	52033	57712	39377	98748	26795	47966	60730	63406	23212	51159	29754	75470	114138	64330	83663	65354	57632	34213	50770	18019	78959	12575	34259	49830	103988	37784	50389	61487	37145	90965	35055	70432	72504	36838	91773	
40750	58930	93333	36250	50452	29266	82226	52257	69872	60127	84683	51060	47509	41734	41395	0	61048	39248	32044	42083	20620	54567	63347	53509	17967	62151	68482	47661	56614	34716	44443	56537	23609	29378	42889	21869	46591	49120	61756	60173	31831	37438	18749	70333	39255	32141	25552	72927	42740	55547	53507	42807	66175	43171	50197	66733	52738	13767	46755	43388	27831	65752	42965	45800	53583	24987	47899	56859	51653	31554	77014	50879	57004	52787	37480	25044	52256	61791	21713	36417	22729	26607	18799	86381	8412	33124	24005	75336	21557	46152	39072	43662	23927	31083	24419	59275	42810	75923	49557	20157	44743	58021	57469	15152	33411	75397	27705	80045	43525	36292	23174	40194	44914	52825	64972	75990	40268	34386	54704	9035	60331	44258	56897	77528	55477	85766	72213	28744	30564	44844	82520	17315	7208	52726	61300	48432	3869	71872	14517	39649	51491	75780	85838	7111	55099	18645	40268	55669	61166	15999	60883	21949	57132	50973	27696	31130	89612	87674	56605	70528	14715	16521	15199	85942	19210	47021	56955	53466	65398	10779	59422	62698	36679	74818	7865	64584	65000	31576	49810	34004	70754	49456	43855	40833	27139	28462	65905	10642	80238	19685	24396	70931	58053	21877	11753	35488	42752	60409	42453	46515	72473	65824	29790	32708	51483	60449	51663	26999	22777	50259	8356	53448	28247	18635	37236	41438	33637	67151	28896	54625	
35386	67999	52642	49191	24270	61385	81693	12309	53789	28314	74656	23741	36351	87509	95216	61048	0	34371	86145	53462	59472	41127	66908	35197	54122	58578	23118	34492	19674	33110	71711	24028	81349	47571	80619	77412	104330	81731	45567	44536	59470	45321	74292	35654	23151	37476	79653	75255	20722	60206	30530	59199	47070	18562	43699	81031	92362	75811	60997	41396	39462	63866	82589	84871	43096	59840	68039	22269	105754	78046	31651	40593	51107	29953	91581	80588	79524	22574	77257	77719	78273	84347	53279	43622	65091	28456	78106	81576	62859	47590	76619	28246	71181	70541	79962	86543	100549	73572	56662	66649	102482	12657	97092	47867	87512	85145	85445	19904	23706	94031	83861	53364	82472	16892	24946	80286	39893	44767	70429	67521	34194	59671	28593	34793	57805	46564	82450	70047	33542	98945	83642	78002	54781	37835	63628	31398	68057	31329	70061	27280	64556	40361	78438	61701	75238	74188	81570	6421	37152	50893	63211	70268	78922	31235	53013	88869	37318	70746	85844	10870	66927	62702	54912	40579	73311	88581	44949	80734	67726	64880	79419	55532	76303	75421	76546	10408	79300	82772	91369	91743	79419	51784	35914	98572	36291	43790	91986	60367	76039	73786	51271	73259	57616	79617	54917	82234	73317	37625	44782	21703	90809	89349	67833	53671	91131	92130	109403	73490	78320	41081	68812	66760	74946	75593	42627	75223	70141	67706	64516	25121	
5692	69984	67275	16149	40013	28987	89928	24078	43821	45426	79881	35255	10919	55110	62818	39248	34371	0	53484	21976	26811	54206	72317	19762	21461	63987	39214	45802	37921	24278	40225	19000	48688	37733	47959	54176	71670	50245	35707	34123	43448	11999	51056	35975	16580	28644	46992	46877	18077	66134	47319	48680	34892	16232	52033	75179	59701	43151	56659	45224	9131	69275	49928	52763	23836	36604	59516	39476	73093	45385	47747	19149	58840	15651	58920	59642	48038	32523	56701	54483	55036	51686	30043	57114	44433	12189	45445	83782	39623	47988	53383	6125	38521	37880	56726	55057	67888	49873	28285	33988	69822	28753	64432	21668	54852	61951	52784	50777	22848	61371	51200	48548	59236	33865	28048	59720	7979	12106	42051	34860	26584	28185	20308	48260	29428	60032	80659	46810	17931	66285	90965	45341	27404	50651	35250	39249	35396	41447	46825	13036	62078	44496	59789	36084	66716	50952	58334	28730	53942	27657	34833	47032	50544	42545	20352	56208	60345	76156	62608	43588	43691	30041	19416	56675	40650	55920	30905	49248	39348	32219	65695	36649	43642	74516	43886	37644	66311	50111	58709	59082	70896	23406	41517	65912	14582	11130	61687	27706	75246	41125	18610	44881	32004	46956	31681	49573	57295	54415	16404	33343	59309	60971	35172	21010	58470	68894	76742	40829	64208	52941	44377	38382	51710	51523	39072	43737	51703	41102	31855	39215	
56758	88003	96666	44317	79201	27867	91703	75852	73205	101940	94161	79809	55577	22870	31094	32044	86145	53484	0	46025	27557	100719	92856	60446	29581	98508	84637	92656	87072	59908	29134	68151	23138	58763	17612	46908	40117	23843	64983	63399	67228	44375	41877	76497	65732	64274	15261	55701	67228	80909	98502	75558	70516	65383	91835	76509	27460	23897	80187	88383	45858	101119	17687	20522	60942	52252	73262	88627	31908	5494	92903	57816	88885	59724	27189	36529	35057	78389	33588	60400	38836	28574	48184	98834	33671	55928	10474	85112	63847	87790	48848	55276	17367	18026	45706	40401	36336	66275	48380	18504	38269	77905	32191	42798	23121	58198	22561	95934	68717	29818	28088	84014	54691	83016	71909	58790	47205	42524	41735	25108	67268	39545	63834	90716	50750	90106	81989	56559	55756	34554	92296	22229	36593	97721	56573	74879	28185	78810	36765	62188	76853	80120	72729	39165	86720	34528	61996	77881	106161	43305	51523	57449	41557	78175	34633	28460	106858	97450	66381	92740	39111	22016	37267	101454	18350	23680	60182	29258	47100	25008	69199	61919	11989	84594	29367	86796	74776	7514	26468	23536	80530	56393	88849	32333	50212	40076	48705	30036	90014	17454	33853	50650	53326	19706	42424	8637	66736	105404	49391	71706	55274	48625	21792	38349	26229	70225	45189	11098	41096	95254	29049	40309	52753	28411	82231	24974	61697	62424	24417	79817	
19392	80408	62999	5540	56201	21001	115870	43168	39538	64517	118328	56810	18211	45540	58347	42083	53462	21976	46025	0	21435	70371	84671	24281	30342	80152	48472	61967	57258	40443	21588	34747	49771	50920	31238	60678	72753	31608	31423	29839	53156	8210	57558	40000	34332	44809	48075	39351	37414	76871	66656	64131	35842	35569	68198	100705	47944	48093	68079	61390	26393	85440	39372	34748	23250	46312	69224	58813	53592	38072	56738	20546	75005	23559	49897	60725	29401	42224	57784	64191	63031	52769	40902	64161	47221	31514	46528	109308	49331	64153	73044	23877	36586	28398	69901	36420	68971	38856	10813	32053	70905	42281	50231	32070	55935	52542	53867	59769	40397	62454	52284	61735	78886	53202	35744	45901	12713	13319	24653	38670	31103	9548	27669	56042	18410	55433	106185	56518	36291	52263	116491	46424	37806	66816	24233	55414	38184	42645	53326	30788	72816	45447	48771	49164	76423	58723	68042	43992	73279	37364	23816	56739	31101	58710	14518	57292	69336	91274	90577	57757	53398	28106	29818	66780	41733	45364	26622	30611	25529	31274	93394	29579	34160	108790	46674	50743	98972	42799	48153	60166	104725	19123	57682	66995	30747	18696	43050	36587	84954	42059	20870	31062	20986	48039	41388	40091	67002	73752	12120	52241	49618	42969	25690	7238	47914	94420	77825	32772	65291	69106	47165	18738	61418	52606	55237	25100	61411	30084	22373	58552	
28072	90706	72715	15632	52527	8648	94407	49178	49254	64588	96864	53136	26891	34772	42496	20620	59472	26811	27557	21435	0	66714	95616	32889	8439	73277	57080	58310	62998	36786	29476	43355	28336	40505	27609	39242	51318	35733	41137	39553	42741	16818	36122	49713	41658	41152	26640	52307	43154	66457	62926	53716	45555	41309	61323	79269	39351	26657	57664	54515	22736	103880	29578	32413	32963	35897	58809	64554	52741	22015	65346	30259	68130	32167	38568	39290	37289	50832	36349	63160	41596	31334	30487	73874	25786	32806	25093	87872	38916	57278	51609	31202	15151	17530	48466	44308	47536	55303	28937	10618	49469	50889	44082	21655	34500	60430	32432	68377	45595	41019	30848	51320	57451	58943	44352	61022	19648	14967	39737	17235	39711	23638	36277	65755	34857	65146	84750	46103	32634	45932	95056	24989	25156	63159	40680	51757	16749	51253	31891	38114	62401	55160	65218	27729	89481	37288	64756	53807	68932	26950	40263	40799	42165	55053	7076	35856	77944	100210	69142	68666	32960	6671	16125	76493	20298	35570	36335	38498	44778	9839	71959	42079	23292	87354	25239	59351	77537	26741	38359	38730	83290	28836	54025	45559	27090	16002	50937	11875	92774	20624	7486	50311	37433	26604	32371	25949	69496	68883	21834	48584	57506	50857	14822	12088	38120	72985	56390	17459	43856	61385	25730	32829	55513	31171	48362	26470	64457	46531	11505	56695	
57749	28757	87454	64568	22377	68913	42450	38930	87804	15667	35414	21480	58715	109792	109453	54567	41127	54206	100719	70371	66714	0	27635	64176	57704	19304	57899	10894	22952	30198	88914	48181	89005	27889	88138	59432	111986	96262	81156	80125	34269	66019	60471	71243	39317	30942	93232	99092	39987	20933	10831	30023	82659	42715	10272	43894	99880	79456	21723	13212	45861	24592	90107	92942	73339	37911	30902	20436	119333	81355	66431	68652	11833	53790	105160	73932	96726	57354	70601	43138	66740	92003	36604	78403	55773	42127	92295	42302	42976	17912	53425	52083	94637	78059	62069	103745	108205	109161	78138	69958	110138	47438	104611	45123	101092	114166	93101	58114	38506	101687	79800	22486	51097	25928	60535	115875	63730	58196	91978	60888	69783	76873	58431	77071	81643	88843	43177	49823	36360	112525	44369	83004	48928	4659	87465	15218	56499	70258	60742	45457	25282	79289	114027	52382	38102	67012	46402	41202	14375	41574	87048	51804	98427	11931	60531	96525	70906	31473	44668	49689	51461	66011	50130	75359	84719	114702	80539	97936	91563	62632	42283	88864	83821	36147	61489	48618	42164	97569	117490	99399	42283	75621	15365	106228	39895	52272	110375	58988	36766	87159	58789	97096	84219	87273	45598	107808	36498	11787	68619	24507	111524	110295	75351	67361	119163	49730	117059	76800	63032	7678	59494	86063	48439	73084	17425	87000	43029	93317	72034	19933	
77607	7147	113235	78868	48158	104263	17033	64710	112490	41448	10384	47260	82904	101929	101590	63347	66908	72317	92856	84671	95616	27635	0	86859	66353	9000	83680	31543	48733	49061	117094	73962	81060	42696	108838	55326	104041	115069	104467	102883	31496	80149	61037	96240	62547	44178	85287	115638	65768	9543	36612	27536	104080	68496	24389	20882	119283	71511	16876	32129	66285	5078	112042	111748	96294	40285	15823	46217	111388	97441	92212	93590	15801	76473	97215	65986	124907	83135	62655	31128	58795	84058	46958	104184	61737	59960	84350	12711	42154	24329	45461	70201	86691	102178	49418	131627	100260	118633	92268	91215	102193	73219	121779	53772	93146	148048	85155	83895	61179	93742	71855	30122	38694	51709	86316	128481	78613	72325	127355	77450	91203	91003	81429	102852	98188	114623	13585	37814	54192	104579	20301	75058	55732	30440	104011	40999	63303	96038	62547	63290	13892	105070	128549	58347	16738	59066	35509	66982	40156	47539	103593	44794	129783	37712	74661	88580	96686	7405	32374	75469	52966	90993	58779	101140	76773	106756	99666	120484	108108	87408	22019	105409	103215	8513	76665	74399	19151	89624	109545	91454	15507	92166	36005	98283	57727	66402	138556	65792	6118	79213	72919	113641	100764	79328	51563	99863	23903	37567	85164	50288	145124	138475	102441	81491	111218	27116	109113	98094	55087	33459	76347	100193	36430	65139	33339	114089	31019	109862	101547	45714	
14070	89085	43566	20026	42140	35088	127296	30045	24180	51393	94638	41222	10466	61212	75386	53509	35197	19762	60446	24281	32889	64176	86859	0	36965	78531	22850	54785	44121	38822	41330	22975	61228	53283	53125	72135	84210	51350	16058	16570	61093	18913	69014	15006	25406	43188	59532	39196	24277	80939	53520	64231	17561	22432	66578	91019	67686	59549	71464	59769	28894	83819	56009	54490	10083	54249	78027	45676	70229	54907	31116	5396	72652	10423	66534	72182	43033	17290	69241	72128	74488	64226	55534	36456	58678	27613	57985	120765	57268	62533	84501	19949	48043	43961	81358	50914	80428	44063	23662	43510	82362	23455	69973	40007	67392	55636	65324	34146	27260	73911	63741	63352	90343	40065	10251	50777	18147	26003	34370	50127	6822	31435	8350	27602	21746	37152	117642	64455	35797	68901	127948	57881	45743	60825	25909	49236	49641	18363	64783	22814	76883	27166	48929	54423	85227	70180	75979	31435	60142	45302	27152	64677	42863	52532	25975	68749	43713	90700	102034	38641	61335	39563	37755	39075	53190	62001	12957	50353	31667	42731	83339	20156	49723	93027	58131	31627	89288	59634	64790	71622	89407	9592	56208	78452	38546	26633	55927	43210	93757	53516	32327	37200	19073	59496	49326	55654	74940	60615	14065	39543	51628	53290	41253	27464	64551	105877	89282	50352	76748	62626	58622	30700	69355	64063	53616	46987	69348	33420	37936	45415	
25443	61967	81621	24538	47178	17087	93448	43828	58160	59239	95905	47786	28122	41876	41537	17967	54122	21461	29581	30342	8439	57704	66353	36965	0	65274	58948	52014	57654	30490	36976	38734	27390	32501	35422	36592	50372	41653	50039	48455	34737	25721	33471	58616	36314	34856	25694	61210	37810	58453	56630	45713	54458	35966	53320	78323	45271	21853	49661	46511	16440	68659	35498	38333	41866	27893	50805	59210	51795	24087	67480	39161	60127	33398	37622	38344	44789	52257	35403	45772	37452	30388	22483	76848	23135	26510	24147	86927	30912	49275	50663	25859	17223	23616	47520	51807	46590	64205	37840	12690	48524	48487	50001	13652	33554	67930	31486	70511	39299	40073	29903	43316	56505	53599	45582	74052	22870	16582	51680	13562	48613	36575	37508	67994	43760	74048	83804	38100	26338	44987	94110	24043	17171	56863	49583	45461	14098	61180	29240	32770	54397	64062	74121	25078	58005	33368	63810	48463	62636	18946	49165	38321	49665	48758	15110	34911	80078	99264	68196	63322	30309	8743	8122	76408	19352	47164	45238	45998	53680	10921	71013	50981	29212	86408	22588	57378	76591	28813	44278	37784	82344	37738	47730	44614	20794	10659	58437	6408	66535	19827	6592	59213	46336	25658	22970	28021	48584	62587	30736	42289	65006	58357	22322	21940	44040	72039	55444	19531	42910	53382	23079	45765	42999	30225	40359	33970	42993	55434	19944	50399	
69276	12282	104905	74349	39827	78694	23816	56380	105254	33118	16779	38930	74574	107581	107242	62151	58578	63987	98508	80152	73277	19304	9000	78531	65274	0	75349	23213	40402	40731	98416	65632	86712	32066	114490	60978	109693	120721	94246	93215	30276	75522	47241	87910	54217	35848	90939	111011	57438	6580	28281	23337	95749	60165	16059	24060	124935	77163	15037	23799	55363	5958	117694	117400	87692	41396	15702	37887	117040	103093	83882	83005	7471	68143	102867	71638	106229	74805	68307	29908	64447	89710	44188	95853	63356	51630	90002	23668	40934	15999	51113	61871	92343	107830	55070	113248	105912	114006	87641	96867	107845	64888	127431	52707	98798	126084	90807	75564	52849	99394	77507	19034	44346	43378	77986	123853	73517	67698	101481	83102	82873	86376	73099	94522	93561	106293	24542	36593	45862	110231	25735	80710	56512	22109	99383	32669	64083	87708	68199	54959	10929	96740	127117	59966	22303	64718	41161	58652	31826	49158	98966	43574	107929	29381	70034	94232	88356	12839	38026	67139	54945	96645	57714	92810	82425	112408	90565	126136	103481	93060	27584	100782	108867	17513	82317	66068	24717	95276	115197	97106	21073	87539	27674	103935	49397	61774	119878	66572	18132	84865	68292	109014	96137	84980	52674	105515	23268	29237	80537	41958	126446	119797	108093	76864	116870	32768	114766	103746	60739	25129	81999	95566	35209	70791	25009	119741	29799	105235	81537	37384	
35419	84802	29957	44217	41072	59279	98495	21162	41341	45116	91458	40544	30660	85403	100322	68482	23118	39214	84637	48472	57080	57899	83680	22850	58948	75349	0	51422	36605	44191	68850	20405	86383	58652	76254	85037	109364	78869	33220	32189	69872	40214	81917	20178	30775	48557	84687	68539	28347	77136	47460	69600	26666	25587	60629	96388	95206	80845	77927	58326	45486	80796	80152	82010	30749	67465	83396	39200	94372	79050	9093	28246	68037	30541	96614	88212	70552	8606	84881	85344	85897	89381	60903	21065	72715	36081	83140	98506	70484	64520	84244	33280	72186	68104	87587	78434	105583	61225	53206	67653	107516	10597	97493	55491	92546	72798	90478	12089	31330	99065	88895	68721	90096	33823	17266	67939	39448	49801	61889	72555	21847	54564	20913	11675	49173	23446	99380	77671	41166	103979	100573	83036	62405	54765	48938	48328	73090	11540	77685	32648	82252	20572	66091	69325	90596	81813	89195	19384	54082	58517	54579	77892	70383	48165	50118	93903	21691	87677	93468	26589	74551	63706	59946	18021	78345	86145	32602	77872	59187	69914	96555	43185	73866	92351	81580	14119	94657	83777	88933	96777	94776	32442	52845	103606	43915	48824	83447	65401	92970	78820	56304	64720	45269	84651	62541	79797	83718	54556	36915	38633	78462	84143	65396	51607	88694	99755	114437	74495	85945	58012	76436	58220	82571	83217	58985	70116	80542	55359	62079	42052	
51092	32665	80818	56164	13973	60509	46359	31043	79917	10569	39322	13593	50828	101729	101390	47661	34492	45802	92656	61967	58310	10894	31543	54785	52014	23213	51422	0	16347	21524	80240	38821	80929	20983	79464	50813	103911	87588	71795	70764	27362	57345	51852	61883	30643	19383	85157	89303	30626	24841	6883	22034	73299	33354	9798	45462	91206	71380	25632	8714	37187	28501	81433	84268	63549	31005	32470	15329	111258	74449	61324	58862	15742	44000	97084	65856	88052	51973	62525	42722	58664	83927	29698	73295	48866	33453	84219	46211	36070	13266	45349	41741	68874	69385	49391	95071	100129	92299	69464	63052	102063	42330	95937	38217	93016	104376	85025	53006	31590	93612	71724	17840	51202	18615	51175	106515	53387	49521	83304	53981	60422	68199	48956	67710	71853	79482	47085	37906	27685	104449	48277	74928	42022	7339	77676	6544	49593	60897	53836	36783	29190	69929	104667	45476	39670	58936	46183	36094	15889	34668	77259	44898	89753	5696	51857	88450	65798	35381	46236	44581	44554	59105	43224	70251	76643	106626	71178	89262	81774	55726	43850	79074	75147	40056	54583	43510	43731	89494	109414	91324	43851	65832	3806	98153	31220	43598	101701	52082	40674	79083	50115	87307	74429	79197	38692	81078	38066	15132	58829	17592	108270	101620	66677	58687	111088	51298	108983	69894	54956	7730	52587	77389	43699	65008	10519	78326	38033	83527	63360	9370	
39198	49855	66001	53003	10423	65197	63548	20378	69252	10169	56511	6365	40164	91321	99028	56614	19674	37921	87072	57258	62998	22952	48733	44121	57654	40402	36605	16347	0	22927	75524	28156	85161	37388	84431	64776	108143	85543	58925	57894	41326	49133	65815	49013	23921	27293	83465	79067	19962	42062	12385	41054	60428	22690	25554	62886	96174	70790	42852	23251	37560	45721	86401	88683	53314	44968	49894	4125	109566	81858	45009	48627	32962	33765	95393	75891	83336	35932	72560	56685	73576	88159	42006	56981	60394	29227	81918	63431	50033	29445	59313	32058	74993	74353	63354	90355	104361	86930	60474	70461	106294	26016	100905	43170	91324	94140	89257	36692	19715	97844	85688	35220	65165	5903	38305	93645	43705	48579	74241	71333	47552	63483	38406	48151	61618	59923	64305	51869	28059	102757	65498	81814	50084	19690	67440	13253	58590	44688	65364	27374	46411	53719	91797	57004	57094	69492	60146	19779	19007	46196	67023	58861	82734	13090	56825	92681	53880	52602	63343	31026	62230	66514	49261	53937	77123	92393	58308	84546	71538	68692	61274	68891	80115	57276	66111	27196	61155	86584	95182	95555	61274	55596	17770	102384	31594	47602	95798	64179	57895	77598	55083	77071	64193	83429	50220	86046	55172	19481	48594	10430	91499	93161	71645	57483	94943	68721	113215	77302	68920	22937	64115	70572	57662	78972	24482	79035	51996	73291	68328	6977	
