//--------------------------------------------------------------------------------------------------------------------
//-- données sur le Lot récupérés par le géocodeur (matrice symétrique)
//-- 
//-- C. Duhamel, P. Lacomme C. Prodhon - juillet 2009 : 40520 kg à collecter, flotte de capa 58750
//--------------------------------------------------------------------------------------------------------------------
249 5 999999 0 0 0
5 250 80 2.1
5 500 80 5.2
5 1000 80 5.2
5 2000 100 7.2
10 4000 400 9.2
0   // la ville qui represente le depot
0	78168	86068	5318	56346	38777	74006	41802	81566	79120	14489	104400	93486	86265	62716	89837	9120	51520	88714	112090	93463	72948	25438	81036	75028	90933	48680	28094	101843	16141	77167	25764	111210	71608	77782	81707	88219	56707	95646	92658	85779	57187	10449	22216	6342	31357	20386	109524	25225	105816	65702	38437	107926	37893	51012	108887	78233	95414	39659	15176	42178	109249	101620	106750	96753	36209	15819	19477	46071	68394	21004	56221	88116	102297	89655	37296	34216	109878	85396	36447	34454	41517	21386	95957	94883	100570	28683	23871	56040	92788	94074	101904	15779	48365	66637	84864	14302	73589	80390	10694	18996	46138	91064	38950	21033	84138	70430	94092	42335	33621	65835	70195	69402	67952	31196	20922	98748	104396	108891	102195	29262	71867	18239	79979	28263	70424	57212	41835	19272	12061	107163	82690	15050	25963	63018	102862	83135	72292	82776	64593	96071	6592	67859	31309	98252	59034	28546	29460	91900	76420	19316	74796	79303	55109	92386	24499	22921	19542	42366	95558	50416	19049	106036	82960	21890	76601	11384	60421	49591	28041	32816	70882	93260	13197	21414	10180	101799	71035	89930	14613	117436	78683	72195	75131	77825	76807	88275	45937	41956	106690	50519	23982	16037	24549	102627	98446	36839	50572	70888	81516	85171	102168	90618	28150	64994	25276	87627	14921	82912	108774	88514	15770	41372	93533	99405	31605	55240	93758	88560	12170	94013	31937	114261	6359	53928	23854	27891	89610	105744	103965	90636	94017	100730	22613	73100	72856	57676	24358	18519	27457	22141	35018	56610	51635	108005	44914	98195	64707	12027	17489	
78168	0	27685	74121	37023	60406	34390	69728	15756	21051	109817	59862	20513	27290	106070	47378	78593	88962	23192	18383	24403	17372	59691	44227	42013	25411	59490	69839	32783	72745	55509	66203	44894	59303	40973	44898	39078	32012	51351	43517	11929	22650	108289	71434	72107	95123	57952	29715	57412	26008	61846	82990	42403	46354	74167	25572	41424	29891	58687	63889	89383	31779	18666	62455	26848	47947	77508	85597	65761	31157	69382	36843	50736	58002	45843	88105	88613	11757	36500	79286	52566	39778	69152	29641	29361	34217	52914	58562	27324	22257	28552	40319	74484	37427	13547	49286	82666	18713	32548	66926	91490	33574	39055	70732	87153	32128	14797	28155	85688	67458	34001	37974	80083	57758	62700	97266	32432	44688	49182	35844	53869	10625	116079	28641	83968	38203	31786	46140	64170	72079	27354	24621	65812	83821	73804	58324	42628	34072	13993	32372	51776	71863	43581	59190	18781	39089	91804	61082	18254	15410	69438	12652	5318	40802	30963	77358	61796	110215	84307	43549	28841	60015	61741	9929	63239	8519	81736	28938	42459	86196	49045	21371	44119	67486	75420	76300	49790	82326	19264	80733	19319	36562	4404	6226	25677	25052	22718	40816	38466	54681	71122	99026	107937	53361	22257	54152	41237	59376	71760	17526	19648	57630	25096	103194	54909	82676	31647	63493	17390	23929	22992	102847	85743	27560	50264	60508	27736	17226	26279	83528	42004	51441	29821	104762	38426	121694	84788	27606	39428	23621	17480	34225	35208	56517	7093	21662	58087	90477	79315	54034	119065	58460	82229	94988	21205	56942	52901	81874	99676	83609	
86068	27685	0	82732	60043	59805	12990	69127	18566	7970	118268	33758	44298	10554	68215	29716	87204	97413	22414	34637	27852	15035	64823	26565	26320	25322	46060	68543	36232	81196	42547	74654	39500	52107	23311	24937	17678	34918	29952	18351	31447	35082	116740	90984	80718	103575	66563	47774	78588	51178	51432	91441	38299	57735	60861	44080	23762	27834	53085	82440	72116	56949	43836	41056	52018	63666	85959	106686	62272	25004	77833	58495	29337	38172	24444	96556	72635	31275	15101	87737	59795	51159	88702	24246	29272	59387	57883	71362	46266	27177	28463	19160	83094	58603	21139	33593	91276	14465	11148	75537	99942	39442	10424	70131	108242	4941	36659	55852	94139	63536	55652	59625	62421	46991	62258	105717	24626	23756	28251	37490	66668	16996	124530	7241	92419	59855	52962	67316	73639	80689	45937	5558	75656	92273	56142	31055	21229	16410	19776	54023	30377	90651	33167	80366	43951	60741	134837	69533	42039	12690	77890	36437	24836	65087	9805	96908	82972	118666	92759	14918	36433	69484	42141	31864	68371	20429	90188	50590	63635	94648	58515	45156	22720	76097	83872	84910	21159	64663	24668	89343	30244	15162	21604	29487	4425	6597	16911	47365	49847	26050	54240	107478	116389	62130	42540	32752	52618	52247	54097	12569	18522	31525	20326	111645	44495	102226	6986	72104	17650	41587	22903	111299	94194	16946	21631	68960	50990	41011	12849	91980	13373	72617	54991	113213	40956	130145	104338	69618	34034	48791	31193	13423	31104	65986	19393	9946	50124	111567	87766	60156	127517	66912	64588	71262	39366	56341	24269	64212	108127	104698	
5318	74121	82732	0	52514	39806	70174	42830	77735	75288	14626	100568	89654	82433	67426	80355	4472	56229	84882	108258	89631	69116	21606	77204	71196	87101	48836	26932	98011	17326	77726	21932	107379	72167	73950	77875	84387	52875	91814	88826	81947	53355	9120	17250	2510	35629	16554	105692	21393	101984	65007	43146	104094	34061	52040	105055	74401	91582	35827	13970	43442	105417	97788	102918	92921	32377	17004	14511	47099	64562	17172	52389	84284	98465	85823	40846	35480	106046	81564	41156	30622	37686	17554	92125	91051	96738	24851	20039	52208	88956	90242	98072	11947	44533	62805	77518	9655	69757	76558	6862	23705	42306	87232	40213	16067	80306	66598	90260	47044	33777	62003	66363	74167	68108	31352	25632	94916	100565	105059	98363	25430	68035	12150	76147	32973	66592	53380	38003	15440	8229	103331	78858	11218	30673	63577	99031	79303	68460	78945	60761	92239	7778	64027	27477	94421	55202	21667	25628	88068	72588	19322	70964	75471	51277	88554	19533	19089	19679	47075	91726	46584	15217	102204	79128	18058	72769	12570	56589	45759	32750	28984	67051	89428	9366	22600	5214	97967	71594	86098	9647	113604	74851	68363	71299	73993	72975	84443	42105	38124	102858	51547	25895	16174	20717	98795	94614	33007	50728	71447	77684	81339	98336	86786	30183	65149	20310	83795	11089	79080	104943	84683	20267	46081	89701	95573	27773	51408	89926	84728	14377	90181	28105	110429	11677	50096	18367	22925	85778	101912	100133	86804	90185	96898	18782	69268	69024	57832	19392	23228	23625	22278	35174	61319	56344	104173	41082	94363	70580	16736	14987	
56346	37023	60043	52514	0	53535	47300	62856	50596	52414	66988	79475	29804	59559	97959	59262	56834	80852	58031	48408	59242	46242	42327	56111	53897	60250	49396	51401	67622	47587	66186	47765	79734	71146	52857	56782	61513	33459	70721	65952	47503	23309	61482	41946	50347	87013	35765	45841	27924	41600	66058	74880	77243	16689	67296	45204	53308	64730	40978	42130	81273	35194	32685	81825	29692	18459	57137	54447	58890	41835	43630	4475	63191	77372	64729	79994	59949	47332	57636	71176	35202	22414	39664	64480	64200	33509	31706	28266	16910	56782	63391	75199	37538	7939	39931	61170	60906	46883	53684	45167	63887	29910	64359	81023	59579	57432	22189	27031	77577	52107	8175	14821	89423	69159	47349	89156	67271	77691	82185	70684	26889	42329	64512	53273	75858	13603	7694	13870	33856	43622	43480	55984	37771	75711	78833	77937	58210	45956	48832	12546	71146	50104	54259	29702	34570	7636	62405	40016	28217	46882	45780	26554	40892	6039	65680	47870	32309	79785	76197	68853	24431	34430	81111	32298	40699	43359	52702	7109	7448	78086	25717	23321	66554	39754	56983	46081	75093	86850	54103	47755	53754	52316	36134	30831	51119	50101	57558	37153	16824	79984	64251	90916	77508	30033	38944	73521	22106	49283	83643	52366	54488	77242	59935	95084	66205	53188	60921	41734	52229	45092	57831	72418	77633	62400	72699	42071	12219	28445	61118	54510	67308	21953	40206	58079	40630	62057	55300	21986	74268	40282	53054	67312	70047	30932	41932	46150	58882	59383	60878	28059	74640	43109	91853	86878	44322	46232	73270	85836	69246	54209	
38777	60406	59805	39806	53535	0	47233	10347	63754	60416	37557	77962	75317	70824	32339	53142	41413	26919	70902	93921	75650	55135	28260	52148	46140	73121	14285	11591	84030	24670	40472	22368	95995	34913	48894	52819	61446	34319	69208	65886	67967	39374	36029	48918	37766	39650	30511	91355	50203	87647	24817	25269	90113	41919	14786	90718	49345	77601	13915	27010	13336	91080	83451	80312	78584	48727	24658	51256	6380	39506	23310	56155	60025	75860	63217	32631	14945	67795	56508	23538	20626	31898	46635	78144	77071	82401	27030	41696	42917	74976	76262	75132	41028	48027	48824	48169	50077	54383	52114	33471	22057	28326	64292	11351	55730	57365	60811	75923	18983	13718	56216	60576	36913	27802	15740	31516	79979	77624	82119	84382	39386	54055	43819	53207	19625	60805	47592	53545	42893	38623	88994	65829	38671	23569	26323	76425	54247	43404	64964	54974	69633	32571	33592	56558	80083	61305	54126	24032	73731	58607	20750	79354	61491	55309	65614	54842	48170	37955	25197	68786	32603	35897	79598	65147	27075	58788	28887	50802	53058	26230	36842	76405	66488	34030	22372	41959	75027	34340	72117	46392	78043	49795	54383	54510	56701	56964	70463	21043	36725	85802	11741	35937	35678	30381	84458	72009	34899	10422	34193	63704	67358	75730	72806	40104	24844	60160	60855	33337	65100	90605	70702	30588	27638	72754	72632	23459	45621	75589	73119	27067	67241	54886	96092	32502	25040	49434	59670	71441	90528	85796	72824	67245	82918	36992	55287	52865	17526	59697	22158	38483	46806	19562	22848	24868	89836	8876	71757	33327	27416	49268	
74006	34390	12990	70174	47300	47233	0	56536	28762	18166	105678	31812	60905	23991	55625	17125	87092	84823	35851	44833	38397	20358	52233	13974	13729	35867	33469	55953	46776	68606	29956	62064	49161	39516	10720	14645	14613	22327	28584	19052	41643	30132	104150	78394	80606	90984	53972	76942	65997	73234	38842	78851	51736	45144	48270	53802	11171	41270	40494	69850	59526	76667	48133	39688	64171	51076	73369	94096	49682	12413	65242	51362	21055	35235	22593	83966	60044	41471	8550	75147	47205	38569	76111	32777	39817	67988	45293	58771	33675	37722	39008	28298	70504	46013	25987	21002	91165	13521	5024	62946	87351	26852	17458	57540	83173	10532	40957	61510	81549	50945	48995	53355	49830	34401	49667	93127	33145	30791	35285	50927	54078	23934	111939	6373	79829	53584	40371	54726	61049	68099	74581	18995	63066	79682	43551	30275	12116	3819	29972	47753	29009	78061	20577	67776	65671	54084	122246	56943	59318	22886	65299	40735	35032	52496	18780	84318	70382	106076	80168	21952	26260	56894	38974	39397	55781	30625	77597	43581	51044	82057	45924	61992	19654	63506	71281	84798	28193	52073	34864	89231	40789	5784	27438	33784	9867	14713	29524	34775	37256	33084	41650	94887	103798	49539	51725	31385	40028	39657	41507	22765	28718	29580	33763	99055	31904	89636	14021	59513	27846	51309	33448	98708	81604	25920	25799	56369	38400	61176	26286	79389	20407	60026	81679	100622	28365	117555	91747	57028	43695	53088	41738	20411	44540	53396	26345	14105	37533	86497	75176	47565	114926	54321	51998	58672	50673	43750	28436	51621	95537	79629	
41802	69728	69127	42830	62856	10347	56536	0	73076	69738	40582	75655	93970	80146	30032	50834	44437	20583	80223	112574	84972	64457	31437	53705	51859	82443	22334	14615	93352	27694	38165	27017	108185	32605	58216	57836	63196	43641	66901	69021	77288	48696	39053	51942	40790	33313	33535	110007	53227	106299	27170	18627	99435	51241	12479	109370	57468	86923	23237	30034	8612	109732	102103	78005	97237	49358	27682	54280	7538	48828	26334	65477	57718	73552	60909	26295	8302	77117	65830	17201	29947	41220	49659	87466	86393	101054	36352	44720	52239	84297	85583	84454	44052	57348	58146	45861	53101	63705	61436	36495	23756	37648	73614	5014	58754	66687	70133	94576	12646	23040	65538	69898	34606	30025	20046	33609	89301	86946	94067	93704	42410	63376	46843	62529	15239	70127	56914	54984	45917	41647	107646	75151	41696	19281	24015	74117	61966	52726	74286	64296	67326	35595	41640	59582	98736	70627	57150	31024	92383	67929	23774	98006	70813	64631	74935	57866	51194	40979	18861	78108	41925	38922	77291	74469	30100	68110	31911	60123	62380	24387	46164	95058	66349	37055	25396	44983	77832	32033	81439	49416	87364	59117	63705	63831	66023	66285	79784	30365	46047	83495	14800	37216	38702	34391	103110	69701	44221	18471	31886	73026	76680	73422	82128	41384	27066	63184	70177	36361	74422	109258	80024	33612	21301	82076	73075	26701	54942	94242	82441	30091	76563	55366	114744	35526	34361	52458	62694	90093	102719	104448	82146	76567	92240	40017	64609	62186	25574	62721	25182	39615	49830	23868	20541	21646	108488	18198	69449	31019	30440	52292	
81566	15756	18566	77735	50596	63754	28762	73076	0	11932	113624	50579	33130	15776	84008	45508	95038	92769	7847	15902	12596	14262	69117	42357	37519	10066	63296	73646	20976	76552	53746	70009	29550	59735	39103	40729	33471	35819	45744	37910	15289	31298	112095	86340	76073	98930	61918	28565	73943	31305	62631	86797	27059	53090	77974	24871	39554	14547	62494	77796	93190	40769	28747	56848	36429	59022	81315	102042	69568	34081	73188	51189	45129	52395	40236	91911	92419	19346	30893	83093	61837	46515	84057	14296	14016	43798	53239	66717	41621	11921	13207	26833	78450	53958	17354	44792	99110	21278	26940	70892	95297	37380	26245	74539	103598	23507	29143	40263	89494	71265	48346	52320	78213	58191	66507	101073	17087	29343	33838	21328	62024	10097	119885	23034	87775	52549	48317	62672	68995	76045	26728	15502	71012	87628	71934	46902	37021	28047	6422	46718	46169	86007	44366	75721	28362	53435	130192	64889	32600	6291	73245	26998	12907	55148	21199	92263	78328	114022	88114	27997	32648	64840	57401	19935	72664	8500	85543	43284	58990	90003	53870	35717	38512	71452	79227	80266	37730	80455	5933	97177	14988	30954	15983	20571	20070	15933	7374	44623	45202	42426	74929	102833	111744	57485	23805	48544	47974	63183	69889	8805	5326	48096	9751	107001	55694	97582	22528	67459	6665	22378	7139	106654	89550	12216	38202	64315	42082	31572	10934	87335	29944	67972	33863	108568	42232	125501	99693	41952	24084	27641	14998	20739	19863	61342	9392	20731	61323	106922	83122	55511	122872	62267	86036	98795	20157	60749	40840	80004	103483	100053	
79120	21051	7970	75288	52414	60416	18166	69738	11932	0	110774	37647	37664	7145	73411	34911	92188	89919	18543	28002	21566	8401	66267	31760	26922	19037	46662	70796	29946	73702	43149	67160	35629	49138	28506	30132	22874	30399	35147	27313	24812	28448	109246	83490	73223	96080	59068	40665	71093	44544	52034	83947	34427	50240	61463	36972	28957	23962	53687	74946	72719	50315	37202	46251	45384	56172	78465	99192	62874	23484	70339	51860	34532	41798	29639	89062	89570	24641	20296	80243	58987	43665	81207	20375	22987	52753	50389	63867	38771	20891	22178	19268	75600	51109	14504	34195	96261	11964	16344	68043	92447	34531	14313	70733	100748	13852	30025	49217	86645	68415	49017	52991	67616	47594	63657	98223	23166	23219	27713	33618	59174	10362	117035	12437	84925	53220	45467	59822	66145	73195	38828	3570	68162	84778	61337	34944	26424	17450	13142	47389	35572	83157	33770	72872	37317	54106	127343	62039	35405	6056	70395	29803	18201	55819	9913	89414	75478	111172	85264	18807	29798	61990	46030	25230	69815	13795	82693	43955	56140	87153	51020	38522	27915	68602	76377	77416	25048	69859	18033	94327	23958	20358	14970	22853	9473	5336	12693	41773	42353	29939	54843	99983	108894	54635	35906	37947	45124	52849	59293	5934	11888	35415	16454	104151	45097	94732	10596	64610	11016	34479	16618	103804	86700	17686	25521	61465	43496	34376	9440	84485	17262	65122	48357	105719	35659	122651	96843	62124	30162	42156	24907	13174	27232	58492	12758	10134	50726	104072	80272	52661	120022	59417	69784	76458	32258	56943	28158	69407	100633	97204	
14489	109817	118268	14626	66988	37557	105678	40582	113624	110774	0	113524	112646	117796	61583	88703	12602	50386	120245	131249	124994	104478	34427	87983	81975	122464	50328	26960	133373	25018	76034	38972	142741	70474	84729	88654	119749	91696	104770	124188	117310	86034	6112	30505	17128	22672	31172	128683	36011	124975	64569	37303	139456	48679	49878	128046	85180	126944	46815	24054	41044	128408	120779	115874	115913	46995	25571	25568	44937	75341	28425	67007	95587	111421	98778	27888	33082	129038	92343	35313	44385	57677	29302	127488	126414	119730	39469	34657	87794	124319	125605	133435	26565	59151	98168	83730	17724	105120	111920	21480	17862	61837	122595	37816	23377	115668	86590	113252	41201	35269	81995	86355	68268	65446	32844	13413	130279	135927	140422	133726	40048	103398	11466	111510	27130	113286	73371	52621	30058	22847	126322	114221	25836	24830	61884	111986	90081	104192	114307	80753	105195	17974	74805	39224	117412	69820	21773	42979	111059	107950	27082	116682	110834	65895	123916	33363	34154	6721	41232	127089	82668	29835	115160	114491	29311	108132	19150	76580	60377	23837	43602	113733	124791	23983	27374	18469	133330	69902	121461	23477	136595	110553	103726	103853	109355	108338	119806	59101	62504	138221	49385	12937	3217	35335	121786	107570	47625	48066	69755	113047	116702	111291	122149	17225	62488	31040	119158	25707	114443	127934	120045	7310	31483	125064	130935	38656	71399	112917	120091	18243	125544	42723	133420	8264	60874	17081	32483	108769	137275	123124	137448	125548	132261	33399	104630	104387	55170	27344	20106	38243	12114	36666	55476	50501	127164	44711	107318	63574	13369	23843	
104400	59862	33758	100568	79475	77962	31812	75655	50579	37647	113524	0	91528	39418	63946	24815	103467	80109	49479	61562	57006	45874	78941	25656	34753	53939	60177	82661	53500	88982	39983	82440	38878	47837	25144	21731	20890	52951	17873	18981	60949	60755	108123	107247	96981	97666	82826	76928	96621	80991	54398	85245	42781	75768	63867	73235	28777	45911	67202	90227	70103	107290	73649	12820	94795	81699	93745	110471	70733	41457	85619	81985	21467	9600	14740	90647	79524	62288	25640	81554	73913	69192	104965	39489	51353	98612	74146	89395	64299	56332	52678	25555	99357	76636	50642	31794	107539	44140	28865	91800	92781	57475	24200	76657	112027	33975	66472	92134	75859	77653	79618	83979	60858	49782	76375	99822	33894	21236	24759	49326	84701	48009	115912	31889	110452	84208	70995	85349	91672	96953	75091	34754	91919	86378	51872	7011	21219	32670	50789	78377	12593	98437	43085	98399	73764	84707	126220	77319	89941	43703	85676	66250	55849	83119	35137	113171	101005	110049	83083	20999	56884	88682	8383	64913	82489	51442	97974	74204	81668	88739	76547	92616	16114	92360	91658	101173	14152	60393	51593	105606	59399	28242	52954	59300	35383	41283	43456	61483	67880	14187	61644	101569	107771	79019	69466	10137	70651	66365	49827	43582	46815	9808	47993	105737	55729	118489	27051	88367	49085	70742	49109	102681	85654	38556	16488	76746	69023	70824	42045	99766	21603	90650	82226	104595	55074	121528	120601	87651	33411	77403	60347	30275	42284	84019	51861	39620	59249	115351	94251	78189	118899	74787	60318	66993	68521	70458	12862	59942	99510	108482	
93486	20513	44298	89654	29804	75317	60905	93970	33130	37664	112646	91528	0	44478	108916	72039	94078	91809	34423	19301	30020	31762	68157	68888	66674	29100	68604	72685	37742	75591	78963	69049	53900	87132	65634	69559	53468	46237	83498	57907	23425	40574	111135	98743	87591	97970	74084	16734	58558	13027	82043	85837	46657	53951	99100	16097	66085	37360	61533	76836	92230	14850	8957	94602	6083	49093	80354	101082	79739	54612	72228	27681	75969	90149	77507	90951	91459	17089	70414	82132	60877	47375	96461	42561	32932	13826	66926	58901	42334	27675	32558	55534	90854	38574	27938	73947	98150	33103	66461	83058	94337	42688	53446	91980	102637	46519	13737	7642	88534	70305	23834	17267	115601	85144	65547	100113	46932	59188	63682	40804	61466	29096	118925	43031	86814	15915	34113	47287	85354	88449	14373	41504	83178	86668	109218	90715	70987	58733	31638	21595	83923	85046	67036	60337	5463	24205	129232	63929	4100	33056	72285	8342	21214	31517	47847	104667	62943	113062	87154	57939	37209	79940	93888	15690	71704	25467	84583	25849	35108	89043	56642	9849	58510	83856	78267	91784	64180	117235	28969	96217	24647	65094	22901	16426	40067	38788	36075	49930	46063	69071	85100	101873	110784	70278	9838	86299	48834	68491	96421	35172	34028	90020	40192	106040	75903	109985	50008	79625	35036	15985	33420	105694	88589	40917	64654	63355	33070	5958	39636	86375	56394	52588	12781	107608	53408	124541	109495	11399	51710	11176	25499	49440	42677	64114	25921	36053	74868	105962	82161	60819	121912	61307	102810	97834	15216	66788	67292	110907	102523	99093	
86265	27290	10554	82433	59559	70824	23991	80146	15776	7145	117796	39418	44478	0	79229	40729	86855	97064	14408	27282	19845	15546	73412	37578	37333	17315	57073	77941	28225	80847	53560	74305	31493	63120	34324	35950	28692	37545	40965	24042	26854	35593	116391	90635	80369	103226	66214	39767	78239	42507	62445	91092	30292	57386	71874	36073	34775	19827	64098	82091	83130	51971	44347	46217	47995	63317	85610	93859	73285	30630	77484	59006	40350	43833	35457	96207	83648	31356	26114	87388	66132	50810	88353	16240	21265	55364	57534	71013	45917	19170	20456	15922	82745	58254	21650	44606	90927	19109	22161	75188	99593	41676	16416	81144	107893	15954	37170	51828	93790	74549	56163	60136	73434	58005	70803	105368	16663	19873	24368	29483	66319	17507	124181	18255	92070	60365	52613	66967	73291	80341	37930	4617	75307	91924	67155	37432	32242	27423	19927	54534	39971	90302	44181	80017	39927	61252	134488	69184	42550	13201	77541	36948	24916	62965	7799	96559	82623	118317	92410	17087	36944	69135	47931	31944	76960	20510	89839	51100	63286	94299	58166	45667	33733	75748	83523	84561	26819	75677	17498	88994	22237	26175	22115	29998	17263	12482	8904	48918	49498	32956	65253	107129	116040	61781	35371	40240	52269	63260	65110	10674	12720	37186	12319	111296	55508	101877	12699	71755	14990	33580	14896	110950	93845	7600	27292	68611	50641	41522	4842	91631	19034	72268	45065	112864	51969	129796	103989	69269	26027	40242	23186	9829	23097	65637	19904	17280	61137	111218	87417	59807	127168	66563	75602	82276	31359	67354	29929	75225	107778	91870	
62716	106070	68215	67426	97959	32339	55625	30032	84008	73411	61583	63946	108916	79229	0	36125	65627	27813	82535	126895	85559	71112	64839	38996	37150	83029	31881	39629	93939	52708	23456	52031	93476	17896	42475	43127	48487	46417	52192	54312	112956	81679	60243	76956	65804	45370	58548	124329	78240	120621	15449	32949	97380	75261	16495	123692	42759	87955	43480	55048	19794	124054	116425	55613	111558	82069	54898	81366	23362	46965	51348	101125	43008	58843	46200	38352	29215	124683	50089	29258	57559	71909	74673	85091	86979	115375	63608	69733	83439	84884	86170	76213	69066	95776	93813	31152	74291	65424	51623	61508	40486	57891	60611	24421	79943	62845	103354	108897	23563	43283	98759	103119	8441	21205	45305	47527	88492	75834	79357	103924	67424	99044	68033	58687	35922	108931	90135	86213	70931	66661	121968	71308	66709	34082	8716	59408	47257	49425	77134	97517	52617	62811	33911	84596	113058	103848	78340	60611	106705	70048	48788	112328	106480	102260	71093	82879	76208	62169	30787	69867	78313	63935	62581	110137	55113	77787	59127	93345	100808	36444	70184	109379	51640	62068	48910	71494	63123	10369	82026	76502	87951	46241	99372	99499	62181	61875	76686	44527	76736	68786	23779	49273	59891	66960	117432	54992	71259	33067	12540	69927	75880	58713	80447	53441	22423	88198	66335	61374	75008	123580	80610	54801	33358	78234	58366	60037	88164	108563	78599	55665	62414	80380	129066	56716	42593	73648	89050	104415	88010	118770	88900	72725	96882	65030	100276	63905	23722	83910	50054	72010	71019	57989	8023	14697	122810	38441	54740	3747	51630	80410	
89837	47378	29716	80355	59262	53142	17125	50834	45508	34911	88703	24815	72039	40729	36125	0	92006	55293	52670	61652	55216	35617	60201	3501	9937	52686	35326	62184	63595	70243	15168	63701	57351	23022	6980	7002	12362	34211	16067	18187	58462	42016	86622	88508	78241	72850	64086	88826	77881	85118	29583	60429	61255	57028	39051	88189	7264	58089	48463	71487	45287	88551	62122	27171	76055	62959	75006	91731	45917	22717	66880	63245	6884	22718	10075	65832	54708	58290	14594	56739	55173	50453	86225	49573	56636	79872	55407	70655	45559	54541	55827	40088	80618	57896	37871	6979	88800	29929	16128	73060	67966	38736	24486	51842	93287	27351	54945	73394	51043	58914	60879	65239	33335	24967	57636	75007	52367	39709	43232	67799	65962	40753	94412	23192	63402	65468	52255	66610	72933	78213	86465	35814	73180	61562	27056	23283	11132	13930	46791	59637	16492	79698	18270	79659	77554	65968	104719	58580	71202	39705	66936	54723	51851	64380	35599	94432	82266	88548	58268	33742	38144	69942	26456	53385	63749	47444	79234	55464	62928	63924	57808	73876	15515	73620	72966	82434	26998	35578	51683	86867	57608	10746	40466	47773	26686	31532	46343	42743	49140	32661	36828	76754	86271	60280	81929	18867	51912	43428	25012	39584	45537	22588	50582	80921	30914	99750	30840	69628	44665	67385	50267	81181	60838	42739	22241	58006	50283	73060	43105	77660	26289	71910	93563	83095	36334	100028	101861	68912	51885	83267	58557	37230	60757	65279	43164	28410	34434	96612	72751	59449	97399	56047	35503	42177	64661	51719	18615	35126	78010	89743	
9120	78593	87204	4472	56834	41413	87092	44437	95038	92188	12602	103467	94078	86855	65627	92006	0	54214	89354	112730	94103	73588	26078	81676	75668	91574	54156	30788	102483	21128	79861	26404	111851	74302	78422	82347	88859	57347	96286	93298	86419	57827	7104	20956	6982	33614	21026	110164	25865	106456	68396	41130	108566	38533	53705	109527	78873	96054	40299	18442	44872	109889	102260	107390	97393	36849	20806	16951	48765	69034	21644	56861	88756	102937	90295	38830	36910	110518	86036	39141	35094	42158	19156	96597	95523	101210	29323	24511	56680	93428	94714	102545	16419	49005	67277	87558	6492	74229	81030	11334	21690	46779	91705	41643	18932	84778	71070	94732	45028	39097	66475	70835	72095	69274	36672	23616	99388	105037	109531	102835	29902	72507	6398	80619	30957	71065	57852	42476	19912	12701	107803	83330	15690	28657	65712	103503	83775	72933	83417	65233	96711	11579	68499	29079	98893	59675	19014	30100	92540	77060	23794	75436	79944	55749	93026	21972	24008	19279	45060	96198	51056	19689	106676	83600	22531	77241	16371	61061	50231	30735	33456	71523	93900	13838	26401	8323	102439	73729	90570	12086	118076	79323	72835	75771	78465	77447	88915	46577	42596	107330	53213	23879	14158	25189	103267	99086	37479	51894	73582	82156	85811	102808	91258	29782	66315	22749	88267	15561	83552	109415	89155	18252	44066	94174	100045	32245	55880	94398	89200	19594	94654	32577	114901	9616	54568	13863	25365	90250	106384	104605	91276	94657	101370	23254	73740	73496	58997	17115	21212	28097	19221	40494	59304	54329	108645	45554	98835	67401	14720	12031	
51520	88962	97413	56229	80852	26919	84823	20583	92769	89919	50386	80109	91809	97064	27813	55293	54214	0	100684	111688	105432	84917	49632	58160	56315	102903	38909	27746	113812	45039	42620	44362	123180	37060	61639	62291	67651	72135	71356	73477	97749	66472	48769	69286	58134	31685	50879	109122	70571	105414	34507	17742	119895	60054	21985	108485	61923	107383	43008	47379	16332	108847	101218	82460	96351	66702	43424	69892	24113	80510	43678	85918	62173	78007	65365	15722	20035	109476	69253	9824	42352	56702	67004	107926	106853	100168	48401	62064	68232	104758	106044	113874	61397	80569	78606	50317	62817	85558	92359	53839	27898	68586	103034	16082	68469	96107	88147	93690	10802	36055	83552	87912	34854	40369	33630	34939	110717	94998	98522	114164	59754	83837	56559	91949	24448	93724	74928	72328	63262	58992	106761	94659	59040	21494	28471	78572	66421	84631	94746	82310	71781	51337	53076	76926	97850	88641	66866	45404	91498	88389	41119	97121	91273	87053	104355	75210	68539	50695	5928	107528	63106	56266	81746	94930	47444	88570	47653	78138	85601	22759	54977	94172	70804	54399	41337	60020	82287	36488	101900	65028	117034	65405	84165	84292	89794	88777	100245	46940	61529	87950	31375	35588	48417	51753	102225	74156	56052	35046	36341	93486	97140	77878	102588	39756	41612	75690	99596	53705	94882	108373	100484	43327	12985	105503	77530	44830	72957	93356	100529	44191	81578	72711	113859	45242	50936	62174	77576	89208	117714	103563	117887	105987	112700	57361	85069	84826	36018	72436	38580	56803	59545	42782	22063	15775	107603	34773	73905	30160	40156	68936	
88714	23192	22414	84882	58031	70902	35851	80223	7847	18543	120245	49479	34423	14408	82535	52670	89354	100684	0	15610	8174	21078	75932	48984	44146	5644	63886	80461	15005	83367	60373	76825	23384	66362	45730	47356	40098	42635	52371	33600	18800	38113	118911	93155	82889	105746	68734	28096	80759	30836	69258	93612	19459	59906	84790	24402	46181	8993	69309	84612	100006	40300	33177	61970	37706	65837	88130	96379	76384	40708	80004	58690	51756	57517	46863	98727	99235	25862	37520	89908	68652	53330	90873	8130	8201	45075	60054	73533	48437	7499	6416	23009	85266	60774	24170	51419	93448	28094	33568	77708	102113	44196	27643	81354	110413	27831	36644	41539	96310	78081	55847	59821	84840	64818	73323	107888	14190	26446	32738	18650	68839	16912	126701	29661	94590	49625	55133	69487	75811	82861	26259	17529	77827	94444	78561	45802	43648	34674	11872	54219	55725	92822	50994	82537	29638	60936	137008	71704	37809	13504	80061	34499	20408	62649	19847	99079	85143	120837	94930	26645	39464	71656	56301	27436	79480	16001	92359	50785	65806	96819	60686	43559	45139	78268	86043	87081	36377	87083	7640	91514	10566	37582	22798	28072	26697	22560	6021	51438	52018	41326	72066	109649	118560	64301	25082	55993	54789	69999	76517	10949	5597	52939	5762	113816	62321	104397	24575	74275	6935	21909	4693	113470	96365	10863	36850	71131	49583	39073	9582	94151	28591	74788	33394	115384	49048	132316	106509	45108	17918	28570	11515	19386	12264	68157	16893	27358	67950	113738	89937	62327	129688	69083	87008	105610	19688	67564	39487	86631	110298	94391	
112090	18383	34637	108258	48408	93921	44833	112574	15902	28002	131249	61562	19301	27282	126895	61652	112730	111688	15610	0	10720	32810	89639	59041	54202	9799	74562	94167	18442	97073	70430	90531	34599	76419	55787	57412	50154	47085	62427	46024	7901	41011	132617	120225	109073	119452	95566	15869	80040	18609	79315	107319	27356	64715	120582	12175	56237	18059	83015	98318	113712	28073	20950	68198	25478	70575	101836	122563	80834	50765	93710	49163	61812	65814	56919	112433	112941	14694	47577	103614	82359	58139	117943	23260	13631	32847	88408	80382	63816	8374	13257	36450	112336	60056	28620	61475	119632	39826	43624	104540	115819	48647	40067	113462	124119	40254	30309	29312	110016	91787	45316	38749	94896	74874	87029	121595	27631	39887	44381	21503	72230	28645	140407	39717	108296	37397	50147	68769	106836	109931	14032	29953	104660	108150	88617	57446	53705	44730	13679	43076	61953	106528	61050	81819	17411	45687	150714	85410	25582	25237	93767	23787	14438	52999	32270	126149	84425	134544	108636	39068	58690	101422	67944	21236	93186	15544	106065	47331	56590	110525	67406	31331	55196	105338	99749	113266	48801	97139	12393	117699	5346	47638	21548	24587	36753	32617	18445	55889	56827	52970	82123	123355	132266	91759	12854	62221	59598	74449	86573	22681	17329	59167	20891	127522	72377	131467	36999	101107	18668	9682	14119	127176	110071	23287	49273	84837	46097	27440	22005	107857	41015	74070	21167	129090	53499	146023	130977	32881	32409	16343	6199	31810	23376	74878	20150	37415	78006	127444	103643	66777	143394	82789	124292	119316	7461	88270	51911	96688	124005	120575	
93463	24403	27852	89631	59242	75650	38397	84972	12596	21566	124994	57006	30020	19845	85559	55216	94103	105432	8174	10720	0	25821	80676	52052	47213	2810	74856	85205	8678	88111	63441	81569	24378	69430	48798	50423	43165	47378	55438	39035	14255	42857	123655	97899	100111	110489	73478	24493	85502	27233	72326	98356	17593	64649	89533	20799	49248	11070	74053	89355	104749	36697	29574	61209	34102	70581	92874	101122	81127	43776	84748	57787	54823	58825	49930	103471	103979	21317	40588	94652	73396	58074	95616	16271	3867	41471	64798	78277	53181	3007	6268	29461	90009	65518	28913	54486	98191	32837	36635	82452	106856	48940	33078	86098	102678	33265	41387	37936	101054	82824	53940	47373	87908	67885	78066	112632	20642	32898	37392	11739	73583	21656	131445	32728	99334	46021	59877	74231	80554	87604	22656	22964	82571	99187	81628	50457	46716	37741	11437	51700	54964	97566	54061	87281	26035	54311	141752	76448	34206	18248	84804	32410	20792	61623	25281	103823	89887	125581	99674	32080	44207	76399	60955	27590	84224	16022	97103	55529	70549	101563	65429	39955	48207	83011	90786	91825	41812	90150	6009	96258	6963	40649	27542	32816	29764	25628	11456	56182	56762	45981	75134	114392	123303	69044	21478	55232	59533	74742	79584	15692	10341	52178	13902	118560	65388	109141	30010	79019	11679	18306	7130	118213	101109	16298	42284	75874	54326	36064	15016	98894	34026	79531	29791	120128	53792	137060	111252	41505	25420	24967	7911	24821	13156	72901	17909	30426	71017	106003	94681	67070	134431	73826	97595	110354	16085	72308	44922	89699	115042	99134	
72948	17372	15035	69116	46242	55135	20358	64457	14262	8401	104478	45874	31762	15546	71112	35617	73588	84917	21078	32810	25821	0	60095	32447	30233	23242	54275	64624	34151	67530	45352	60988	40492	49147	29193	32324	25066	26798	37339	29505	19381	22276	103074	77318	67051	89908	52897	42079	64921	38372	51690	77775	39291	44069	68952	37936	29644	27722	53472	68774	84168	44143	31030	48443	39212	50000	72293	93020	60546	21001	64167	45688	36724	43991	31831	82890	83398	19210	22489	74071	52815	37493	75035	25238	27191	46581	44217	57696	32600	25096	26382	27669	69428	44937	8332	37506	90089	5473	18536	61871	86275	28359	22596	65517	82097	18117	23853	43046	80473	62243	42845	46819	68303	47602	57485	92051	28029	31619	36114	34503	53002	4175	110864	14629	78753	47048	39296	53650	59973	67023	39718	11971	61990	78607	62024	44313	28617	20465	15085	41217	37764	76985	33425	66700	31145	47934	121171	55867	29233	6445	64223	23631	12790	49647	18313	83242	69306	105000	79093	27089	23626	55818	47729	22293	63643	10088	76522	37783	49969	80982	44848	32350	30108	62430	70206	83723	33330	70545	22238	88156	28163	22550	8798	16681	11665	9524	17556	35601	36181	38221	54498	93811	102722	48463	34621	40140	38952	54162	59979	10798	17479	43618	21318	97979	44752	88560	18997	58438	15221	36293	20823	97632	80528	22815	36252	55294	37324	28205	17841	78313	25545	58951	42185	99547	33211	116479	90671	55952	35025	35985	25179	21575	32095	52320	6587	7651	50381	85422	74100	46490	113850	53245	77014	89773	33569	51727	38890	70094	94461	91032	
25438	59691	64823	21606	42327	28260	52233	31437	69117	66267	34427	78941	68157	73412	64839	60201	26078	49632	75932	89639	80676	60095	0	57227	51219	69659	32019	15488	80569	10226	55977	6095	89936	52295	53973	57898	66945	35433	71837	71384	64505	35913	30707	30725	19573	55227	8103	84100	26926	80393	47207	43093	86652	17640	40596	83463	54424	74139	14235	8817	31998	83825	76197	82941	71330	23926	23405	33063	32441	44586	6823	44961	64308	78489	65846	48208	24036	84455	61588	39389	9016	20704	28442	74683	73609	75147	7274	19757	35227	71514	72800	80630	22835	26547	45363	57542	30132	52315	59116	15278	27973	24864	69790	28770	34619	62864	49617	68669	45791	16299	45022	49382	62723	50308	13541	37433	77474	83122	87617	80921	16979	50593	33738	58705	25541	49611	36398	29552	19373	20430	81739	61416	17196	29485	52133	79054	59326	48484	61502	43780	72262	17028	44050	31738	72829	50110	39270	5329	66476	55145	7468	53983	58029	35431	71112	36649	24901	43872	44411	74284	29142	13959	82227	61686	3548	55327	18970	39607	37308	32147	12563	69151	71986	15837	21070	23766	80525	60150	68656	28199	92013	54875	50921	54318	56551	55533	67001	22128	25531	85416	37802	41853	41594	4296	77204	74638	16993	31906	60003	60242	63897	78359	69344	46021	47349	41967	66353	13644	61638	83351	67240	36504	45846	72259	78130	7010	34426	68335	67286	20778	72739	29935	88837	24347	30119	38844	41477	64186	84470	78542	92865	72743	79456	14585	51826	51582	40032	37943	24964	9521	40130	14452	48658	55091	82582	19490	74386	59136	33333	31075	
81036	44227	26565	77204	56111	52148	13974	53705	42357	31760	87983	25656	68888	37578	38996	3501	81676	58160	48984	59041	52052	32447	57227	0	13207	49535	38287	60770	60445	67092	18039	60550	58192	25893	3829	5259	11739	31060	16907	17564	55311	38865	86232	85357	75090	75721	60936	85675	74730	81967	32454	63300	62095	53877	41922	85038	4113	54938	45312	68336	48158	85400	58971	28011	72904	59809	71855	88580	48788	19566	63729	60094	9378	23559	10916	68703	57579	55140	11444	59610	52022	47302	83074	46446	53485	76721	52256	67504	42408	51390	52676	35084	77467	54746	34720	9850	85649	26778	12977	69910	96084	35585	23863	54713	90136	24200	51794	70243	53914	55763	57728	62088	36206	27838	54485	77878	46813	40550	44073	64595	62811	37602	94022	20041	88562	62317	49104	63459	69782	75062	83314	32663	70029	64433	29927	24124	10509	10779	43640	56486	17332	76547	21141	76508	74404	62817	104329	55429	68051	36554	63785	51572	48700	61229	32448	91281	79115	88158	61139	28738	34993	66792	27297	50234	60598	44294	76084	52314	59777	66795	54657	70725	16752	70469	69768	79283	27839	38449	48532	83716	54457	7595	37315	44622	23536	28381	43192	39592	45989	33501	39699	79625	85881	57129	78778	19708	48761	44474	27883	36433	42386	23429	47431	83792	33785	96599	27689	66477	41514	64234	47116	80791	63709	39588	23082	54856	47133	69909	39954	77875	22998	68759	90412	82705	33183	99637	98710	65761	52725	80116	55406	34080	58208	62129	40013	25259	37305	93461	72361	56298	97009	52896	38374	45048	61510	48568	19456	37997	77619	86592	
75028	42013	26320	71196	53897	46140	13729	51859	37519	26922	81975	34753	66674	37333	37150	9937	75668	56315	44146	54202	47213	30233	51219	13207	0	44624	28502	54869	55533	61191	14972	54649	62500	20961	14893	17473	22299	24343	26004	32391	50399	36637	80331	79456	69189	87976	55034	83447	67847	79739	24033	75843	60014	51649	40076	62559	9731	49549	39411	62435	46313	83172	54389	37108	70677	57581	65954	82679	37811	13665	57827	57867	16821	32655	20013	80958	58960	50228	22508	57764	46121	46298	77173	45962	48573	74494	46355	64089	40181	46478	47764	41638	71566	52518	30139	7351	79748	24550	18620	64008	66359	28664	30798	56457	84235	23871	47212	68016	52068	49862	55500	59860	34361	19416	48584	75818	46485	44130	48625	59205	59396	32690	88121	19713	63927	60089	46877	61231	66304	69161	81086	32334	64128	76675	28081	33221	20246	9910	38729	54258	26429	70646	11296	74281	72176	60589	98428	49528	65823	31642	57884	46991	43788	59001	32119	85379	71832	82257	59293	35292	32765	60890	36394	45653	54697	39382	70182	50086	57549	79050	51242	68497	25452	64568	63866	73382	36936	36603	43620	77815	49545	16883	35087	40040	23207	23469	38280	33691	43762	42598	31278	91880	79979	51228	76550	28804	46533	38573	26037	31521	37474	32526	42041	96047	22623	90698	27360	60575	36603	60066	42205	74890	78596	39260	32179	48954	44905	67681	39625	71974	33747	66531	88184	76804	27282	93736	92809	63533	57034	77888	50494	33751	52819	58713	35101	23031	28884	87559	66460	52883	91108	46995	36528	43202	56929	42667	28553	36152	71718	80691	
90933	25411	25322	87101	60250	73121	35867	82443	10066	19037	122464	53939	29100	17315	83029	52686	91574	102903	5644	9799	2810	23242	69659	49535	44624	0	72352	82701	11215	85607	60937	79065	24569	66926	46294	47920	40662	44875	52935	36531	12520	40353	121151	95395	85128	107985	70974	22758	82998	25498	69822	95852	20541	62146	87030	19064	46745	8029	71549	86851	102245	34962	27839	66431	32367	68077	90370	98618	78623	41272	82244	56052	52320	61978	47427	100967	101475	19582	38084	92148	70892	55570	93112	13767	6509	39736	62294	75773	50677	2161	3488	26957	87505	63014	26410	51983	95687	30333	34131	79948	104352	46436	30574	83594	112653	30762	38883	36201	98550	80321	52205	45638	85404	65381	75562	110128	18138	30394	37198	14277	71079	19152	128941	30224	96830	44286	57373	71727	78050	85100	20921	20460	80067	96684	79125	50263	44212	35238	9228	49966	60185	95062	51557	84777	24300	52576	139248	73944	32471	15744	82300	30676	16504	59888	22778	101319	87383	123077	97170	29576	41704	73895	60761	23194	81720	13813	94599	53025	68046	99059	62925	38220	45703	80508	88283	89321	39308	87646	3800	93754	5228	38145	25038	30312	27261	23124	8952	53678	54258	45787	72630	111889	120800	66540	19744	60454	57029	72239	77080	13188	7837	57400	11399	116056	62884	106637	27506	76515	9175	16571	4626	115710	98605	13794	39781	73371	51822	34329	12512	96391	31522	77028	28056	117624	51288	134556	108749	39770	22378	23232	6176	22317	13346	70397	15701	27922	68514	115977	92177	64567	131928	71322	95091	107850	14350	69804	42418	87195	112538	96630	
