//--------------------------------------------------------------------------------------------------------------------
//-- données sur l'INDRE récupérées par le géocodeur (matrice symétrique)
//-- 
//-- C. Duhamel, P. Lacomme C. Prodhon - juillet 2009 : 1700 kg à collecter, flotte de capa 4650
//--------------------------------------------------------------------------------------------------------------------
84 6 999999 0 0 0
5 30 35 0.8
10 50 50 1.2
10 50 80 1
10 100 70 3.5
10 100 80 2.2
5 300 130 4.2
0   // la ville qui represente le depot
0	47099	41852	36773	82327	36622	85733	25038	69770	23200	79561	32225	118371	54680	43240	47619	101998	94731	15187	59458	83401	11342	55982	53366	99020	29625	47994	109667	66826	24610	49027	119829	29586	71064	17797	31032	42120	42114	72098	87216	63199	43977	99606	108184	50159	84917	84919	29143	72150	23344	59581	53110	63935	18833	54163	14946	92106	39867	86880	107714	18058	78298	58765	110403	40737	44066	12654	45989	84787	35976	54984	18068	75042	26012	41314	84037	96585	101636	94770	37453	64590	89844	69286	106374	66137	
47099	0	12753	53430	50032	23478	77645	48031	73816	28957	49027	54089	68771	84444	44124	23176	71465	64197	40386	26669	83376	40604	23192	12385	66230	75169	19840	79133	21397	25588	85143	70229	27896	74472	28928	42750	24057	50180	26669	44542	80624	37408	66816	75395	8247	83676	88327	18288	63116	23878	17840	46738	21303	35366	38927	48860	61573	69631	62903	58114	37401	81706	71125	38520	6986	73830	38459	49396	54253	46675	39120	55867	29614	35767	59925	87566	63795	66513	40273	30884	56347	57055	38753	73585	33347	
41852	12753	0	41044	44750	11092	72364	35645	61430	28830	43745	41703	70416	72058	31738	19408	66183	58916	28000	21387	70990	40476	17910	11881	60949	62783	9923	73852	31277	25460	72757	68795	27768	62086	28801	30364	13908	37794	36549	39261	68238	25022	61534	70113	8674	78394	75941	11432	57834	23751	17337	34155	22450	22980	33646	36474	56291	57245	57622	59759	37273	69320	58739	62448	13492	61444	32663	37010	48972	34289	23398	43481	39493	35640	47539	75059	58513	63565	46814	18498	44061	51773	33471	68303	28065	
36773	53430	41044	0	60253	33157	52901	12974	31273	47416	57487	10957	96297	29791	11180	38811	79925	72657	32036	49223	44903	48151	45367	53850	92011	26045	53124	87593	77058	42528	36019	97755	46355	39166	41293	9318	38973	9282	79140	65142	29765	25798	92597	101176	59932	52085	54684	37597	39317	43013	53024	33908	59676	27016	42571	24525	70033	20508	64806	85640	53390	46822	20267	88329	56378	24707	36699	13156	62713	6047	32910	27789	92665	54227	6246	51205	89576	94039	72696	26248	31757	82835	47213	99366	53961	
82327	50032	44750	60253	0	45118	38415	62654	54242	75146	9001	60950	48592	89494	40250	30899	27271	21075	75358	30822	58734	86792	30925	42158	22131	80218	41432	38738	46596	71777	90192	46425	74084	52703	75117	56711	38308	44895	52689	15440	62443	32161	28981	47743	48241	44445	60478	58701	25032	70067	36384	26097	37528	70339	21975	70100	14578	74681	7744	37973	83589	50002	76175	49912	59808	78879	80022	38019	12731	51724	33518	81965	48164	81956	47894	48335	36143	41194	36572	43823	23126	29402	15447	38673	20856	
36622	23478	11092	33157	45118	0	58945	26223	51327	38200	47654	33411	86464	61955	21635	15771	70092	62824	22819	39390	60887	39521	35534	22599	82178	52679	17227	77760	41995	33312	62653	87922	37138	51982	32076	20942	11353	27691	47267	55309	58134	14919	82764	91343	19392	58509	65837	15998	44415	33797	28814	24052	33168	17800	25105	31294	60200	47142	54973	75807	44174	59216	48636	78496	24210	51341	27483	26907	52880	24185	23077	38301	50211	45010	37435	64956	79743	84206	62863	8395	33957	73002	37380	89533	44128	
85733	77645	72364	52901	38415	58945	0	61149	39778	94103	29965	59445	71388	61489	47307	52669	18699	19285	78722	60603	33027	95424	56748	65230	36971	77267	64504	20449	88439	89214	68900	69203	93041	29892	87979	56004	56287	46827	90521	49770	50472	44029	44633	58090	71312	7021	30778	81773	16724	89700	64404	35917	71056	73702	41156	73464	27366	71730	36148	65874	100077	21158	54636	99709	82880	65493	83385	41357	26514	49751	53361	79014	104045	100913	48893	16764	57001	63990	84076	52024	26188	60469	42222	54325	57564	
25038	48031	35645	12974	62654	26223	61149	0	43766	48275	59710	8427	98520	37506	19357	41034	82147	74880	14740	51446	55313	36417	47590	56073	94234	14829	55347	89816	79281	38434	38204	99978	42260	46408	37198	10643	35954	17459	81363	67365	42259	28021	94820	103399	43993	60261	60263	33502	47494	38919	55247	36131	61899	22922	44794	12790	72255	22693	67028	87863	43133	53642	32760	90552	44364	26892	23386	21333	64936	15587	35133	15566	94888	51087	17515	59382	91799	96261	74919	23588	39934	85058	49435	101589	56184	
69770	73816	61430	31273	54242	51327	39778	43766	0	78787	45253	41661	114452	26212	31992	56966	56841	48428	63406	67379	14527	80108	63523	72005	75113	41921	71279	58591	95214	73899	29173	115910	77725	14479	72663	40688	57129	31511	97296	83298	11112	41596	82775	96232	78088	33349	23463	67434	31343	74384	71179	40685	77832	58387	50240	54200	52330	31239	57282	103796	84761	19465	14910	106485	74520	25767	68070	26041	48031	34435	51066	52251	110820	85597	28978	27384	107732	112194	90851	44389	32713	100991	53081	92467	72117	
23200	28957	28830	47416	75146	38200	94103	48275	78787	0	69603	52549	96273	83374	51564	41477	92040	84773	31818	47244	88293	14034	43768	37768	86806	52810	35781	99709	48892	5493	84073	94653	5497	79388	8392	41210	39998	50438	54164	65118	79554	48846	87392	95971	34561	93241	93243	20928	83691	7658	43224	57979	48798	20446	59503	38131	82148	68561	83479	85616	10831	86622	70055	66015	22803	72760	18595	54313	74829	44301	49094	41253	57108	6828	51877	92362	84371	89422	72672	42322	76923	77630	59328	94161	53923	
79561	49027	43745	57487	9001	47654	29965	59710	45253	69603	0	59141	53508	87685	33438	29091	23341	16074	73549	32684	50284	90251	28828	37310	27044	78410	36584	31010	60519	66929	88384	51341	69236	44254	82807	54903	36499	36522	57605	20356	54069	26962	33894	52659	43393	35996	52029	53853	16583	65219	36484	16334	43137	68530	19211	68292	13449	72872	12657	42889	78741	41552	53081	71789	54960	77071	78213	29646	6130	49916	31710	80157	53080	77108	39521	39885	41059	46110	41488	42015	14753	34319	12318	43586	27660	
32225	54089	41703	10957	60950	33411	59445	8427	41661	52549	59141	0	96671	31810	17508	39185	80299	73032	21808	49597	50215	43484	45742	54224	92385	13411	53498	87967	77433	47597	32508	98129	51423	44560	46361	9608	39347	15610	79515	65516	33025	26172	92971	101550	60307	58413	58415	42665	45645	48082	53398	34282	60050	32085	42945	17398	70407	16997	65180	86014	50201	51794	25579	88703	54739	21195	30454	19484	63088	11115	33285	18486	93039	59295	15353	57533	89950	94413	73070	26622	38086	83210	47587	99740	54335	
118371	68771	70416	96297	48592	86464	71388	98520	114452	96273	53508	96671	0	125662	85645	60477	54430	55177	94917	49540	103099	108155	55346	63521	35507	116386	62795	62520	48869	93140	126360	11947	95447	115993	96480	92879	67554	91397	46765	37241	121841	72484	27071	18985	69604	77093	100850	80064	69915	91430	62695	77304	53557	89898	69494	106268	51266	110849	41254	14326	104952	91230	112342	41617	74372	115047	99581	90917	57214	87892	69686	118133	46261	103319	101142	86836	14964	8669	30648	79991	68008	22731	55235	20063	44774	
54680	84444	72058	29791	89494	61955	61489	37506	26212	83374	87685	31810	125662	0	44429	67786	75758	70233	49080	78198	40822	66027	74343	82825	120987	26831	82099	84752	106034	78681	10319	126730	82508	40640	77446	45471	67948	42531	108116	94117	11050	54773	121572	130151	88908	59509	46323	73750	53148	79166	81999	62883	88651	63169	71546	39110	99008	16149	93781	114615	72743	45625	15206	117304	85353	10677	56973	33138	91689	39218	61886	37161	121640	90380	27497	53544	118551	123014	101671	55223	51739	111811	76188	128341	82936	
43240	44124	31738	11180	40250	21635	47307	19357	31992	51564	33438	17508	85645	44429	0	27283	56195	48927	36249	37695	41559	52951	33840	42322	80484	35547	41596	63863	65531	46742	45521	86227	50569	32654	45506	14284	27445	4783	67613	53614	40935	11913	81069	89648	48405	46508	46510	37751	31704	47227	41496	14153	48148	31230	20745	30992	46303	30010	42516	74112	57604	39888	28260	76801	44836	34209	40913	7579	38983	8031	21383	37295	81137	58440	14699	45628	78048	82511	61168	14706	22602	71308	35685	87838	42433	
47619	23176	19408	38811	30899	15771	52669	41034	56966	41477	29091	39185	60477	67786	27283	0	48790	41523	33142	10857	64586	49844	5414	13484	46401	57613	9286	56459	35914	39630	67587	54248	41938	57220	42400	34106	6151	32625	41186	22308	63068	16774	46987	55566	17078	58533	69537	26554	37972	37921	16107	21595	22760	28123	13784	41617	38898	52076	33671	49229	51443	64089	53570	51918	27662	56275	37806	32145	31579	29119	10299	48624	44130	49809	42369	62422	43966	49017	36285	16493	31204	37225	16078	53756	13518	
101998	71465	66183	79925	27271	70092	18699	82147	56841	92040	23341	80299	54430	75758	56195	48790	0	7885	95099	54233	50082	111801	50378	58860	19707	99959	58134	8824	82069	88478	109933	51939	90786	46946	104356	76452	58049	55832	78518	43601	67527	51917	27369	40826	64943	24076	47833	75403	25729	86769	58034	43805	64686	90080	41716	89842	13775	94422	22763	48610	100291	38213	64434	93339	76510	98621	99763	52783	17714	71465	53259	101707	78014	98658	57898	33819	39737	46726	62401	63564	35193	43205	33867	37061	49209	
94731	64197	58916	72657	21075	62824	19285	74880	48428	84773	16074	73032	55177	70233	48927	41523	7885	0	87854	46988	45067	104555	43132	51614	21201	92714	50888	15575	74823	81233	102688	52621	83540	40829	97111	69207	50803	50328	76905	36355	59122	44671	28051	41508	57697	24684	48441	68157	20226	79523	50789	36560	57441	82834	34470	82596	9195	87176	20102	49292	93045	38821	58931	86094	69264	91375	92517	45538	10469	64220	46014	94461	90429	91412	52395	34427	40419	47408	70460	56319	23505	41689	26622	37743	41964	
15187	40386	28000	32036	75358	22819	78722	14740	63406	31818	73549	21808	94917	49080	36249	33142	95099	87854	0	45644	67938	26512	42167	39552	85206	24016	34180	97637	58948	27079	43418	93052	30905	59034	25843	17863	28305	30084	64220	63518	59199	30163	85791	94370	36345	72887	72889	22147	60120	27564	45767	39296	50121	11567	40349	10357	80077	34258	74850	84016	33229	66268	49701	86705	33009	38457	11650	33959	72757	23946	42954	18162	67164	38777	31523	72007	82770	87821	71071	23639	52560	76030	57256	92560	52322	
59458	26669	21387	49223	30822	39390	60603	51446	67379	47244	32684	49597	49540	78198	37695	10857	54233	46988	45644	0	77414	58803	6275	14169	42508	68902	13443	62216	28223	43787	78876	50355	46095	68509	47128	45395	18202	43914	30305	16623	74357	25000	43094	51672	18070	66759	82364	30712	46198	42078	7467	29821	15720	40546	22010	58785	44655	63365	39181	39151	55600	72316	64859	41840	31819	67564	50229	43434	37336	40408	22202	70650	33306	53967	53658	70648	40073	45124	26207	32507	39430	33332	21835	49863	9625	
83401	83376	70990	44903	58734	60887	33027	55313	14527	88293	50284	50215	103099	40822	41559	64586	50082	45067	67938	77414	0	89666	73081	81563	68372	55667	80837	51850	104772	83457	42920	100604	87283	9220	82221	50246	66687	41069	106854	92855	24303	51154	76034	89491	87646	26607	10699	76992	33910	83942	80737	43714	87390	67945	53268	67947	51430	44985	60211	113353	94319	12724	28656	116042	84077	39513	77628	35599	50372	43993	60624	65997	120378	95155	42724	20642	88402	95391	100409	53947	38364	84035	56109	85726	81674	
11342	40604	40476	48151	86792	39521	95424	36417	80108	14034	90251	43484	108155	66027	52951	49844	111801	104555	26512	58803	89666	0	55129	49130	98167	40951	47142	111070	60253	15444	60354	106014	20420	80701	11844	42523	45064	51751	65525	76479	74526	50159	98753	107332	45922	94554	94556	24967	81787	18569	54585	59292	60159	21759	60345	26273	93510	51194	94840	96977	10245	87935	70091	77376	34164	55393	13243	55625	86190	45613	64621	29394	68469	17256	52640	93674	95732	100783	84033	43635	74227	88991	70690	105522	65284	
55982	23192	17910	45367	30925	35534	56748	47590	63523	43768	28828	45742	55346	74343	33840	5414	50378	43132	42167	6275	73081	55129	0	10878	44550	65402	10152	58716	29859	40497	75376	52396	42804	65009	43837	41895	14912	40414	35131	24125	70857	21501	45135	53714	16961	63259	78864	27421	42698	38787	10052	26321	16705	37255	18510	55285	41156	59865	41223	44623	52309	68816	61359	47312	28528	64064	46938	39934	33836	36908	18702	67150	51648	50676	50158	67149	42114	47166	31679	29007	35930	35374	18336	51904	11667	
53366	12385	11881	53850	42158	22599	65230	56073	72005	37768	37310	54224	63521	82825	42322	13484	58860	51614	39552	14169	81563	49130	10878	0	53846	73435	5349	66749	25374	34422	83409	61692	36730	73042	37762	49928	15663	48446	30646	32158	78890	29533	54431	63010	6083	71291	86897	21347	50731	32713	5567	34353	12220	38007	26543	51501	49188	67898	50519	52656	46235	76848	69391	55345	21159	72096	37948	47966	41869	44941	26735	75182	33590	44602	58191	75181	51411	56462	39712	37040	43963	44670	26368	61200	20963	
99020	66230	60949	92011	22131	82178	36971	94234	75113	86806	27044	92385	35507	120987	80484	46401	19707	21201	85206	42508	68372	98167	44550	53846	0	106627	53011	29434	58030	83356	116601	33012	85663	66878	86696	83120	57771	62939	58396	26874	79509	53378	8442	21899	59820	44007	67764	70280	35426	81646	47963	42751	48962	80114	40884	96510	17345	101090	15267	29683	95168	58144	79318	55527	71387	105289	89797	56063	24297	78133	59928	108375	57892	93535	65938	53751	20810	27799	42279	70232	41169	23083	34356	18134	34407	
29625	75169	62783	26045	80218	52679	77267	14829	41921	52810	78410	13411	116386	26831	35547	57613	99959	92714	24016	68902	55667	40951	65402	73435	106627	0	73566	108035	97501	54231	21169	118197	52241	62948	40591	22956	59415	33998	99583	85584	35341	46240	113039	121618	80374	76801	65324	43483	64034	48900	73466	54350	80118	32902	63013	14046	90475	12009	85248	106082	47679	61326	30907	108771	54344	16208	31909	37872	83155	30685	53353	12097	113107	55633	28701	69245	110018	114481	93138	46690	56474	103278	67655	119808	74403	
47994	19840	9923	53124	41432	17227	64504	55347	71279	35781	36584	53498	62795	82099	41596	9286	58134	50888	34180	13443	80837	47142	10152	5349	53011	73566	0	66002	30611	32419	82662	60946	34726	72295	35759	49181	6833	47700	35883	31411	78143	28787	53685	62264	9866	70545	86150	19343	49985	30709	10805	33607	17457	29177	25796	42671	48442	67151	49772	51909	44231	76102	68645	54598	20450	71350	38860	47220	41122	44194	16407	49678	38828	42598	57445	74435	50664	55715	38965	22015	43216	43924	25622	60454	20216	
109667	79133	73852	87593	38738	77760	20449	89816	58591	99709	31010	87967	62520	84752	63863	56459	8824	15575	97637	62216	51850	111070	58716	66749	29434	108035	66002	0	90151	96560	118015	60361	98868	48718	112438	84534	66131	60758	86941	51683	69299	59999	35791	49249	73024	25847	51835	83485	30656	94851	66116	51887	72768	98162	49798	97923	22198	102504	31186	57032	108373	39985	73463	101421	84592	106702	107845	60865	25796	79547	61341	109788	86436	106740	62825	35591	48159	55149	70823	71646	40120	51627	41949	45483	57291	
66826	21397	31277	77058	46596	41995	88439	79281	95214	48892	60519	77433	48869	106034	65531	35914	82069	74823	58948	28223	104772	60253	29859	25374	58030	97501	30611	90151	0	44613	105611	49842	46921	95243	47953	72130	37485	70648	6282	30474	101092	51735	58100	57593	23125	93493	109099	37313	72933	42904	21651	56555	15568	53091	48744	66586	71390	90099	54016	37727	56426	99050	91593	18132	26011	94298	57485	70168	64071	67143	48937	97384	9226	54792	80393	97383	45993	46125	19886	59242	66165	45139	48570	55783	31577	
24610	25588	25460	42528	71777	33312	89214	38434	73899	5493	66929	47597	93140	78681	46742	39630	88478	81233	27079	43787	83457	15444	40497	34422	83356	54231	32419	96560	44613	0	79263	91520	5210	74578	4136	36400	38942	45628	51032	61986	74744	44036	84259	92838	31429	88431	88433	18845	75664	4076	40092	53169	45666	15636	56371	29333	79016	63751	80347	82484	12241	81812	65245	62882	19671	67950	14088	49503	71697	39491	58499	42663	53976	12331	47067	87552	81238	86290	69539	37512	68104	74498	56196	91028	50790	
49027	85143	72757	36019	90192	62653	68900	38204	29173	84073	88384	32508	126360	10319	45521	67587	109933	102688	43418	78876	42920	60354	75376	83409	116601	21169	82662	118015	105611	79263	0	127304	83082	43602	78020	46045	68522	43105	108690	94691	18908	55347	122146	130725	89482	62471	52585	74324	57194	79741	82573	63457	89226	63743	72120	33457	99582	10496	94355	115189	67090	48587	18168	117878	85927	5023	73426	30783	92263	39792	62460	31508	122214	90954	25142	56506	119125	123588	102245	55797	49385	112385	76762	128915	83510	
119829	70229	68795	97755	46425	87922	69203	99978	115910	94653	51341	98129	11947	126730	86227	54248	51939	52621	93052	50355	100604	106014	52396	61692	33012	118197	60946	60361	49842	91520	127304	0	93541	97474	94573	94045	65648	92564	47931	34752	123007	73650	24582	9664	67697	74604	98361	78158	67426	89524	55840	62618	56840	87992	58496	107434	48776	112015	38765	13577	103046	88741	113509	45688	75538	116213	97675	76780	54725	89058	70852	119299	47427	101413	102308	84347	12475	6180	31814	81157	65519	20242	52746	13001	42285	
29586	27896	27768	46355	74084	37138	93041	42260	77725	5497	69236	51423	95447	82508	50569	41938	90786	83540	30905	46095	87283	20420	42804	36730	85663	52241	34726	98868	46921	5210	83082	93541	0	78372	8989	40193	38982	49422	53148	64102	78537	47830	86375	94954	33545	92225	92227	19911	82675	6642	42208	56962	47782	19430	58487	34326	81132	67545	82463	84600	15692	85606	69039	64998	21787	71744	19081	53296	73813	43284	48077	46114	56092	11629	50860	91345	83354	88406	71656	41306	75907	76614	58312	93144	52907	
71064	74472	62086	39166	52703	51982	29892	46408	14479	79388	44254	44560	115993	40640	32654	57220	46946	40829	59034	68509	9220	80701	65009	73042	66878	62948	72295	48718	95243	74578	43602	97474	78372	0	73319	41344	57784	32167	97952	83953	25174	42252	72910	86367	78744	23484	14173	68090	28212	75039	71835	36681	78487	59042	46235	58804	46928	45667	55710	104451	85417	9600	29338	107140	75175	40195	68725	26697	44900	35091	51722	64354	111476	86253	33938	17519	85278	92268	91507	45045	32666	78563	49076	82602	72772	
17797	28928	28801	41293	75117	32076	87979	37198	72663	8392	82807	46361	96480	77446	45506	42400	104356	97111	25843	47128	82221	11844	43837	37762	86696	40591	35759	112438	47953	4136	78020	94573	8989	73319	0	35156	37698	44385	53850	64804	73500	42792	87077	95656	34247	87187	87189	17601	74420	6252	42909	51925	48483	14393	52978	26932	81834	62507	83165	85302	13327	80568	64001	65700	22489	66706	11686	48259	74515	38247	57255	38904	56794	16616	45823	86308	84056	89108	72357	36268	66860	77316	59014	93846	53608	
31032	42750	30364	9318	56711	20942	56004	10643	40688	41210	54903	9608	92879	45471	14284	34106	76452	69207	17863	45395	50246	42523	41895	49928	83120	22956	49181	84534	72130	36400	46045	94045	40193	41344	35156	0	30705	12406	75267	61268	41521	21925	88724	97302	38744	55209	55211	31488	42442	36905	49150	30035	55803	20908	38697	18784	66159	30529	60932	81767	47282	48590	32023	84455	43562	34728	30591	16280	58840	6268	29037	25457	88791	48118	13844	54329	85703	90165	68822	18339	34882	78962	43339	95492	50088	
42120	24057	13908	38973	38308	11353	56287	35954	57129	39998	36499	39347	67554	67948	27445	6151	58049	50803	28305	18202	66687	45064	14912	15663	57771	59415	6833	66131	37485	38942	68522	65648	38982	57784	37698	30705	0	33205	43440	36112	63649	16790	58386	66965	14119	62306	71656	19831	41745	39241	18362	25367	25014	23244	17557	36738	48002	52657	42775	56610	49618	65035	54150	59299	26917	56855	32927	32725	40683	29700	10880	43745	46385	49064	42950	66195	55365	60416	43666	16082	34977	48625	25182	65155	24917	
42114	50180	37794	9282	44895	27691	46827	17459	31511	50438	36522	15610	91397	42531	4783	32625	55832	50328	30084	43914	41069	51751	40414	48446	62939	33998	47700	60758	70648	45628	43105	92564	49422	32167	44385	12406	33205	0	73430	59431	40439	16688	86886	95465	54221	46012	46014	40665	33244	46082	47313	18928	53965	30085	25521	29847	49385	28112	48553	79929	56459	39393	27764	82618	50667	32311	39768	7083	42065	6133	27199	35397	86954	57295	14204	45132	83865	88328	66985	20537	25685	77125	41502	93655	48250	
72098	26669	36549	79140	52689	47267	90521	81363	97296	54164	57605	79515	46765	108116	67613	41186	78518	76905	64220	30305	106854	65525	35131	30646	58396	99583	35883	86941	6282	51032	108690	47931	53148	97952	53850	75267	43440	73430	0	33238	105412	56055	56215	55707	29081	97814	113419	43269	77253	48860	27607	60876	20101	59047	51509	72542	62812	94420	57523	35842	62382	103371	95914	16582	31967	98619	63441	74489	68391	71463	51701	101705	5649	60748	84713	101703	44108	44240	18000	63562	70485	43254	52890	53898	34342	
87216	44542	39261	65142	15440	55309	49770	67365	83298	65118	20356	65516	37241	94117	53614	22308	43601	36355	63518	16623	92855	76479	24125	32158	26874	85584	31411	51683	30474	61986	94691	34752	64102	83953	64804	61268	36112	59431	33238	0	90742	41386	27455	36034	38505	55796	71829	48965	36383	60332	21701	30642	22088	58800	38395	75170	29577	79750	23542	26264	73854	61353	81244	42788	50073	83949	68483	44804	26421	56794	38588	87035	34737	72220	70044	59686	24434	29485	23145	48893	34477	17694	20770	34224	10310	
63199	80624	68238	29765	62443	58134	50472	42259	11112	79554	54069	33025	121841	11050	40935	63068	67527	59122	59199	74357	24303	74526	70857	78890	79509	35341	78143	69299	101092	74744	18908	123007	78537	25174	73500	41521	63649	40439	105412	90742	0	50791	93325	126168	84925	43898	34013	69767	41181	75184	78017	46694	84669	59187	56248	47666	62167	24705	73520	110633	85561	30015	13402	113322	81371	19233	68870	32050	55609	35235	57903	45717	117657	86397	27471	37933	114569	119031	97688	51240	40914	107828	72205	124359	78954	
43977	37408	25022	25798	32161	14919	44029	28021	41596	48846	26962	26172	72484	54773	11913	16774	51917	44671	30163	25000	51154	50159	21501	29533	53378	46240	28787	59999	51735	44036	55347	73650	47830	42252	42792	21925	16790	16688	56055	41386	50791	0	68257	76836	33308	50057	56115	31041	29497	44509	28684	9213	35337	28512	10186	35189	40350	39769	38991	61300	54886	44393	41263	63989	38126	43968	38195	17043	33031	16812	12039	47054	68325	55723	24514	52179	65236	69699	48356	7995	19038	58496	23374	75026	29621	
99606	66816	61534	92597	28981	82764	44633	94820	82775	87392	33894	92971	27071	121572	81069	46987	27369	28051	85791	43094	76034	98753	45135	54431	8442	113039	53685	35791	58100	84259	122146	24582	86375	72910	87077	88724	58386	86886	56215	27455	93325	68257	0	13457	60405	50022	73779	70866	42276	82232	48548	49601	49548	80700	47734	97095	24194	101676	17159	21241	95754	64159	103170	53028	71973	105874	90383	62912	31146	78719	60513	108960	55758	94120	91969	59765	12368	19357	40145	70818	48019	12964	41206	9692	34993	
108184	75395	70113	101176	47743	91343	58090	103399	96232	95971	52659	101550	18985	130151	89648	55566	40826	41508	94370	51672	89491	107332	53714	63010	21899	121618	62264	49249	57593	92838	130725	9664	94954	86367	95656	97302	66965	95465	55707	36034	126168	76836	13457	0	69050	63448	87205	79510	55703	90876	57193	63970	58192	89344	59849	105740	37621	110320	29497	20762	104398	77585	111814	52550	80617	114519	99027	78132	44573	87364	69158	117605	55280	102765	100614	73191	12490	13782	39667	79463	66872	21594	54098	4462	43638	
50159	8247	8674	59932	48241	19392	71312	43993	78088	34561	43393	60307	69604	88908	48405	17078	64943	57697	36345	18070	87646	45922	16961	6083	59820	80374	9866	73024	23125	31429	89482	67697	33545	78744	34247	38744	14119	54221	29081	38505	84925	33308	60405	69050	0	77374	92979	18139	56813	29505	11538	40436	13776	31287	32625	44781	55271	73980	56601	58738	43028	82931	75474	42194	13899	78179	34740	54049	47951	51023	32818	51788	33287	41394	64273	81264	57493	62544	45794	26805	50045	50752	32451	67283	27045	
84917	83676	78394	52085	44445	58509	7021	60261	33349	93241	35996	58413	77093	59509	46508	58533	24076	24684	72887	66759	26607	94554	63259	71291	44007	76801	70545	25847	93493	88431	62471	74604	92225	23484	87187	55209	62306	46012	97814	55796	43898	50057	50022	63448	77374	0	24803	84693	18701	88884	67324	36629	73976	72887	44076	72648	33429	64546	42211	71269	99261	14739	48217	102629	85800	59074	82569	40541	32577	48935	56281	78198	106965	100097	48077	10789	62396	69386	86996	53174	29108	65864	45142	59720	60484	
84919	88327	75941	54684	60478	65837	30778	60263	23463	93243	52029	58415	100850	46323	46510	69537	47833	48441	72889	82364	10699	94556	78864	86897	67764	65324	86150	51835	109099	88433	52585	98361	92227	14173	87189	55211	71656	46014	113419	71829	34013	56115	73779	87205	92979	24803	0	81943	38861	88892	85688	48664	92340	72895	58219	72657	56438	54660	65220	118304	99270	12742	38331	120993	89028	49188	82578	40550	55381	48944	65575	75673	125329	100106	47791	14817	86304	93294	105360	58898	43315	89043	61060	83628	86625	
29143	18288	11432	37597	58701	15998	81773	33502	67434	20928	53853	42665	80064	73750	37751	26554	75403	68157	22147	30712	76992	24967	27421	21347	70280	43483	19343	83485	37313	18845	74324	78158	19911	68090	17601	31488	19831	40665	43269	48965	69767	31041	70866	79510	18139	84693	81943	0	67268	12869	26801	40132	31914	11814	43080	30542	65725	58811	67056	69193	29698	76871	60304	55136	12604	63009	19578	44562	58406	34550	29375	37549	46230	27764	42126	91718	67948	72999	56249	24475	60500	61207	42905	77738	37500	
72150	63116	57834	39317	25032	44415	16724	47494	31343	83691	16583	45645	69915	53148	31704	37972	25729	20226	60120	46198	33910	81787	42698	50731	35426	64034	49985	30656	72933	75664	57194	67426	82675	28212	74420	42442	41745	33244	77253	36383	41181	29497	42276	55703	56813	18701	38861	67268	0	76116	49874	19836	56526	60119	26626	59881	18918	58146	28688	58920	86493	27369	41846	85179	68350	52633	69802	27773	16688	36168	38832	65431	89515	90498	35310	25702	57091	62142	69546	36381	11658	50350	28840	51955	43540	
23344	23878	23751	43013	70067	33797	89700	38919	74384	7658	65219	48082	91430	79166	47227	37921	86769	79523	27564	42078	83942	18569	38787	32713	81646	48900	30709	94851	42904	4076	79741	89524	6642	75039	6252	36905	39241	46082	48860	60332	75184	44509	82232	90876	29505	88884	88892	12869	76116	0	38088	53646	43662	16113	54367	31010	77012	64228	78343	80480	15245	82289	65722	60878	17667	68427	15764	49979	69693	39967	43957	42967	51972	14530	47543	88028	79235	84286	67536	37989	71787	72494	54192	89024	48787	
59581	17840	17337	53024	36384	28814	64404	55247	71179	43224	36484	53398	62695	81999	41496	16107	58034	50789	45767	7467	80737	54585	10052	5567	47963	73466	10805	66116	21651	40092	82573	55840	42208	71835	42909	49150	18362	47313	27607	21701	78017	28684	48548	57193	11538	67324	85688	26801	49874	38088	0	33147	9188	40152	25337	62111	47982	66692	44673	44726	51691	75642	68185	36998	26615	70890	49835	46761	40663	43735	25529	73976	30559	50057	56985	73975	45565	50616	32930	35834	42757	38824	25162	55354	15117	
53110	46738	34155	33908	26097	24052	35917	36131	40685	57979	16334	34282	77304	62883	14153	21595	43805	36560	39296	29821	43714	59292	26321	34353	42751	54350	33607	51887	56555	53169	63457	62618	56962	36681	51925	30035	25367	18928	60876	30642	46694	9213	49601	63970	40436	36629	48664	40132	19836	53646	33147	0	40147	37725	10246	43721	29723	48301	28364	66110	64099	42055	38289	68799	51970	52500	47408	14854	22404	25344	23764	55586	73135	74118	24728	43630	52291	57342	53166	17208	10489	45551	13087	62081	26330	
63935	21303	22450	59676	37528	33168	71056	61899	77832	48798	43137	60050	53557	88651	48148	22760	64686	57441	50121	15720	87390	60159	16705	12220	48962	80118	17457	72768	15568	45666	89226	56840	47782	78487	48483	55803	25014	53965	20101	22088	84669	35337	49548	58192	13776	73976	92340	31914	56526	43662	9188	40147	0	45063	40359	77133	63004	81714	45630	42919	57041	90664	83207	27220	26627	85912	48517	61782	55685	58757	40551	88998	24473	55408	72007	88997	46522	51573	23152	50856	57779	39781	40184	56312	23192	
18833	35366	22980	27016	70339	17800	73702	22922	58387	20446	68530	32085	89898	63169	31230	28123	90080	82834	11567	40546	67945	21759	37255	38007	80114	32902	29177	98162	53091	15636	63743	87992	19430	59042	14393	20908	23244	30085	59047	58800	59187	28512	80700	89344	31287	72887	72895	11814	60119	16113	40152	37725	45063	0	38675	19936	80074	48205	74847	79105	26513	66265	49699	81794	22650	52403	9592	33956	72755	23944	42952	26944	58019	27349	31520	72005	77860	82911	66161	21965	52557	71119	57254	87650	47412	
54163	38927	33646	42571	21975	25105	41156	44794	50240	59503	19211	42945	69494	71546	20745	13784	41716	34470	40349	22010	53268	60345	18510	26543	40884	63013	25796	49798	48744	56371	72120	58496	58487	46235	52978	38697	17557	25521	51509	38395	56248	10186	47734	59849	32625	44076	58219	43080	26626	54367	25337	10246	40359	38675	0	45375	31779	49955	26552	58300	67941	52741	51449	60989	44159	54154	48381	24408	24460	26998	14641	57240	65325	66307	34283	51074	46525	51576	45356	18181	19856	39784	8959	56315	16325	
14946	48860	36474	24525	70100	31294	73464	12790	54200	38131	68292	17398	106268	39110	30992	41617	89842	82596	10357	58785	67947	26273	55285	51501	96510	14046	42671	97923	66586	29333	33457	107434	34326	58804	26932	18784	36738	29847	72542	75170	47666	35189	97095	105740	44781	72648	72657	30542	59881	31010	62111	43721	77133	19936	45375	0	79859	24289	74632	95466	33041	66050	43186	98155	41483	28488	18250	33741	72539	23729	42736	8192	75639	40995	29066	71790	99402	103865	82522	29553	52342	92661	57039	109192	63787	
92106	61573	56291	70033	14578	60200	27366	72255	52330	82148	13449	70407	51266	99008	46303	38898	13775	9195	80077	44655	51430	93510	41156	49188	17345	90475	48442	22198	71390	79016	99582	48776	81132	46928	81834	66159	48002	49385	62812	29577	62167	40350	24194	37621	55271	33429	56438	65725	18918	77012	47982	29723	63004	80074	31779	79859	0	84584	10897	44463	90453	42779	62897	83501	66672	88782	89924	42945	7876	61627	43421	91868	67293	88819	52820	41112	36563	43552	51680	53726	24771	32484	24029	33887	39371	
39867	69631	57245	20508	74681	47142	71730	22693	31239	68561	72872	16997	110849	16149	30010	52076	94422	87176	34258	63365	44985	51194	59865	67898	101090	12009	67151	102504	90099	63751	10496	112015	67545	45667	62507	30529	52657	28112	94420	79750	24705	39769	101676	110320	73980	64546	54660	58811	58146	64228	66692	48301	81714	48205	49955	24289	84584	0	78952	99786	57914	51614	21195	102475	70524	6496	42144	31576	76859	24389	47057	22332	106811	75551	26815	59533	103722	108185	86842	40394	50178	96982	61359	113512	68107	
86880	62903	57622	64806	7744	54973	36148	67028	57282	83479	12657	65180	41254	93781	42516	33671	22763	20102	74850	39181	60211	94840	41223	50519	15267	85248	49772	31186	54016	80347	94355	38765	82463	55710	83165	60932	42775	48553	57523	23542	73520	38991	17159	29497	56601	42211	65220	67056	28688	78343	44673	28364	45630	74847	26552	74632	10897	78952	0	34189	85072	51487	80696	54654	61290	83401	84543	41675	16584	56246	38040	86487	57019	83438	51550	49820	27368	33494	41406	48345	26782	22210	19969	25763	30131	
107714	58114	59759	85640	37973	75807	65874	87863	103796	85616	42889	86014	14326	114615	74112	49229	48610	49292	84016	39151	113353	96977	44623	52656	29683	106082	51909	57032	37727	82484	115189	13577	84600	104451	85302	81767	56610	79929	35842	26264	110633	61300	21241	20762	58738	71269	118304	69193	58920	80480	44726	66110	42919	79105	58300	95466	44463	99786	34189	0	94029	85351	101419	32607	63448	104124	88658	79994	50121	76968	58762	107210	35337	92395	90218	80957	9086	9886	19724	69067	60915	15638	48142	18876	37681	
18058	37401	37273	53390	83589	44174	100077	43133	84761	10831	78741	50201	104952	72743	57604	51443	100291	93045	33229	55600	94319	10245	52309	46235	95168	47679	44231	108373	56426	12241	67090	103046	15692	85417	13327	47282	49618	56459	62382	73854	85561	54886	95754	104398	43028	99261	99270	29698	86493	15245	51691	64099	57041	26513	67941	33041	90453	57914	85072	94029	0	92666	76099	74173	30961	62037	17741	60356	82987	50344	69352	36039	65266	8243	57921	98405	92529	97580	80830	48366	78958	85788	67486	102319	62081	
78298	81706	69320	46822	50002	59216	21158	53642	19465	86622	41552	51794	91230	45625	39888	64089	38213	38821	66268	72316	12724	87935	68816	76848	58144	61326	76102	39985	99050	81812	48587	88741	85606	9600	80568	48590	65035	39393	103371	61353	30015	44393	64159	77585	82931	14739	12742	76871	27369	82289	75642	42055	90664	66265	52741	66050	42779	51614	51487	85351	92666	0	34333	107331	82400	45190	75950	33921	41658	42316	58947	71675	111666	93478	43209	8773	76533	83523	91697	52270	33873	75320	53809	73857	69151	
58765	71125	58739	20267	76175	48636	54636	32760	14910	70055	53081	25579	112342	15206	28260	53570	64434	58931	49701	64859	28656	70091	61359	69391	79318	30907	68645	73463	91593	65245	18168	113509	69039	29338	64001	32023	54150	27764	95914	81244	13402	41263	103170	111814	75474	48217	38331	60304	41846	65722	68185	38289	83207	49699	51449	43186	62897	21195	80696	101419	76099	34333	0	103823	71872	14761	59371	25092	78208	25737	48405	41246	108159	76899	17973	42242	105070	109533	88190	41742	43693	98330	62707	114860	69455	
110403	38520	62448	88329	49912	78496	99709	90552	106485	66015	71789	88703	41617	117304	76801	51918	93339	86094	86705	41840	116042	77376	47312	55345	55527	108771	54598	101421	18132	62882	117878	45688	64998	107140	65700	84455	59299	82618	16582	42788	113322	63989	53028	52550	42194	102629	120993	55136	85179	60878	36998	68799	27220	81794	60989	98155	83501	102475	54654	32607	74173	107331	103823	0	43757	106416	75230	82286	76188	79260	61054	109502	12097	72538	92510	109500	40873	42527	18254	71359	78282	40385	60687	50663	44066	
40737	6986	13492	56378	59808	24210	82880	44364	74520	22803	54960	54739	74372	85353	44836	27662	76510	69264	33009	31819	84077	34164	28528	21159	71387	54344	20450	84592	26011	19671	85927	75538	21787	75175	22489	43562	26917	50667	31967	50073	81371	38126	71973	80617	13899	85800	89028	12604	68350	17667	26615	51970	26627	22650	44159	41483	66672	70524	61290	63448	30961	82400	71872	43757	0	74719	32097	50286	59869	47564	34133	48411	34929	29405	60814	93181	69410	74461	45588	31774	61963	62670	44368	79200	38962	
44066	73830	61444	24707	78879	51341	65493	26892	25767	72760	77071	21195	115047	10677	34209	56275	98621	91375	38457	67564	39513	55393	64064	72096	105289	16208	71350	106702	94298	67950	5023	116213	71744	40195	66706	34728	56855	32311	98619	83949	19233	43968	105874	114519	78179	59074	49188	63009	52633	68427	70890	52500	85912	52403	54154	28488	88782	6496	83401	104124	62037	45190	14761	106416	74719	0	46359	35791	81074	28603	51271	26547	111026	79765	21735	53099	107937	112400	91057	44608	54393	101196	65573	117727	72322	
12654	38459	32663	36699	80022	27483	83385	23386	68070	18595	78213	30454	99581	56973	40913	37806	99763	92517	11650	50229	77628	13243	46938	37948	89797	31909	38860	107845	57485	14088	73426	97675	19081	68725	11686	30591	32927	39768	63441	68483	68870	38195	90383	99027	34740	82569	82578	19578	69802	15764	49835	47408	48517	9592	48381	18250	89924	42144	84543	88658	17741	75950	59371	75230	32097	46359	0	43664	82463	33652	52660	27785	66629	24736	41228	81713	87568	92619	75869	31674	62266	80827	66962	97358	57120	
45989	49396	37010	13156	38019	26907	41357	21333	26041	54313	29646	19484	90917	33138	7579	32145	52783	45538	33959	43434	35599	55625	39934	47966	56063	37872	47220	60865	70168	49503	30783	76780	53296	26697	48259	16280	32725	7083	74489	44804	32050	17043	62912	78132	54049	40541	40550	44562	27773	49979	46761	14854	61782	33956	24408	33741	42945	31576	41675	79994	60356	33921	25092	82286	50286	35791	43664	0	35192	10010	26640	39273	86395	61172	10084	39670	83306	87769	66426	19963	18811	76565	27249	93096	47691	
84787	54253	48972	62713	12731	52880	26514	64936	48031	74829	6130	63088	57214	91689	38983	31579	17714	10469	72757	37336	50372	86190	33836	41869	24297	83155	41122	25796	64071	71697	92263	54725	73813	44900	74515	58840	40683	42065	68391	26421	55609	33031	31146	44573	47951	32577	55381	58406	16688	69693	40663	22404	55685	72755	24460	72539	7876	76859	16584	50121	82987	41658	78208	76188	59869	81074	82463	35192	0	54322	36117	84564	80532	81515	45515	40194	43397	52212	60563	46421	16306	40420	16725	40907	32066	
35976	46675	34289	6047	51724	24185	49751	15587	34435	44301	49916	11115	87892	39218	8031	29119	71465	64220	23946	40408	43993	45613	36908	44941	78133	30685	44194	79547	67143	39491	39792	89058	43284	35091	38247	6268	29700	6133	71463	56794	35235	16812	78719	87364	51023	48935	48944	34550	36168	39967	43735	25344	58757	23944	26998	23729	61627	24389	56246	76968	50344	42316	25737	79260	47564	28603	33652	10010	54322	0	23531	30386	83286	51162	9935	48061	80197	84659	63317	16868	28613	73456	37833	89987	44582	
54984	39120	23398	32910	33518	23077	53361	35133	51066	49094	31710	33285	69686	61886	21383	10299	53259	46014	42954	22202	60624	64621	18702	26735	59928	53353	16407	61341	48937	58499	62460	70852	48077	51722	57255	29037	10880	27199	51701	38588	57903	12039	60513	69158	32818	56281	65575	29375	38832	43957	25529	23764	40551	42952	14641	42736	43421	47057	38040	58762	69352	58947	48405	61054	34133	51271	52660	26640	36117	23531	0	64503	59754	60737	47512	64502	56666	61128	39785	26361	33284	49925	14302	66455	21051	
18068	55867	43481	27789	81965	38301	79014	15566	52251	41253	80157	18486	118133	37161	37295	48624	101707	94461	18162	70650	65997	29394	67150	75182	108375	12097	49678	109788	97384	42663	31508	119299	46114	64354	38904	25457	43745	35397	101705	87035	45717	47054	108960	117605	51788	78198	75673	37549	65431	42967	73976	55586	88998	26944	57240	8192	91868	22332	86487	107210	36039	71675	41246	109502	48411	26547	27785	39273	84564	30386	64503	0	114321	44076	32330	79575	111232	115695	94352	38402	57688	104491	68868	121022	75617	
75042	29614	39493	92665	48164	50211	104045	94888	110820	57108	53080	93039	46261	121640	81137	44130	78014	90429	67164	33306	120378	68469	51648	33590	57892	113107	38828	86436	9226	53976	122214	47427	56092	111476	56794	88791	46385	86954	5649	34737	117657	68325	55758	55280	33287	106965	125329	46230	89515	51972	30559	73135	24473	58019	65325	75639	67293	106811	57019	35337	65266	111666	108159	12097	34929	111026	66629	86395	80532	83286	59754	114321	0	63693	96846	113836	43603	43736	17496	75695	82618	42750	65023	53393	38899	
26012	35767	35640	54227	81956	45010	100913	51087	85597	6828	77108	59295	103319	90380	58440	49809	98658	91412	38777	53967	95155	17256	50676	44602	93535	55633	42598	106740	54792	12331	90954	101413	11629	86253	16616	48118	49064	57295	60748	72220	86397	55723	94120	102765	41394	100097	100106	27764	90498	14530	50057	74118	55408	27349	66307	40995	88819	75551	83438	92395	8243	93478	76899	72538	29405	79765	24736	61172	81515	51162	60737	44076	63693	0	58704	99189	91199	96250	79500	49150	83751	84458	66156	100988	60751	
41314	59925	47539	6246	47894	37435	48893	17515	28978	51877	39521	15353	101142	27497	14699	42369	57898	52395	31523	53658	42724	52640	50158	58191	65938	28701	57445	62825	80393	47067	25142	102308	50860	33938	45823	13844	42950	14204	84713	70044	27471	24514	91969	100614	64273	48077	47791	42126	35310	47543	56985	24728	72007	31520	34283	29066	52820	26815	51550	90218	57921	43209	17973	92510	60814	21735	41228	10084	45515	9935	47512	32330	96846	58704	0	48352	93870	98333	76990	30541	28654	87129	51506	103660	58255	
84037	87566	75059	51205	48335	64956	16764	59382	27384	92362	39885	57533	86836	53544	45628	62422	33819	34427	72007	70648	20642	93674	67149	75181	53751	69245	74435	35591	97383	87552	56506	84347	91345	17519	86308	54329	66195	45132	101703	59686	37933	52179	59765	73191	81264	10789	14817	91718	25702	88028	73975	43630	88997	72005	51074	71790	41112	59533	49820	80957	98405	8773	42242	109500	93181	53099	81713	39670	40194	48061	64502	79575	113836	99189	48352	0	74855	81845	93985	58009	36098	73642	52131	72179	67473	
96585	63795	58513	89576	36143	79743	57001	91799	107732	84371	41059	89950	14964	118551	78048	43966	39737	40419	82770	40073	88402	95732	42114	51411	20810	110018	50664	48159	45993	81238	119125	12475	83354	85278	84056	85703	55365	83865	44108	24434	114569	65236	12368	12490	57493	62396	86304	67948	57091	79235	45565	52291	46522	77860	46525	99402	36563	103722	27368	9086	92529	76533	105070	40873	69410	107937	87568	83306	43397	80197	56666	111232	43603	91199	93870	74855	0	7220	28008	67804	55213	9936	42440	10621	31979	
