//--------------------------------------------------------------------------------------------------------------------
//-- données sur la Loire Atlantique récupérés par le géocodeur (matrice symétrique)
//-- 
//-- C. Duhamel, P. Lacomme C. Prodhon - juillet 2009 : 13962 kg à collecter, flotte de capa 17000
//--------------------------------------------------------------------------------------------------------------------
171 3 999999 0 0 0
2 500 80 2.1
4 1000 80 9.2
4 3000 400 7.2
0   // la ville qui represente le depot
0	79553	36374	44352	89780	92759	40429	52382	60019	93381	42934	55947	27025	66800	62881	94746	92840	36958	69367	44601	35593	26406	75261	25858	96484	87140	83096	92738	48135	79392	63254	34354	65956	23639	58490	50302	22689	35823	44440	89570	79578	88938	78891	36319	29672	39888	85882	67509	84345	28269	60009	9909	9840	79581	96559	44034	74504	69278	48082	50083	79184	17758	68095	92240	67601	88381	84896	83659	92257	75487	33342	96716	82383	70305	71689	81805	92116	42796	99135	67519	16401	24604	91297	73565	44513	17940	36779	29716	95854	68673	14588	74096	78919	61045	26306	79901	53027	17728	38523	9466	47255	38991	84120	96979	24931	101001	33228	69892	55025	97683	77861	75300	51590	85772	64397	15897	82521	32534	12739	66383	80060	23609	76160	82416	64486	37769	47308	54602	38291	86958	89313	70632	71816	63633	71204	82912	87929	94882	67737	78090	28518	25976	84030	94937	72625	48088	84598	86549	61525	93289	15225	48566	40686	82130	68468	53381	44903	49716	25820	33823	30081	24249	40930	101240	39510	66606	77394	48287	17808	68207	98877	44868	
79553	0	59718	68314	54440	107522	92890	41279	23900	108910	78369	71475	62839	31459	27540	48633	23511	68314	34027	67910	33518	48423	7102	99387	61143	51800	13766	23795	48089	69473	39440	50036	81484	83322	74018	78204	94674	54378	90805	54229	10000	19608	10570	55223	96417	75917	101411	19719	99108	55743	32133	89001	58340	95110	61219	36328	89267	15621	65528	38601	18322	69074	14459	23710	32261	75990	8380	27500	107786	9772	41787	112244	26223	30027	13288	46465	107644	46899	28489	12330	52087	47671	39708	8437	52310	79281	39565	64242	111383	83436	72658	10274	5948	76573	58578	16104	23926	68727	52407	74467	35644	47678	62824	41366	45168	116529	81656	17599	78599	62342	93389	39959	67913	7917	17411	76916	47181	106063	67827	22674	95589	94579	70824	15341	44055	63295	83450	30789	65392	51618	10678	35291	87344	29527	35864	5056	30907	100083	83266	37190	40536	72422	68377	110466	88153	96131	63366	25976	20762	57949	86195	75192	28261	46790	83231	38821	57341	89115	95497	97178	44802	69109	31655	33327	43189	82135	21234	75390	77032	12961	13728	47213	
36374	59718	0	8450	80431	116865	104418	22211	38208	118253	24258	80818	71108	57451	53532	85397	47113	77657	60018	77253	30021	48616	53451	48251	87135	77791	37369	70927	58702	104263	53905	10345	90827	85049	83361	87547	39824	63721	100148	80221	57767	43210	57080	56951	98144	85260	110754	45698	108451	57471	50660	37875	31291	104453	87211	21491	98610	47467	74871	38794	57373	70801	46285	70430	58252	101981	63086	27827	117129	53676	17600	121587	27746	26701	49878	72457	116987	56242	77325	47964	24969	20535	78471	51755	61653	81008	24605	6972	120726	92779	36980	52285	57108	85916	16256	34173	37485	30323	61750	45801	42164	9328	88816	80129	28397	125872	90999	50338	87942	88334	102732	65951	77257	63962	48067	21112	73173	54926	37854	57034	104932	52256	101031	60605	55137	3572	92793	45254	8649	77609	43585	61283	96688	41822	61855	61101	69670	109426	92609	68741	37039	17572	108902	119809	97496	105474	89357	64739	39714	83940	43705	84535	32720	72781	92575	47245	66685	98458	61251	42328	44995	13305	35470	79429	44916	91478	27819	15526	78759	46396	77066	56557	
44352	68314	8450	0	88930	125364	112917	25624	46707	126752	17932	89318	79607	65950	62031	93896	51280	86156	68517	85753	38521	42540	61950	56251	95634	86290	41536	79427	67201	112763	62404	16408	99327	93549	91860	96046	48323	72221	108647	88720	66266	47378	43037	65450	106643	93760	119253	54197	116950	65970	59160	45876	37286	112952	95710	27428	107109	55966	83370	47293	65872	79301	54784	78929	66752	110481	71585	31994	125628	62175	23663	130086	31913	30869	40117	80956	125487	64741	85824	56464	31033	26599	86970	60254	70152	58751	30668	14973	129225	101278	44981	44144	65608	94416	22319	38341	45984	36386	70249	53802	50664	15391	97315	88628	34460	134372	99498	58837	96442	96833	111231	74450	85756	72461	56567	29113	81672	62927	43917	65533	113431	60257	109531	69104	63636	9635	101292	53753	5796	86109	47753	69782	105187	50321	70355	48928	78169	117926	101108	77241	45539	26071	117401	128308	105996	113973	97857	73238	48214	92439	51706	93035	41219	81281	101074	55744	75184	106957	69252	50827	53495	21305	32562	87929	53415	99977	31987	9200	87259	54896	85565	65056	
89780	54440	80431	88930	0	67752	87992	64748	47368	58046	99028	48309	72241	24982	29550	17102	76944	63416	22940	56819	53829	60698	50839	106335	5297	6764	67200	45565	55037	20172	46388	73470	50415	90270	39962	59203	111347	61326	85907	12052	51301	73041	59593	62171	86163	71020	50547	49866	67719	62691	39081	95949	79012	44245	14011	59797	51168	59684	52057	50876	51951	76022	49938	41564	24978	25413	60474	74065	56921	45410	65221	61380	72789	60711	55067	15552	56780	53847	51106	40042	72758	68342	26961	54268	59258	86229	60478	84901	60519	64436	103788	56443	54497	40501	79250	70307	40691	75675	59355	81416	42592	76102	20647	32642	65840	65665	76759	42416	53761	9418	42525	17708	49225	61350	36920	97575	10836	113011	74775	29340	44725	101527	21778	52476	51003	83954	64449	37737	86051	11948	64111	22280	45001	52996	21616	58490	24568	59546	40923	23129	61207	93082	14980	59602	37289	79209	14320	45470	44230	15771	93144	58065	51730	15977	56946	45769	58277	70115	102445	117837	57077	89768	55124	41730	50137	35697	67799	96049	83980	45856	74454	54162	
92759	107522	116865	125364	67752	0	56529	111563	97166	28125	139147	46941	65667	95459	91540	78890	129988	54746	98027	47917	93948	86547	106975	109203	63915	79285	120244	124452	66026	50056	77740	113589	23984	79909	48929	40799	114215	69790	47468	63605	111292	126085	116038	81369	67285	53090	18878	104656	9102	74031	84318	98817	96064	26686	68843	105266	14862	106425	53087	90996	110898	74500	105243	103352	96261	59046	116611	120807	14541	101546	105340	31459	119530	107452	108837	73578	26860	64074	112894	96179	112878	108462	88749	110713	59411	71996	100598	125021	11389	30275	106656	111244	110633	45229	119370	117049	90409	86672	74390	84284	82406	116222	54785	94430	105959	16535	55512	98552	26198	65427	31794	87975	50453	117486	93056	137695	76410	115879	85772	95043	20409	104395	46824	114130	72813	124074	40488	81000	126170	84266	120248	99292	24176	100780	99864	114626	97862	13112	26520	96423	101327	133201	54694	9263	34264	52698	55262	118264	98673	58521	96012	43451	98011	89271	19449	77637	58023	42093	92166	117168	97197	129887	98728	103519	82997	37696	114541	136169	77099	101993	130591	72349	
40429	92890	104418	112917	87992	56529	0	96027	81631	64070	86435	37600	31546	77009	73090	93533	114453	30356	79576	32226	78413	50667	88525	48678	78559	97349	104708	106002	47576	64699	59290	72731	40418	23380	43709	24537	53690	32825	12588	78249	92841	110550	100503	57931	10756	24287	54823	89121	41000	42212	65868	44910	51063	64889	83486	89730	35082	90890	38106	71696	92448	31955	89708	105504	77811	73689	98160	105271	60864	83096	89805	67404	103995	91917	93301	92015	62805	39799	112399	77728	57967	62980	101507	95178	40961	23674	85063	73218	57944	27788	52455	95708	92183	46352	64459	101513	74640	49553	38393	31940	51513	77367	69428	107188	56937	63091	12243	80102	29566	80070	63168	85509	41112	99036	74606	59398	92731	55354	43530	76592	52070	42054	61467	95680	47915	76146	21544	62549	110635	97168	101798	80841	44395	85245	81414	96176	98139	45898	46740	88300	63126	69477	69337	52791	57932	7658	69905	99813	83137	73164	36568	28730	82475	92340	33886	59187	37524	14911	35638	56642	62826	67750	83192	114504	61122	51914	99006	120633	27782	89819	112141	43459	
52382	41279	22211	25624	64748	111563	96027	0	17499	110273	44077	72838	63127	41285	37366	69231	35228	69677	43852	69273	16644	33018	36210	66331	70969	61625	25483	53686	50722	79299	45925	18033	82847	77069	75381	79567	56142	55741	92167	64055	40526	31325	26959	48970	90164	77280	102774	16274	100471	49490	41958	55956	43304	96473	71045	5321	90630	16971	66890	29275	40132	62821	19385	53189	42086	85816	45845	17763	109149	36435	16571	113607	12214	7546	19242	56291	109007	48262	60084	30723	37050	25334	61230	24749	53673	73028	14350	25776	112746	84799	55061	22559	39867	77936	28337	22288	26813	35438	53770	68215	34184	14065	72650	62888	27056	117892	83019	33097	79962	72168	94752	49785	69276	40112	30826	39193	57007	73007	42968	37189	96952	88326	93051	43364	47157	18638	84813	37274	28469	61444	31700	45117	88707	12166	45690	28387	52429	101446	84629	52576	20816	39710	78203	111829	89516	97494	73191	47498	21599	67774	79943	76555	17581	56615	84594	39265	58704	90478	89245	64466	29397	31385	13099	62188	36936	83498	17687	35346	70779	22928	59825	48576	
60019	23900	38208	46707	47368	97166	81631	17499	0	95477	58519	58042	48331	23644	19725	51590	34992	54880	26211	54477	13668	28573	18569	64079	53328	43984	25247	36045	35926	61658	31625	30186	68051	62273	60585	64771	74824	40945	77371	46414	22885	31089	21042	34174	75368	62484	87978	6513	85675	34694	24317	67952	38490	81676	53404	13768	75833	11429	52094	18751	22491	48025	10246	35548	24446	68175	28204	25810	94352	18794	21937	98811	18452	13784	13840	38650	94211	33466	42443	13082	32237	27821	43589	15716	38876	58232	19715	44392	97950	70003	52808	16247	22226	63140	38728	22052	12016	33699	38974	53419	19388	26791	55009	45247	25318	103096	68223	15456	65166	54527	79956	32144	54480	29080	13185	57066	39366	70754	46778	19548	82156	73530	78255	25723	32361	43445	70016	22973	45542	43803	31464	27476	73911	7112	28049	26220	34788	86650	69833	34935	20686	52572	60562	97033	74720	82698	55550	29857	4688	50133	65147	61759	8411	38974	69798	24469	43908	75682	74448	77328	24952	49259	11567	44547	22140	68702	19545	55540	55983	7861	42184	33780	
93381	108910	118253	126752	58046	28125	64070	110273	95477	0	136663	42703	66635	92975	89056	68556	127504	57810	74845	51213	91464	82679	104491	110171	53581	68950	117759	97018	59248	39721	75256	111105	44809	94106	38595	53597	115183	67306	54878	53271	108807	123601	113554	78884	80557	65413	10082	102172	27254	74999	81834	99785	97032	16351	58508	102781	30774	103941	46450	88511	108414	75468	102759	93017	76883	48711	114126	118322	10721	99062	102856	5429	117046	104968	106352	63243	4790	61590	102559	93694	93047	105977	78414	108229	56926	87030	98113	122536	16382	37684	107624	108759	108149	34895	99539	114564	87925	87640	71906	85251	79922	113737	44450	84095	103475	14977	71152	96068	48155	55092	21459	77640	43619	115002	90572	108932	66075	116847	86740	92558	17690	105363	36489	111645	66035	121589	58843	78515	123686	73931	117763	74186	39395	98296	81548	112142	87527	19082	35316	86089	98842	130717	44359	19137	23929	60107	44927	96924	96188	48186	96979	52459	95526	78937	35361	75152	52671	49503	106281	118136	94713	127403	96243	93184	80513	27361	112057	133684	78067	99508	128106	69864	
42934	78369	24258	17932	99028	139147	86435	44077	58519	136663	0	100282	90572	76915	72996	104861	59746	97121	79482	96717	49485	51431	72915	44362	106599	97255	57455	90391	78166	123727	73369	27677	110291	66853	102825	107011	36526	83185	91530	99685	77231	59029	76544	76415	78183	104724	130218	65162	127915	54384	70124	46142	42046	123917	106675	45913	118074	66931	94335	58258	76837	64847	65749	89894	77716	121445	82550	47913	136593	73140	36200	141051	47831	46787	69342	91921	136451	75706	96788	67428	39924	35490	97935	71219	81117	65030	43206	21053	140190	112243	39266	71749	76572	105380	31211	54259	56949	45278	81214	56556	61628	31309	108280	99593	43352	145336	80317	69802	107406	107798	122196	85415	96721	83426	67531	31867	92637	51037	54724	76498	124396	52624	120495	80069	74601	25554	112257	64718	11598	97073	63671	80747	116151	61286	81319	80565	89134	128890	112073	88205	56503	22038	128366	139273	116960	96599	108821	84203	59178	103404	53588	103999	52184	92245	112038	66709	86148	117922	59173	39030	64459	26407	54934	98893	64380	110942	47905	8731	64898	65860	96530	76020	
55947	71475	80818	89318	48309	46941	37600	72838	58042	42703	100282	0	29747	56087	52168	58684	90615	20922	58654	12967	54576	45791	67603	73283	43709	59079	80871	85080	22360	29850	38368	74217	8482	57218	6141	13697	78295	30417	28474	43399	71919	86713	76666	41996	43669	22198	36340	65284	26521	38111	44946	62897	60143	30039	48636	65893	20207	67053	10205	51623	71525	38580	65870	84582	56888	38839	77238	81434	42715	62174	65968	47173	80158	68080	69464	53372	42574	24702	91477	56806	56159	69089	68543	71340	20038	50141	61225	85648	46312	18929	70735	71871	71260	11503	62651	77676	51036	50751	35018	48363	43034	76849	34578	74224	66587	51459	34264	59179	8255	45220	28318	64587	5731	78114	53684	72044	56204	79959	49852	55670	30518	68475	26618	74757	29147	84701	18943	41627	86798	64060	80875	59919	15682	61408	60491	75254	77216	32722	18195	67377	61954	93829	34488	45395	23083	33703	35056	78891	59300	38315	60091	12559	58638	69065	15459	38264	15783	24608	69393	81247	57824	90515	59355	83312	43624	17064	75169	96796	41179	62620	91218	32976	
27025	62839	71108	79607	72241	65667	31546	63127	48331	66635	90572	29747	0	47680	43761	82171	78955	10903	50247	18546	42915	22877	59196	44654	67197	68020	69211	76673	21322	53337	29961	45300	39901	28589	32435	37386	49666	9010	28802	66886	63512	75052	65005	22433	20442	20352	59828	53623	58290	15196	36539	34268	34521	53526	72124	54232	48449	55392	22027	36198	63118	9951	54210	76175	48481	62327	68831	69774	66203	53767	54307	70661	68497	56419	57804	62686	66061	15984	83070	48399	30537	35550	72178	59680	20169	18731	49565	46273	69800	42618	42106	60211	62853	34990	37029	66016	39142	22122	14578	19734	27698	49937	58066	77859	29507	74946	19654	50773	28970	68708	51806	56180	25535	69707	45277	43415	63402	51330	21223	47263	54006	39846	50105	66350	24100	48715	31670	33220	75137	67839	72468	51512	45761	49747	52084	66847	68809	68827	41683	58970	35696	51693	57975	68883	46570	34128	58543	70484	47640	61802	31462	23182	46978	63010	42414	26972	18848	34078	40764	52619	28141	40867	47695	85175	29246	40552	63508	85136	12550	54213	82811	19644	
66800	31459	57451	65950	24982	95459	77009	41285	23644	92975	76915	56087	47680	0	6886	28361	54280	52598	6159	52194	31165	38034	28175	83671	30099	20755	44536	33456	32373	44329	23724	50806	65768	67606	58302	62488	88683	38662	75089	29085	20295	50377	36929	39507	80701	60201	85695	27202	83392	40027	16417	73285	56348	79394	30174	37133	73551	37020	49812	28212	14209	53358	27274	27956	7063	44945	27363	51401	92070	16204	42557	96528	50125	38047	32403	21321	91928	31183	39853	17378	50094	45678	24912	31604	36594	63565	37814	62237	95667	67720	81124	33779	23110	60857	56586	47643	18027	53011	36691	58751	19928	53438	37680	30594	43176	100813	65940	10454	62883	31298	77673	8915	52197	38686	14256	74911	21050	90347	52111	5544	79873	78863	46579	23133	28339	61290	67734	15073	63387	20573	41447	10371	71628	30332	4754	35826	17640	84367	67550	12523	38543	70418	44308	94750	72437	80415	39121	19875	21566	32804	70480	59476	29066	15745	67515	23105	41625	73399	79781	95173	34413	67104	32460	39682	27473	66419	45135	73385	61316	23192	31836	31497	
62881	27540	53532	62031	29550	91540	73090	37366	19725	89056	72996	52168	43761	6886	0	36269	47394	45712	10890	45308	24279	31148	21289	76785	38007	28663	37650	38766	25487	46337	16838	43920	58882	60720	51416	55602	81797	31776	68203	31093	25605	43491	30043	32621	73815	53315	78809	20316	76506	33141	9531	66399	49462	72508	38082	30247	66665	30134	42926	21326	25211	46472	20388	38268	9124	52853	30924	44515	85184	15860	35671	89642	43239	31161	25517	23328	85042	24297	45163	10492	43208	38792	32820	24718	29708	56679	30928	55351	88781	60834	74238	26893	24947	53971	49700	40757	11141	46125	29805	51866	13042	46552	39687	38502	36290	93927	59054	12866	55997	39206	70787	16823	45312	31800	7370	68025	24044	83461	45225	9356	72987	71977	47687	28443	21453	54404	60848	8187	56501	28481	34561	12155	64743	23446	12727	28940	29452	77481	60664	19613	31657	63532	45240	87864	65551	73529	40229	32577	14680	34812	63594	52590	22180	23653	60630	16219	34740	66513	72895	88287	27527	60218	25574	47268	20587	59533	38249	66499	54430	16306	44904	24612	
94746	48633	85397	93896	17102	78890	93533	69231	51590	68556	104861	58684	82171	28361	36269	0	68320	74005	26230	67408	57836	64706	47801	110343	19567	19241	58576	29574	59045	40350	50396	79129	61004	94278	50551	69793	115355	65334	96496	28704	35310	64417	55380	66179	96752	81609	61136	55491	78308	66699	43088	99957	83019	54835	11545	65422	61757	65308	62646	54884	35960	80030	55563	25573	31828	28314	44850	79690	67511	41184	70880	71969	78414	66335	61657	28592	67369	57855	35115	41611	76766	72350	10970	52156	63265	90237	64486	88909	71108	75025	107795	58643	40597	51090	83258	60913	44699	79683	63362	85423	46600	76771	37007	16651	69847	76254	87348	41327	64350	16319	53114	21946	59814	52726	40928	101583	23663	117019	78783	31788	55314	105535	34114	36486	55011	87962	75038	41744	90058	10321	55488	30496	55591	58620	24063	49866	19927	70135	51512	20386	65215	97089	27676	70191	47878	89798	28590	29479	49855	32424	97151	68654	57355	13536	67535	49777	68866	80704	106453	121845	61085	93775	60749	25739	54144	46286	73424	100057	87988	46953	49323	58169	
92840	23511	47113	51280	76944	129988	114453	35228	34992	127504	59746	90615	78955	54280	47394	68320	0	86929	61328	86526	45716	60622	26290	96128	88444	79101	10031	46878	67975	113536	63178	50599	100100	94322	92634	96820	106873	72994	109420	81530	33083	5862	13590	66223	107417	94533	120026	31509	117724	66743	59434	100001	70539	113725	88520	35924	107882	22003	84143	50800	39549	80074	29224	46793	59562	103291	31086	20565	126401	31690	53986	130860	24562	28365	18387	73766	126260	65515	44088	34248	64286	59869	64725	20371	70925	90281	51764	76441	129998	102052	84857	19504	29031	95189	70777	14442	44065	65748	71022	85468	51437	46631	90125	66383	57367	135145	100272	39517	97215	89643	112005	67260	86529	26600	48301	89115	74482	102803	78827	54664	114205	105579	110304	38424	64410	47086	102065	54526	51898	78919	15591	62592	105960	39578	63165	19362	55924	118699	101882	70051	52735	84621	95678	129081	106769	114747	90667	50993	36917	85250	97196	93808	40460	74091	101847	56518	75957	107731	106497	109377	57001	81308	43790	52236	54189	100751	19572	51094	88032	29119	28347	65829	
36958	68314	77657	86156	63416	54746	30356	69677	54880	57810	97121	20922	10903	52598	45712	74005	86929	0	54993	7643	50915	26966	63942	54457	59021	72766	77210	81419	22993	45162	34707	52097	26222	38392	24259	27136	59469	9613	31107	58711	68258	83052	73005	26800	31363	16220	51652	61623	48040	19286	41285	44072	41318	45351	63948	62232	38199	63392	13523	47962	67865	19754	62210	80921	53227	54151	73577	77773	58027	58513	62307	62485	76497	64419	65803	67432	57886	21041	87816	53145	37334	42347	76924	67680	10283	28535	57564	81987	61624	32368	51910	68210	67600	26815	43825	74015	47376	31926	15181	29538	28300	56734	49890	82605	36303	66771	21959	55519	18067	60532	43630	60926	13966	74453	50023	50491	68148	61133	31026	52009	45830	49649	41930	71096	29780	55512	22845	37966	83137	72585	77214	56258	37586	57747	56831	71593	73556	49016	33507	63717	58293	58489	49800	60707	38395	36434	50368	75230	55639	53627	41266	15152	54977	67756	32164	34603	10673	30527	50568	62422	32230	47664	55694	89921	29848	32376	71508	93135	22353	58959	87557	29315	
69367	34027	60018	68517	22940	98027	79576	43852	26211	74845	79482	58654	50247	6159	10890	26230	61328	54993	0	56366	35336	42205	32346	87842	26802	18546	48707	49823	36545	37536	27895	54977	69940	71777	62473	66659	92854	42833	79260	22292	36663	54548	41100	43678	84872	64372	67116	31373	87563	44198	20588	77457	60519	60814	30523	41304	77722	41191	53983	32383	19133	57529	31446	37116	4678	45294	41981	55572	73490	26917	46728	77949	54296	42218	36574	11291	73349	35354	48667	21549	54265	49849	24522	35775	40765	67736	41985	66408	77088	71891	85295	37950	36004	65029	60757	51814	22199	57182	40862	62923	24099	57609	30886	30203	47347	82234	70111	15378	67054	31646	59094	7673	56369	42857	18427	79083	15244	94518	56282	10467	61294	83034	38886	39501	32510	65461	71905	19244	67558	21565	45619	3666	75800	34503	5196	39997	18855	76115	71721	13737	42714	74589	36439	76171	53858	84586	31428	24798	25738	26011	74651	63647	33237	15355	71687	27276	45797	77570	83953	99345	38585	71275	36631	39292	31644	52266	49307	77556	65487	27363	55962	35669	
44601	67910	77253	85753	56819	47917	32226	69273	54477	51213	96717	12967	18546	52194	45308	67408	86526	7643	56366	0	50907	34619	63934	62111	51566	72758	77202	81411	22985	37706	34699	70548	19404	46046	16804	17414	67123	17266	30144	51256	68250	83044	72997	34454	30401	11032	44197	61615	38318	26939	41277	51725	48972	37896	56493	62224	28477	63384	8300	47954	67856	27408	62201	80913	53219	46696	73569	77765	50572	58505	62299	55030	76489	64411	65795	67424	50430	21033	87808	53137	44987	65420	76916	67671	16369	36873	57556	81979	55262	22646	59564	68202	67591	19359	51479	74007	47368	39580	22834	37191	39365	73180	42435	82597	43957	60409	20996	55510	11249	53077	36175	60918	7148	74445	50015	58145	68140	68787	38680	52001	38375	57303	34474	71088	29772	81032	16480	37958	83129	72576	77206	56250	30579	57739	56822	71585	73547	39294	26052	63708	58285	90160	42344	50109	30939	35471	42912	75222	55631	46171	48919	7925	54969	67748	22442	34595	14982	20455	55282	70076	54155	55317	55686	89913	39956	24921	71500	93127	30007	58951	87549	29307	
35593	33518	30021	38521	53829	93948	78413	16644	13668	91464	49485	54576	42915	31165	24279	57836	45716	50915	35336	50907	0	15925	27609	52283	61399	52055	35444	45086	32966	78528	28169	20681	65092	59314	57625	61811	64340	37986	74412	54485	31925	41285	31238	31215	72408	59524	85018	19856	82715	31735	24925	41907	26694	78717	61475	11773	72874	21625	49135	13058	31531	45066	20443	44588	32517	76246	37244	36007	91393	27834	12432	95851	20849	16182	24037	46721	91252	30506	51483	22123	20441	16041	52629	25913	35917	55273	6649	33908	94990	67043	41012	26444	31266	60181	22060	32249	11643	21904	36014	50459	16429	23313	63080	54287	13522	100137	65263	24496	62207	62598	76996	40215	51521	38120	22225	46582	47437	58959	29435	28588	79196	70571	75296	34763	29401	25619	67057	19518	35057	51874	41660	35547	70952	10027	36120	35260	43828	83691	66873	43006	8890	42088	83166	94073	71761	79738	63622	38897	13873	58204	62187	58800	6878	47046	66839	21509	40949	72722	71489	66844	12304	38774	6676	53588	19180	65742	29741	45056	53024	20554	51224	30821	
26406	48423	48616	42540	60698	86547	50667	33018	28573	82679	51431	45791	22877	38034	31148	64706	60622	26966	42205	34619	15925	0	41302	45728	68140	58796	49137	58779	35657	69378	34910	30677	55942	37719	48476	60397	42559	23345	47336	61225	45618	54978	44931	6986	50814	39636	75868	33549	81302	9526	31665	35352	19898	69567	68215	27353	71460	35318	38068	12963	45224	23471	34136	58281	39257	78368	50937	49699	82243	41527	22754	86702	34988	30320	37729	53461	82102	30318	65176	35816	15913	20926	62953	39606	34503	33678	20802	31649	85840	65630	34457	40136	44959	51031	22405	45941	22489	9923	20015	28865	17602	35313	69820	67980	14883	90987	38937	38189	45011	69339	67847	46956	40910	51813	36053	29070	54177	52404	12820	38039	70047	48976	66146	48456	36142	34092	50954	26258	42934	58614	55353	42288	61802	29673	42860	48953	59585	84868	57724	49746	15263	37069	74016	84923	62611	52662	74584	52590	27565	64945	40593	42096	20571	53786	65425	19538	34889	52612	49894	53693	6423	26243	20815	67280	12527	56593	43434	49811	31429	34247	64917	19404	
75261	7102	53451	61950	50839	106975	88525	36210	18569	104491	72915	67603	59196	28175	21289	47801	26290	63942	32346	63934	27609	41302	0	95142	56899	47555	16477	25544	43845	65229	35195	45791	77240	79077	69773	73959	90430	50134	86560	49985	11749	22318	12936	50979	92172	71673	97166	13929	94863	51499	27888	84757	54095	90865	56975	32084	85022	15133	61283	34356	17465	64829	8668	30522	28016	71745	14734	26717	103541	7629	37542	107999	21589	25256	12800	42221	103400	42654	30238	8086	47842	43426	38563	7133	48065	75037	35321	59997	107138	79191	68413	9786	6535	72329	54334	18814	19682	64482	48162	70223	31399	43433	58579	40221	40923	112285	77411	13355	74355	58098	89144	35715	63669	13321	13167	72672	42937	101818	63583	18430	91344	90334	66579	20697	39810	59050	79205	26544	61147	47373	14060	31047	83100	25283	31619	8687	29762	95839	79021	36044	36291	68178	64132	106221	83909	91886	59121	24831	16517	53704	81951	70948	24017	42545	78987	34576	53097	84870	91253	92934	40558	64864	27411	39521	38944	77890	20451	71145	72787	6310	25392	42969	
25858	99387	48251	56251	106335	109203	48678	66331	64079	110171	44362	73283	44654	83671	76785	110343	96128	54457	87842	62111	52283	45728	95142	0	113888	104544	85748	95390	65540	96797	80658	50850	83360	26609	75894	67957	9430	53228	54984	106974	82229	91589	81542	53723	37939	57543	103287	70160	101749	45674	77414	13853	26498	96986	113964	60530	91908	71929	65487	67488	81835	35162	70747	94892	85006	105786	87548	86311	109662	78138	49838	114120	71599	66931	74341	99210	109520	60201	101787	84923	32898	41100	108702	76217	61918	34822	53275	41619	113259	86077	12050	76748	81570	78449	38208	82553	70432	39597	55928	25694	64660	55487	101525	114383	41669	118406	48015	87297	72429	115087	95265	92704	68994	88424	81801	27799	99926	6784	40387	83787	97465	9244	93564	85067	81890	54265	64963	72007	49145	104363	91964	88036	89221	66284	88609	85564	105334	112286	85142	95495	45014	31273	101435	112342	90029	56355	102002	89201	64177	110693	13344	66641	57182	99534	85873	70785	62307	63608	18135	10534	49425	36151	57426	103892	56915	84011	80045	53014	35499	70858	101528	62272	
96484	61143	87135	95634	5297	63915	78559	70969	53328	53581	106599	43709	67197	30099	38007	19567	88444	59021	26802	51566	61399	68140	56899	113888	0	13873	73616	48020	60964	16281	52804	79886	46524	96686	36071	55313	117763	69021	82017	14037	53756	79457	66009	68587	82273	67129	46656	56282	63828	69107	45497	102365	85428	40355	13925	66213	47278	66100	48166	57292	42862	82438	56354	44019	29260	16847	66890	80481	53031	51826	71637	57489	79205	67127	61483	19834	52890	60263	53561	46458	79174	74758	29416	60684	58642	92645	66894	91317	56628	60545	110204	62859	60913	36610	85666	76723	47107	82091	65771	87832	49008	82518	18847	35097	72256	61775	72868	39107	49871	8488	38634	22563	45334	67766	43336	103991	16553	119427	81191	34196	40834	107943	17887	54932	57419	90370	60559	44153	92467	17000	70527	26562	41111	59412	26471	64906	31296	55655	37032	30796	67623	99498	9682	55711	33398	75319	10429	47926	50646	16090	99560	54174	58146	22705	53055	52185	54387	66224	108861	124253	63493	96184	61540	44186	56553	31807	74215	102465	90396	52272	80870	60578	
87140	51800	77791	86290	6764	79285	97349	61625	43984	68950	97255	59079	68020	20755	28663	19241	79101	72766	18546	72758	52055	58796	47555	104544	13873	0	64631	44431	52469	30829	43819	70901	62434	87702	51981	82583	108779	58758	95184	15585	52587	70473	57024	59603	100796	80297	62566	47298	79738	60123	36512	93381	76443	56264	14973	57229	63187	57115	64076	48308	33877	73454	47370	38420	21276	29743	57906	71497	68941	42841	62652	73399	70220	58142	52498	11577	68799	51279	49972	37474	70190	65774	25826	51699	56689	83661	57910	82333	72538	87816	101219	53875	51928	52520	76682	67739	38123	73107	56786	78847	40024	73534	24180	31508	63271	77684	86036	30122	65780	16096	54544	13579	61244	58782	34352	95007	7689	110442	72207	25211	56744	98959	28137	55425	48435	81386	87829	35168	83482	9838	61543	18578	57020	50427	17487	55921	22458	71565	52942	21019	58639	90513	25690	71621	49308	100511	20679	34037	41662	19304	90575	70084	49161	13867	68965	43201	61721	93495	99877	115269	54509	87199	52555	40596	47568	47716	65231	93481	81412	43288	71886	51593	
83096	13766	37369	41536	67200	120244	104708	25483	25247	117759	57455	80871	69211	44536	37650	58576	10031	77210	48707	77202	35444	49137	16477	85748	73616	64631	0	37170	58266	103828	53469	40891	90392	84614	82925	87111	97165	63286	99712	71822	23375	6028	4919	56515	97708	84825	110318	21801	108015	57035	49725	90293	60831	104017	78812	26216	98174	12294	74435	41092	29840	70366	19516	37085	49854	93583	21378	15043	116693	21982	44277	121151	14853	18657	8679	64058	116552	55807	42052	24540	54577	50161	55017	11700	61217	80573	42056	66733	120290	92344	75149	9796	19323	85481	61069	4410	34357	56040	61314	75759	41729	36923	80417	56675	47659	125437	90564	29809	87507	79935	102296	57552	76821	16891	38593	79407	64774	93095	69119	44956	104496	95871	100596	28716	54701	37378	92357	44818	42190	69211	6551	52884	96252	29870	53457	9654	46216	108991	92173	60343	43026	74913	85970	119373	97061	105038	80958	41285	27208	75541	87487	84100	30752	64383	92139	46809	66249	98022	96789	99669	47293	71599	34081	46702	44480	91042	9864	49067	78324	20448	26311	56121	
92738	23795	70927	79427	45565	124452	106002	53686	36045	97018	90391	85080	76673	33456	38766	29574	46878	81419	49823	81411	45086	58779	25544	95390	48020	44431	37170	0	61162	68751	52513	63109	94557	96395	87091	91277	107747	67451	103878	56649	18089	42939	33902	68296	109490	88990	89536	39471	112181	68816	45206	102074	71413	83235	39946	49402	102340	38952	78601	51674	19763	82147	39543	7274	45334	56714	23112	50831	95911	22528	54860	100369	49555	50315	36619	59538	95770	59972	8516	25591	65160	60744	20587	31769	65383	92354	52638	77315	99508	96509	85731	33606	19119	89646	71652	39435	36999	81800	65480	87541	48717	60751	65244	15797	58241	104655	94729	25307	91672	44720	81514	38183	80987	28138	34074	89989	46779	119136	80900	29613	83714	107652	62514	10334	57128	76368	96523	43862	78465	35302	32454	48365	83991	42600	40299	28388	20502	98535	79912	29238	53609	85496	56077	98591	76279	109204	56990	20076	33835	60368	99269	88265	41334	29882	96305	51894	70415	102188	108570	110251	57876	82182	44728	9627	56262	74687	44566	88463	90105	30932	18802	60287	
48135	48089	58702	67201	55037	66026	47576	50722	35926	59248	78166	22360	21322	32373	25487	59045	67975	22993	36545	22985	32966	35657	43845	65540	60964	52469	58266	61162	0	45736	12070	53407	32300	55782	24833	33012	76859	12948	45613	59285	49120	65903	55856	23067	45869	30725	52226	44474	53916	28145	19515	61461	50178	45925	64522	45083	44075	46243	14461	30813	48726	31077	45061	61782	34089	54725	54438	60625	58601	39374	45158	63059	59348	47270	48655	22185	58460	5469	68677	34007	46193	48280	57785	50531	8798	39858	40416	64839	62198	38244	69299	51062	48461	27389	52685	56866	30227	39921	14030	46927	22224	56040	50464	63466	45777	67345	36464	36380	33407	61106	44204	41787	17933	55314	30884	59350	49009	78523	38030	32871	46404	67039	42504	51958	6787	63891	38258	18828	65988	53446	58076	37119	38160	40598	37692	52454	54417	61225	34081	44578	41145	73019	50374	61281	38968	50939	50941	56091	38195	54201	58655	30000	37829	48618	38040	16997	10549	43923	67957	79811	37015	69705	38546	70782	22357	32950	54359	75987	33676	39821	68419	11858	
79392	69473	104263	112763	20172	50056	64699	79299	61658	39721	123727	29850	53337	44329	46337	40350	113536	45162	37536	37706	78528	69378	65229	96797	16281	30829	103828	68751	45736	0	63766	99616	33319	82616	22866	42108	103693	55816	68811	16422	70212	88098	74649	67395	69067	53924	33451	64922	50623	63510	54137	88296	85542	27150	30091	74853	34072	74740	34961	77022	69818	63978	64995	64600	40034	20293	75530	89121	39826	60466	91367	44284	87845	75767	70123	26394	39684	50100	74142	55099	81558	94488	49997	69324	45437	75540	86624	111047	43423	47340	96134	71499	69553	23405	88049	85363	55748	76150	60416	73762	68432	102248	7601	55678	91985	48569	59663	57472	36665	18471	25429	37441	32129	76406	51976	97443	29226	105357	75250	49942	27629	93874	7639	73050	54546	110100	47353	52793	112197	31878	79168	37337	27906	68052	41349	73546	46174	42450	23827	45674	87353	119227	15942	42506	20193	62113	7038	68507	59287	10956	85490	40969	84037	37583	39850	63663	41181	53019	94792	106646	83223	115913	84754	64767	69023	18601	82856	122195	66577	60913	89511	58375	
63254	39440	53905	62404	46388	77740	59290	45925	31625	75256	73369	38368	29961	23724	16838	50396	63178	34707	27895	34699	28169	34910	35195	80658	52804	43819	53469	52513	12070	63766	0	47865	48615	64665	41148	45334	85742	21580	57935	47380	40443	60361	44880	22421	58191	43047	68541	38932	66238	37086	7446	70345	53407	62240	54370	39541	56397	40701	26236	25271	40049	50417	39519	53106	25412	71040	45762	55082	74916	30697	39616	79374	53806	41728	43112	11837	74775	14101	60000	25330	47153	42737	49108	39555	19440	60624	34873	59296	78513	50566	78183	41731	39784	43704	53645	51324	18642	50070	18372	55811	13589	50497	66779	54790	40235	83660	48786	27703	45729	55494	60519	33111	35044	46638	22208	71971	40332	87406	49170	24194	62719	75922	58818	43281	7992	58349	50580	10151	60446	44769	49399	28443	54475	35056	29015	43777	45740	67213	50396	35901	35602	67477	66689	77596	55283	63261	67256	47415	29518	51100	67539	42322	32286	39941	50362	9612	24472	56245	76841	92233	31473	64163	33003	62105	16382	49265	48817	70444	58375	31144	59742	11400	
34354	50036	10345	16408	73470	113589	72731	18033	30186	111105	27677	74217	45300	50806	43920	79129	50599	52097	54977	70548	20681	30677	45791	50850	79886	70901	40891	63109	53407	99616	47865	0	84790	59386	77324	81510	38109	48371	69001	71745	48216	46537	47529	36160	58467	64449	104717	36147	102414	33477	44623	37923	25271	98416	78735	17308	92573	37916	68834	32757	47823	45138	36734	60879	49777	93506	53535	31153	111092	44126	9108	115550	31072	24415	40328	63981	110950	50205	67774	38414	19017	8713	68920	42204	55616	46735	16113	7743	114689	86742	37028	42735	47558	79879	10304	37500	27828	24371	45040	41534	36127	4637	80340	70578	15666	119836	59853	40787	81905	79859	96695	57476	71220	54411	38517	21160	64697	54974	31901	44880	98895	52304	94994	51055	49100	6697	86756	39217	16637	69134	46912	52808	90651	23758	53380	51551	60119	103389	86572	60266	16436	21677	102865	113772	91459	74328	80882	55188	30164	75465	43752	78498	23169	64306	86538	41208	60648	74277	61298	46433	34199	13352	18007	69879	38879	85441	31146	23515	46604	36846	67516	50520	
65956	81484	90827	99327	50415	23984	40418	82847	68051	44809	110291	8482	39901	65768	58882	61004	100100	26222	69940	19404	65092	55942	77240	83360	46524	62434	90392	94557	32300	33319	48615	84790	0	68099	10958	13311	89176	41299	28087	45498	82800	97594	87547	52877	43611	24918	38439	76165	15566	48992	55827	73778	71025	32138	50735	76774	12846	77934	17982	62504	82407	49461	76752	85244	67769	40938	88119	92315	35430	73055	76849	49272	91039	78961	80345	55470	44672	35583	102358	67687	67040	79970	70641	82222	30919	50084	72106	96529	32510	14777	81617	82752	82142	13601	73532	88557	61918	61633	45899	59244	53915	87730	36677	76322	77468	37656	34207	70061	7359	47319	30417	75468	13509	88995	64565	82925	58302	90840	60733	66551	27939	79356	28716	85638	40028	95582	18557	52508	97679	66158	91756	70800	8321	72289	71373	86135	79754	21767	10666	78259	72835	104710	36587	27357	25181	33317	37154	89772	70181	40413	70972	15279	69519	71164	7017	49145	26664	23986	68492	92129	68706	101396	70236	85411	54506	19163	86050	107677	52060	73501	102099	43857	
23639	83322	85049	93549	90270	79909	23380	77069	62273	94106	66853	57218	28589	67606	60720	94278	94322	38392	71777	46046	59314	37719	79077	26609	96686	87702	84614	96395	55782	82616	64665	59386	68099	0	60505	42642	32040	37838	29668	91585	81593	90953	80906	38334	12624	32227	87898	69524	64381	30285	62024	26717	30570	81596	98575	70133	58463	71293	50097	52098	81199	19773	70111	94256	69616	90397	86912	85674	94272	77502	70208	98731	84398	72320	73704	83821	94131	44812	101150	69534	44492	49505	93313	75581	46528	10936	65465	60228	97870	51170	30806	76111	80934	63060	50984	81916	55043	36078	40539	14545	49270	63892	86136	98994	43462	103016	22700	71907	47670	99698	79876	77315	53605	87788	66412	38905	84537	33704	24998	68398	82076	20405	78175	84431	66501	62671	39648	56618	91038	88973	91328	72647	73831	65648	73219	84927	89944	69279	69753	80105	49651	48984	86045	96953	74640	31040	86613	88565	63540	95304	14919	40906	62878	84145	54219	55396	46918	38293	13988	34993	43229	47257	63595	103255	41525	68622	79409	101036	15731	70222	100892	46883	
58490	74018	83361	91860	39962	48929	43709	75381	60585	38595	102825	6141	32435	58302	51416	50551	92634	24259	62473	16804	57625	48476	69773	75894	36071	51981	82925	87091	24833	22866	41148	77324	10958	60505	0	19764	81727	33850	34541	38453	75351	90145	80098	45428	47101	31957	31394	68716	28569	41543	48378	66329	63576	25093	43690	69325	22255	70485	12994	55055	74958	42012	69303	88014	60320	33893	80670	84866	37769	65606	69400	42227	83590	71512	72896	48425	37628	28134	94909	60238	59591	72521	63596	74773	23470	53574	64658	89080	41366	24997	74168	75303	74693	6557	66083	81108	54469	54184	38450	51795	46466	80281	29632	69278	70019	46513	37696	62612	14322	40274	23372	68019	10163	81546	57116	75476	51257	83391	53284	59102	25572	71907	21671	78190	32579	88133	25010	45059	90230	59113	84307	63351	17328	64840	63924	78686	80649	40393	13249	70810	65387	97261	29542	40449	18136	39770	30109	82323	62732	33369	63524	18626	62071	64119	17507	41697	19215	30676	72825	84680	61257	93947	62787	78366	47057	12118	78601	100228	44611	66052	94651	36408	
50302	78204	87547	96046	59203	40799	24537	79567	64771	53597	107011	13697	37386	62488	55602	69793	96820	27136	66659	17414	61811	60397	73959	67957	55313	82583	87111	91277	33012	42108	45334	81510	13311	42642	19764	0	73029	36611	15476	54410	78113	92906	82859	48190	30096	14157	47352	71477	29295	40852	51139	56868	62885	41050	59648	72087	17503	73246	19908	57817	77719	41321	72064	90776	63082	49851	83432	87628	49159	68367	72161	58185	86351	74273	75658	77286	53585	30895	97670	63000	79699	75283	86778	77534	26232	36569	67419	91842	46239	13623	64926	78065	77454	22514	86191	83870	57230	53493	41211	42554	49227	83043	45590	92460	72780	51386	20085	65373	5728	56232	39330	70780	17274	84307	59877	66235	78002	74693	52593	61864	34492	61394	37629	80951	39634	90895	5945	47821	92991	82439	87069	66112	18497	67601	66685	81447	83410	28319	20842	73571	68148	100022	45499	41086	34094	20705	46067	85085	65494	49326	62833	7676	64832	77611	12276	44458	24844	11610	54978	75982	64018	96708	65549	99775	49818	28076	81362	102990	34620	68814	97412	39169	
22689	94674	39824	48323	111347	114215	53690	56142	74824	115183	36526	78295	49666	88683	81797	115355	106873	59469	92854	67123	64340	42559	90430	9430	117763	108779	97165	107747	76859	103693	85742	38109	89176	32040	81727	73029	0	58153	59909	111899	79083	88443	78396	58649	42864	62468	108212	67014	106675	50599	82339	16033	23352	101911	118889	55389	96833	68783	70412	54503	78689	40088	67601	91746	89931	110711	84402	68408	114587	74992	46604	119045	68327	67283	71195	104135	114446	65126	98641	69281	29751	37954	113627	73071	66843	39747	50129	31456	118184	91003	8536	73602	78424	83375	35062	79406	58801	36451	60853	30619	69585	42718	106450	101445	38523	123331	52940	71654	77355	120013	100190	97630	73920	85278	69383	19754	104851	16138	35438	88713	102390	17305	98490	81921	86815	41496	69889	76932	41341	109288	88818	92962	94146	63138	93534	82418	90986	117211	90067	100420	41868	23469	106360	117267	94955	61280	106928	86055	61030	115619	18269	71567	54036	104460	90798	75710	67233	68533	24274	10442	46279	25989	54280	100745	61840	88936	68401	45210	40508	67712	98382	67197	
