//--------------------------------------------------------------------------------------------------------------------
//-- données sur le VAL_D_OISE récupérés par le géocodeur (matrice symétrique)
//-- 
//-- C. Duhamel, P. Lacomme C. Prodhon - JUILLET 2009 : 9950 kg à collecter, flotte de capa 14000
//--------------------------------------------------------------------------------------------------------------------
183 2 999999 0 0 0
20 200 100 1.2
20 500 180 1.7
0   // la ville qui represente le depot
0	21816	25287	33174	34225	30993	53893	20429	18377	42341	35340	19293	10598	30080	15778	23068	36983	44517	37504	40277	17445	24131	25886	29413	9079	5936	53525	31919	45380	28720	10366	10244	42590	26260	24939	12408	36221	11582	42698	46042	27035	27342	52589	30361	14176	13156	6652	24725	6092	4014	6801	34978	34670	31267	44421	32496	16391	52234	14084	41068	15931	28098	38497	42390	47443	24225	11131	5551	21647	27919	12288	43915	24374	8670	52600	46844	7642	8785	36879	13164	15185	33749	27620	19965	19626	20644	42351	12272	30833	24006	23668	34721	24999	41964	15359	12716	41673	7028	28802	44732	43524	48330	18264	5473	48566	44386	33313	20337	39131	32872	8443	49654	22718	17232	8718	24907	22393	34957	3810	23054	34040	35261	33996	27170	31911	33343	13280	31014	23492	11603	16706	36012	40318	16965	23357	10580	26847	36662	18232	38679	15468	32019	46649	7159	53011	30619	4516	40338	28412	26069	22501	29460	26604	35437	15434	33359	62494	30679	8593	42999	10417	41245	32037	64355	27066	7009	15034	3771	22169	23313	50314	9768	55625	30407	40981	31520	5176	35288	50742	29016	25268	47295	37212	15661	
21816	0	16122	11567	52749	49517	72417	35888	4337	60865	53864	37817	11002	48604	8311	41592	55507	63041	56028	58801	32904	42655	44410	56846	22483	27840	72049	50443	63904	13719	26487	18666	61114	18866	43463	30932	54745	19855	61222	64566	8712	45866	71113	8678	11326	12930	18601	43249	26305	25981	25540	53502	53194	49791	62944	51020	34915	70758	30205	59591	34455	46622	57021	60914	65967	42749	12331	24286	40171	46443	10342	62439	8890	35717	71124	65368	14462	28675	55403	10360	29331	10235	46144	38489	38150	11147	60875	26430	49357	16612	42192	11410	43523	60488	15413	24935	60197	16501	47326	63256	62048	66854	36788	15711	67090	62910	51837	12814	57655	51396	22542	68178	7995	33353	20620	43431	40917	53481	26539	41578	52564	53785	52520	19776	50435	51867	15380	49538	42016	23678	35230	54536	58842	14115	11151	29104	45371	55186	36756	57203	33992	50543	65173	25683	71535	49143	21152	58862	21018	3380	15107	47984	45128	53961	33958	51883	81018	49203	19220	61523	13390	59769	50561	82879	45590	13545	31155	18237	40693	41837	68838	23734	74149	6893	59505	4971	15331	53812	69266	4154	43792	65819	55736	6426	
25287	16122	0	7888	56061	51640	68241	37932	13141	66311	57258	43262	18883	56742	12732	43705	58629	67652	59362	61091	36188	45775	49021	50790	30382	31026	76345	53677	68515	2376	33119	24929	63459	8525	46660	33974	59510	21882	65833	68680	6594	50477	75724	9140	13799	20182	30003	45719	31379	30592	28175	56783	56439	52548	64740	52987	38104	75370	39387	64203	36847	50104	59621	64265	72166	46201	22973	28853	43708	51054	19663	65890	7264	40328	74694	68114	19414	37857	59839	15890	32616	12546	50755	41527	41531	5121	65486	35006	53906	6064	44877	9438	48134	65099	17886	28220	61694	23121	47753	67867	66659	69470	41400	25483	70817	67011	54925	10089	62266	55781	27839	71683	10274	37096	29943	46585	42481	56407	31151	44351	55652	58578	55837	3890	54335	54800	21643	52725	45228	26962	38391	57469	61614	15330	2704	32927	48566	57740	39576	59995	36646	53756	68556	30294	75627	52678	25741	61828	10878	16509	7490	51352	52914	57170	37518	56686	86843	49148	24749	64462	24155	64044	53863	86646	46966	20817	34898	23337	43930	45033	73449	32501	86828	15842	63288	13795	21401	57150	73824	11291	47024	70430	60347	16783	
33174	11567	7888	0	63949	59528	76128	45820	15343	74198	65146	51150	26771	64630	16667	51593	66517	75747	67250	68978	44283	53663	57116	58678	38269	38914	84233	61565	76609	6306	41214	33024	71347	12796	54547	41862	67398	29770	73928	76567	7962	58572	83819	3234	21893	28277	38097	53607	39266	38687	36062	64671	64327	60435	72628	60875	45992	83464	47275	72297	44735	57991	67509	72152	80054	54089	23338	36947	51596	59149	21348	73778	11425	48423	82581	76002	27508	45745	67727	23984	40711	6847	58850	49415	49419	13216	73581	42893	61794	14158	52764	3735	56229	73194	25981	36315	69582	31216	55641	75962	74754	77358	49494	33578	78704	74898	62813	17976	70361	63669	35727	79571	13125	45191	37831	54472	50369	64295	39245	52239	63540	66466	63725	10414	62223	62688	29738	60613	53116	35057	46279	65357	69502	23218	10780	40815	56454	65628	47464	67883	44533	61644	76444	38389	83515	60566	33629	69715	16016	12550	15378	59240	60802	65058	45405	64574	94731	57035	32637	72349	32042	71932	61750	94534	54853	28911	42992	31225	51818	52921	81544	40389	94716	8152	71176	9591	29288	65038	81711	7549	54912	78524	68442	17432	
34225	52749	56061	63949	0	10024	12267	38793	49152	19459	12458	20734	41372	9920	46552	10704	23439	21635	14622	26733	39285	12425	10035	16503	30821	32378	15071	5819	11995	59494	38166	44755	29046	57035	21386	26647	22677	43371	19816	23160	57809	8387	29707	61136	44950	43931	37709	13035	34481	32353	32055	7279	3908	3003	8853	5829	26049	29352	32140	18186	22910	5556	7361	19508	24561	10417	41906	37160	14776	40794	43062	11609	55148	30371	15076	23962	41515	34964	5221	43939	44188	68607	28803	17872	24233	51419	19469	30315	18060	54781	16528	65495	29605	19082	46133	47667	10514	40901	7044	12321	20642	25448	31443	36530	25684	21504	11229	51111	16249	1566	41142	26772	53493	41578	35464	15277	17447	6155	32912	13986	6157	9353	3879	57945	11249	19799	45391	14476	26410	49829	25890	17760	21461	47739	54131	29300	26093	23118	14578	4915	23772	15547	23767	30220	28426	25678	35573	5516	59187	56844	53276	6243	5613	17162	23601	4545	33471	7417	43620	8674	41474	18363	3346	35332	7642	37783	42962	39822	28706	23072	27432	28561	32743	63520	18099	62294	35951	12406	27860	59790	12907	13301	14330	46436	
30993	49517	51640	59528	10024	0	27936	36676	44731	38071	31070	21414	36952	25810	42132	13175	32713	40247	33234	36007	38356	15126	17801	5356	26400	27957	27567	14973	23284	55074	33746	40334	38320	52614	22066	22227	31951	38950	38428	41772	53389	16726	38373	56715	40530	39510	33288	4979	30060	27932	27634	10409	14487	6142	20705	7927	25149	32502	30700	36798	18490	6523	20132	38120	43173	5335	37485	32739	17381	36677	38642	16091	50727	25951	26643	31134	37094	30543	12310	39518	36233	65244	36378	13451	28384	46998	38081	25894	26563	50360	6764	61074	33757	37694	41713	36443	37403	36480	8589	40462	39254	28834	27022	32109	34350	40116	29043	46691	34861	8282	36721	44372	49072	34885	31043	20637	18127	30687	28491	9566	10049	10692	9427	53524	27641	29073	40971	26744	32250	42149	21469	31742	36048	43319	49711	24879	26161	32392	16002	15495	22678	27749	42379	25800	27054	34952	31152	12444	54766	52423	48855	4891	10535	31167	19180	9944	36537	4084	39199	14667	37053	36975	7468	38398	12524	33363	35944	35402	30927	23751	28937	24140	39447	61902	36711	57874	31530	31018	40835	55369	20998	19825	32942	42015	
53893	72417	68241	76128	12267	27936	0	43936	61331	23288	17601	30092	53552	18419	58732	31815	28582	18163	16506	31876	44428	27041	20200	22994	43000	44557	2829	15115	6283	71674	52235	56934	34189	69214	26433	38827	27820	55550	13717	20050	69989	19020	15877	73315	57130	56110	49888	29765	46660	44532	44234	9237	12622	12403	7239	10476	35277	15758	41498	15075	34396	14882	9491	9443	21451	24305	54085	49339	24912	45937	55242	3759	67327	42551	3290	7377	53694	47143	6549	56118	49331	81042	33945	30051	33591	63598	13371	40533	23202	66960	28708	77674	39247	15972	58313	52810	11107	53080	16694	7342	17532	5014	36793	48709	11854	18394	16372	63291	12435	11175	55420	18518	65672	46720	47643	23883	26805	11635	45091	26166	17710	7339	8538	70124	16392	24942	57571	19618	31553	54972	37376	22903	27047	59919	66311	41479	31236	28261	35558	9126	35279	20690	13672	42400	10504	30821	47752	6556	71366	75373	65455	14328	15263	22304	32560	14194	19801	21610	55799	3450	53654	19921	10748	21663	24777	49963	48105	52002	38064	28119	6292	40740	22712	77700	21991	76804	48130	15863	15152	71970	23986	4012	13982	58615	
20429	35888	37932	45820	38793	36676	43936	0	31844	28775	33123	12227	29078	26089	28386	29575	24647	42300	35287	21799	5278	18903	30709	35920	24521	17435	47233	32382	43163	41365	10059	18612	24112	38906	15550	20348	21410	16889	40481	43826	39680	29565	50372	43006	26320	22964	27093	31232	14792	22773	25744	41485	35515	37774	37588	39002	12144	50018	8629	38851	22437	27542	36096	40174	45226	30732	35595	15528	17698	5074	28335	43771	37019	13366	49096	44627	23167	10934	40126	26631	7638	50478	9409	26472	8720	33289	40135	24472	24523	36652	30174	47366	9011	39748	21304	11117	39456	20997	35308	42515	41308	46114	10086	25914	46349	42170	27602	26850	36914	26047	13244	47437	34490	3599	29159	17995	16877	32556	18275	29561	37829	42152	42115	39815	29552	21007	21648	26341	12382	13690	23243	23676	25634	23478	36002	15943	12712	20342	24738	36278	16569	31420	44432	19463	49091	12409	24957	37937	41057	39536	31120	35967	22655	32597	21941	26246	54136	37185	16739	40598	30859	39028	38544	55998	20702	31473	6209	19296	5851	13924	48097	22261	53409	45391	38764	40395	29640	33071	48525	39578	28771	45078	34995	29128	
18377	4337	13141	15343	49152	44731	61331	31844	0	59401	50348	36353	7258	49833	4251	36796	51720	58980	52452	54181	28843	38866	40350	43881	23472	24117	69435	46768	59843	15720	22426	14605	56549	14805	39750	27065	52601	15794	57161	61770	9843	41805	67052	12534	7265	8870	16244	38810	22250	21920	21265	49874	49529	45638	57831	46078	31195	66698	26457	55531	29938	43194	52712	57355	65257	39292	9263	20226	36799	42382	6281	58980	6609	31656	67784	61205	10401	24927	52930	6299	25271	17802	42083	34618	34622	7086	56815	28096	46997	12551	37967	15186	39462	56428	11353	20875	54784	12440	40844	59195	57988	62560	32728	12642	63907	60101	48016	8761	53594	48871	19346	64774	3934	29293	23034	39675	35572	49498	22479	37442	48743	51669	48927	15715	47426	47891	11319	45816	38318	19617	31482	50560	54705	10035	11902	26018	41656	50830	32667	53086	29736	46847	61647	21622	68718	45769	18832	54918	17022	7968	11597	44443	46005	50261	30608	49777	79934	42238	15608	57552	11967	57135	46953	79737	40056	10476	27094	14196	31392	38124	64777	25591	79918	10677	56378	8827	14491	50240	66914	8010	40114	61758	51675	3357	
42341	60865	66311	74198	19459	38071	23288	28775	59401	0	12173	28796	51622	17123	56802	30519	7677	10383	8767	10417	30573	25745	18904	46391	41070	42627	27328	18106	19739	69744	38381	55004	8207	67284	20410	36897	14381	44728	17282	6993	68059	17724	25854	71385	55200	54180	47958	41990	44730	42602	42304	25624	17559	23032	17182	26863	33981	25500	37897	8966	33100	34443	18139	15656	12604	36319	52155	47409	23616	22660	53312	23866	65397	40621	24579	20110	51764	39596	22170	54188	35476	78856	18130	37230	32295	61668	10879	39237	14929	65030	40932	75744	23432	10975	56383	38955	14435	51150	33950	17997	9380	21596	35497	46779	21832	7427	15235	61361	13715	21871	41565	14689	63742	32866	45713	22588	25509	14600	43161	40319	19873	24195	24159	68194	15255	10046	55641	18482	20774	41117	36080	9641	4694	57989	64381	39549	17166	9465	34262	18321	33983	11540	14308	40470	24573	16459	45822	19981	69436	67093	63525	39314	22958	6415	31264	22179	18030	36159	53869	21570	51724	4025	26368	16745	23481	48033	34251	50072	35119	20480	23580	38810	20940	73769	3395	72544	46200	10477	18778	70040	22690	21046	11513	56685	
35340	53864	57258	65146	12458	31070	17601	33123	50348	12173	0	19744	42569	8070	47749	21466	13219	14952	5284	21687	34239	16692	9852	37339	32018	33575	20224	9053	15815	60691	42046	45952	17361	58232	16084	27844	17631	44567	11076	12647	59006	8671	23024	62332	46147	45127	38906	32937	35677	33550	33251	16571	8506	13980	14856	17811	24928	22670	31149	11503	24047	25390	9087	12826	17879	27266	43102	38356	14563	35748	44259	16762	56345	31568	21749	17280	42712	36161	13117	45135	39142	69804	23756	28177	23243	52615	10730	30185	13013	55978	31880	66692	28615	12400	47330	42621	12108	42097	24897	15167	13960	18766	26444	37727	19002	14822	6183	52308	7509	12819	45231	16570	54689	36532	36660	13535	16457	5547	34108	31266	10820	15143	15106	59141	6203	14753	46588	9429	21364	44783	27027	12714	12124	48936	55328	30496	21047	18072	25210	9269	24931	10501	13565	31417	21743	20632	36770	10928	60383	58041	54472	30262	13905	7824	22211	13126	26789	27106	44817	13589	42671	9025	17315	28650	14429	38980	37916	41019	27716	17770	20750	29757	26061	64717	8761	63491	37148	3068	17658	60987	13638	17730	5590	47633	
19293	37817	43262	51150	20734	21414	30092	12227	36353	28796	19744	0	28573	14388	33753	11916	16834	28824	21811	19764	18030	7202	11098	27789	18033	13118	33942	16226	29687	46695	17296	22702	22077	44236	5253	13860	12590	24040	27005	30350	45010	11649	36896	48337	32152	31132	24910	21584	15150	16707	19256	26230	18978	16984	28728	23747	5656	36542	11877	25375	12789	15840	22804	26698	31751	21084	29107	17829	5997	12262	30263	30479	42349	11041	35620	31151	28716	14182	26835	31140	17872	55808	11963	16824	3970	38620	26659	14796	10025	41982	20526	52696	9342	26272	28454	19495	25980	25087	15347	29039	27832	32638	7172	23731	32873	28694	17620	38312	23438	14346	20272	33961	40694	10471	22665	6294	5175	19265	16427	19913	15225	28860	17300	45146	16219	13194	25738	15321	7836	23932	12929	15863	20169	34941	41332	9455	8180	15233	10250	22986	7478	16326	30956	17421	35615	14963	22774	24646	46388	44045	40477	20712	10954	19745	9287	14545	40661	17556	22242	27306	28675	25552	23288	42522	9000	24984	13590	27023	8443	4710	34622	15773	39933	50721	25288	49496	23152	19595	35049	46991	9575	31602	21519	33637	
10598	11002	18883	26771	41372	36952	53552	29078	7258	51622	42569	28573	0	39859	6712	32847	46762	54296	47283	50056	25995	33911	35666	39192	19074	19096	63304	41698	55159	22316	17754	11232	52369	19857	34719	22187	46000	12947	52477	55822	20631	37121	62368	23957	7772	6486	10070	34505	19255	17236	16796	44758	44449	41047	54200	42275	26170	62014	21472	50847	25710	37878	48276	52170	57222	34004	3089	13870	31426	37698	1988	53694	17970	26972	62380	56623	5717	19942	46658	4141	22423	24881	37399	29745	29406	14240	52131	22051	40613	17603	33447	22346	34778	51744	8688	18027	51452	7756	38581	54511	53304	58110	28044	6468	58345	54166	43092	13933	48910	42652	13809	59433	10093	24620	18712	34686	32172	44736	17795	32833	43819	45041	43776	20766	41691	43122	7946	40793	33272	16770	26485	45792	50097	10561	16953	20360	36626	46441	28011	48458	25248	41798	56428	16938	62790	40399	14511	50118	22008	15048	16097	39240	36383	45217	25214	43138	72273	40458	10475	52778	5793	51024	41816	74134	36845	3589	22422	9493	31948	33092	60093	19547	65405	21539	50760	15907	5375	45067	60521	15090	35047	57074	46991	4504	
30080	48604	56742	64630	9920	25810	18419	26089	49833	17123	8070	14388	39859	0	47233	20951	15359	14437	7424	21171	33723	16177	9336	36823	31502	33059	19554	8537	15299	60175	41530	45436	23484	57716	15569	27328	17115	44052	12618	15962	58490	8156	22509	61817	45631	44611	38390	32422	35162	33034	32736	15901	7836	13310	14340	17140	24412	22154	30634	10987	23532	24875	8417	12310	17363	26750	42586	37841	14048	35232	43743	16092	55829	31052	21233	16764	42196	35645	12447	44620	38626	69288	23241	27662	22727	52100	12271	29669	12042	55462	31364	66176	28099	11884	46814	42105	11593	41582	24381	14652	13444	18250	25929	37211	18486	14306	5667	51792	9051	12148	44715	19573	54174	36016	36145	13019	15941	4877	33593	30750	10150	14473	14436	58626	4173	14237	46072	8914	20848	44267	26511	12198	14263	48420	54812	29981	20531	17556	24694	8598	24415	9985	16569	30901	21227	20116	36254	10258	59868	57525	53957	29746	13389	9964	21696	12456	26273	26591	44301	12919	42155	11165	16645	28134	13913	38464	37400	40503	27200	17254	20234	29242	25545	64201	10901	62975	36632	5208	20662	60471	13122	17214	7132	47117	
15778	8311	12732	16667	46552	42132	58732	28386	4251	56802	47749	33753	6712	47233	0	34196	49120	56907	49853	51582	25404	36267	38277	41281	20873	21518	66836	44168	57770	15310	21212	12699	53950	12225	37151	24465	50002	12337	55088	59171	12305	39732	64979	16326	3015	6964	19258	36210	21870	19847	18666	47274	46930	43039	55231	43478	28595	64625	29879	53458	27339	40595	50112	54756	62657	36692	9749	18108	34199	40309	5735	56381	7559	29583	65185	58605	8669	28348	50330	4529	21832	21776	40010	32018	32022	5314	54742	25497	44397	9971	35368	16509	37389	54355	7102	17436	52185	12376	38244	57122	55915	59961	30655	14738	61308	57502	45416	6171	51521	46272	18293	62174	6103	26312	20435	37076	32972	46898	20406	34843	46143	49069	46328	13135	44826	45291	9413	43216	35719	16178	28882	47960	52105	5784	9322	23418	39057	48231	30067	50486	27137	44247	59047	19549	66119	43169	16232	52319	14432	11943	9006	41843	43405	47661	28009	47177	77334	39639	15240	54953	14646	54535	44354	77137	37457	10072	24114	13828	34421	35524	62704	22992	77319	14651	53779	12801	11892	47641	64315	11984	37515	59685	49602	4133	
23068	41592	43705	51593	10704	13175	31815	29575	36796	30519	21466	11916	32847	20951	34196	0	23387	30921	23908	26681	39233	4191	8006	11884	18465	20022	36409	12260	31784	47138	25810	32399	28994	44679	11707	14292	22625	31015	29102	32447	45453	9443	38993	48780	32595	31575	25353	7196	22125	19997	19699	17863	15012	8341	30825	15380	12923	38639	22765	27472	10554	6190	24901	28795	33847	4738	29550	24804	6142	22847	30706	26799	42792	18016	35485	33248	29159	22608	19763	31583	28298	56251	28751	5279	14554	39063	28756	17959	17238	42425	6138	53139	19926	28369	33777	28508	28077	28545	4365	31136	29929	34735	19087	24174	34970	30791	19717	38755	25535	9476	28786	36058	41137	21055	23108	11311	7768	21361	20556	3913	10643	18146	16881	45589	18316	19747	33035	17418	18420	34214	13534	22417	26722	35384	41775	16944	15803	23066	3421	25083	10646	18423	33053	17864	35895	25626	23217	26743	46831	44488	40920	12345	6029	21842	11245	9963	45378	9487	31264	29403	29118	27649	14921	47239	4489	25427	28009	27466	19027	13393	36718	16205	42030	51164	27385	49939	23595	21692	37146	47434	11672	33699	23616	34080	
36983	55507	58629	66517	23439	32713	28582	24647	51720	7677	13219	16834	46762	15359	49120	23387	0	18723	10286	5412	23884	18064	15021	38710	33389	34946	31545	19625	22029	62062	31692	47323	6315	59603	12705	29215	8152	38039	18801	15332	60377	13877	29239	63703	47518	46498	40277	34309	37049	34921	34623	27892	19827	27906	21070	29131	22166	28884	31208	14889	25419	26762	20408	18444	20943	28637	44473	37160	15935	16592	45630	28083	57716	32939	27963	23494	44083	32907	24438	46507	28788	71175	12894	29549	18742	53987	19219	31556	8666	57349	33251	68063	18196	16898	48701	32267	18322	43469	26268	21382	17719	24980	21944	39098	25216	15766	11914	53679	15234	24139	34876	24295	56061	26177	38031	14357	17828	16868	35480	32637	22141	26464	26427	60513	13863	3782	47959	10653	14545	34429	28398	2755	4903	50307	56699	31868	10937	3489	26581	20590	26302	4658	21290	32788	27957	9770	38141	22249	61755	59412	55844	31633	21815	7390	23583	22144	33003	28477	38371	24910	44042	11711	28636	25084	19862	40351	27562	42390	28430	14251	26964	31129	32275	66088	10491	64862	38519	11996	25383	62358	13083	23944	13033	49004	
44517	63041	67652	75747	21635	40247	18163	42300	58980	10383	14952	28824	54296	14437	56907	30921	18723	0	13357	19539	46926	27145	22539	47294	41672	42515	23121	18786	11760	70231	54734	58639	18511	70919	29171	37425	27493	53397	4446	6879	68012	21359	14413	75020	58835	57815	51593	42342	44529	46238	41965	22174	18359	24505	11944	24525	35617	15985	45074	6982	33172	34998	14734	7076	3667	36124	55790	51044	25077	48436	56947	19261	69033	44256	19311	10062	55399	44930	22942	57823	51830	82491	36444	38150	32307	65303	3268	38881	22445	68665	41499	77293	41303	2912	60018	55309	8898	54785	34128	11112	1019	15939	39132	50414	8816	5003	15139	61098	6446	22953	53512	5724	67377	49219	45576	22294	25497	15578	46796	33040	20664	19816	25035	71829	15107	22783	59276	18097	30548	57470	36341	21330	14236	57729	68016	38948	28312	25723	31351	19166	32446	19145	5545	44105	18224	29313	45790	20999	69352	70728	63927	39959	23521	13411	29096	22020	11929	37323	53108	16799	53395	7753	26879	7797	23839	51668	50604	49893	36708	31104	16204	39400	12886	69381	9822	76179	46699	12783	9713	73675	21351	13675	9085	60320	
37504	56028	59362	67250	14622	33234	16506	35287	52452	8767	5284	21811	47283	7424	49853	23908	10286	13357	0	14730	36343	18796	11956	39443	34122	35678	23515	11157	12139	62795	44150	48056	14359	60336	18188	29948	19735	46671	8911	9645	61110	10775	19348	64436	48251	47231	41010	35041	37781	35654	35355	18675	10610	16084	11180	19915	27032	18994	33253	7827	26151	27494	9567	8554	14203	29370	45206	40460	16667	37852	46363	17864	58449	33672	18073	13603	44816	38265	15221	47239	41246	71908	25860	30281	25347	54719	8564	32289	15117	58082	33984	68796	30719	8724	49434	44725	8432	44201	27001	11491	10284	15090	28548	39831	15326	10079	8287	54412	5344	14923	47335	14405	56793	38635	38764	15639	18561	7651	36212	33370	12924	17247	17210	61245	8307	16857	48692	11533	23468	46887	29131	11972	9122	51040	57432	32600	23151	12597	27314	11373	27035	12605	11400	33521	18067	22736	38874	13032	62487	60145	56576	32366	16009	4822	24315	15230	23113	29210	46921	15693	44775	6023	19419	20548	16533	41084	40020	43123	29820	19874	17074	31861	22385	66821	5759	65595	39252	2368	15493	63091	15742	14054	3143	49736	
40277	58801	61091	68978	26733	36007	31876	21799	54181	10417	21687	19764	50056	21171	51582	26681	5412	19539	14730	0	22755	20525	17483	41172	35850	37407	34007	19155	29936	64524	30562	39115	2313	62064	14537	31677	9383	36909	27255	16148	62839	16339	37145	66165	49980	48960	42738	36770	35295	37382	37084	30354	22288	30367	24361	31593	22523	36791	30079	18122	27880	29223	22869	26947	21759	31099	46935	36031	18396	14842	48092	30544	60178	35401	35870	31401	46544	31778	26899	48968	27658	73636	10312	32010	19099	56448	20035	34017	11495	59810	35712	70524	15614	20130	41323	31137	26229	45930	28730	29288	18536	32887	31535	41559	33123	16582	14375	56141	23688	26601	33747	34210	58522	25048	40493	16819	20289	19329	37941	35099	24603	28925	28888	62974	16325	7642	50421	13115	14902	33299	30860	6804	6853	52769	59161	34329	11294	4338	29042	23051	28763	9465	31206	35250	35864	8640	40602	24711	64216	61873	58305	34095	24277	12154	26044	24605	40910	30939	37242	27371	46504	11746	31098	42771	22323	42813	26432	44852	27300	14608	34871	33590	40182	68549	11116	67324	40980	19844	35299	64820	15545	31851	21769	51465	
17445	32904	36188	44283	39285	38356	44428	5278	28843	30573	34239	18030	25995	33723	25404	39233	23884	46926	36343	22755	0	35456	31478	37506	26615	15653	47661	35693	43932	38767	7075	15628	25123	35922	21427	22871	19884	13888	41250	45660	36548	30334	51141	40022	23336	19980	24109	32435	11373	19789	24408	43886	36009	39263	41721	39703	18582	50786	9825	39619	23563	43309	36442	41245	49147	32916	25342	12544	33389	8588	25351	44103	34035	12401	51976	45095	20183	8295	40592	23647	4654	47494	12924	28243	14358	30306	40903	27007	24778	33668	31592	45829	17373	40516	18320	8133	38674	18013	42439	43284	42076	46450	13024	22930	47797	43991	28192	23943	37683	40603	10425	48664	31506	10966	26176	30543	33809	33228	15291	31067	38314	42712	42685	36831	30141	22677	18664	27007	13068	10706	25088	25346	27295	20477	33018	16693	16406	21166	26292	36816	18362	32502	45537	17671	50889	15500	21974	38649	37889	36552	32463	38068	35250	33675	37408	39670	58025	35863	13700	41283	31267	41025	40578	55838	36218	21220	7321	16271	11620	19801	48866	24845	54344	39244	30916	37411	19762	34131	50804	36594	29269	45847	35764	26144	
24131	42655	45775	53663	12425	15126	27041	18903	38866	25745	16692	7202	33911	16177	36267	4191	18064	27145	18796	20525	35456	0	5179	21807	20535	22092	38795	9434	28007	49209	27881	34469	25218	46749	8880	16362	18848	33085	25326	28670	47524	6617	35217	50850	34665	33645	27423	10934	24195	22067	21769	13534	12185	8724	27048	12084	13413	34862	19634	23695	12565	9859	21125	25018	30071	11734	31620	26874	3316	20020	32777	28800	44862	20086	33941	29472	31229	21939	25155	33653	25630	58321	24974	7635	11728	41133	24979	18702	13461	44495	9877	55209	17100	24592	35848	30578	24300	30615	9365	27360	26152	30958	14929	26244	31194	27014	15941	40826	21759	8300	30856	32281	43207	18228	25178	7535	4942	17585	22626	7651	9180	15609	11254	47659	14539	15971	35106	13642	15593	36284	15545	18640	22946	37454	43846	19014	12976	19289	5625	21306	13448	14647	29277	19935	33935	21850	25287	22966	48901	46558	42990	14730	4908	18065	10729	8499	38981	11575	33334	25627	31188	23873	10072	40842	2954	27498	21347	29537	16201	10566	32942	18275	38253	53234	23609	52009	25665	17916	33370	49504	7895	29922	19840	36150	
25886	44410	49021	57116	10035	17801	20200	30709	40350	18904	9852	11098	35666	9336	38277	8006	15021	22539	11956	17483	31478	5179	0	23071	23042	23884	23434	4464	20310	51600	29810	36399	19851	48679	11445	18795	15903	34766	17628	21273	49382	1648	27519	52779	36594	35574	29353	14602	25898	23997	23335	19659	7226	10972	17334	19147	16986	27165	22415	15998	14542	10627	12215	16858	24760	13677	33549	28803	5667	32686	34706	19876	46792	22015	27589	20708	33158	26300	16364	35582	36080	60251	20694	11518	14580	43062	17282	20251	10299	46425	13759	58662	19062	16895	37777	32508	14287	32544	8916	19662	18455	22063	16891	28174	23410	19604	10038	42467	14061	10076	34881	24277	45136	20190	26945	6545	7771	9001	24555	11558	9531	18485	18458	49588	6789	11192	37035	9117	15410	38213	17711	13861	18948	39098	45775	20317	13174	14132	9385	12589	13815	14044	21150	21864	26502	17722	27159	14421	50722	48488	45296	17512	6561	15112	10466	9161	33638	14876	34477	17055	34764	16638	12526	31451	4508	29427	23309	31263	18982	13377	25244	20769	29957	50750	15881	53938	28069	9744	26417	51434	3078	22225	12142	38079	
29413	56846	50790	58678	16503	5356	22994	35920	43881	46391	37339	27789	39192	36823	41281	11884	38710	47294	39443	41172	37506	21807	23071	0	25550	27107	30001	32919	26421	54223	32895	39484	43590	51764	27336	21376	37221	38100	47838	47042	52538	21996	40806	55865	39679	38659	32438	6001	29210	27082	26784	14190	19726	10217	23842	10139	24299	34935	29850	42068	17639	13156	26447	41247	46253	12975	36634	31889	22651	35827	37791	20391	49877	25100	29076	33567	36244	29693	16368	38668	35383	61847	35527	10613	27534	46148	45175	22359	31833	49510	7182	64963	32907	42964	40862	35593	27710	35630	13859	42962	44524	31268	26172	31259	36783	45386	34313	45840	40131	14378	35871	46806	48222	34035	30193	25907	23397	25551	27641	9722	14125	13984	14666	52674	32911	34343	40120	32014	31400	41299	19606	37012	41318	42468	48860	24029	31431	37662	13637	23041	21828	33019	45686	24949	29487	40222	30302	20709	53916	56178	48005	8707	15805	36437	18330	18417	38970	8337	38349	19586	36203	42245	12706	40831	17794	32512	35094	34551	30077	29021	31370	23290	41880	58505	41981	57609	30680	36288	43269	60158	26268	22963	38212	41165	
9079	22483	30382	38269	30821	26400	43000	24521	23472	41070	32018	18033	19074	31502	20873	18465	33389	41672	34122	35850	26615	20535	23042	25550	0	9883	50680	29074	42535	33815	19535	19075	39745	31355	22459	5077	33376	20752	39853	43198	32130	24497	49744	35456	19271	18251	7889	21881	15261	10074	3084	32134	31826	28423	41576	29651	13910	49390	19462	38223	11509	25254	35652	39546	44599	21381	16226	14720	18803	25438	17383	41070	29469	14712	49756	43999	15835	19305	34034	18259	24354	31452	25139	17121	17146	25739	39507	5128	27989	29101	20823	33119	22518	39120	20454	21886	38828	15221	25957	41887	40680	45486	15784	10568	45721	41542	30468	25432	36286	30028	17613	46809	27813	23647	3298	22062	19548	32113	10217	20210	31195	32417	31152	32265	29067	30498	19712	28169	21012	20772	7747	33168	37473	22060	28452	9946	24367	33817	15387	35834	12988	29174	43804	7726	50166	28139	6601	37494	33507	25783	27596	26616	23760	32593	12590	30515	59649	27834	17762	40154	13354	38400	29193	61511	24222	12104	24203	14143	19689	20832	47470	2624	52781	28110	38136	27214	10271	32443	47897	25863	22423	44450	34367	20756	
5936	27840	31026	38914	32378	27957	44557	17435	24117	42627	33575	13118	19096	33059	21518	20022	34946	42515	35678	37407	15653	22092	23884	27107	9883	0	51523	29916	43377	34460	11042	14909	40588	32000	16434	8150	20868	16246	40696	44040	32775	25340	50586	36101	19916	18896	12674	22723	7357	4102	6694	32976	32668	29265	42418	30494	7886	50232	7997	39065	13929	26096	36494	40388	45441	22223	16871	10036	19645	17367	18028	41913	30113	3247	50598	44842	11918	7840	34877	18904	13530	43572	17068	17963	8777	26384	40349	9980	28831	29746	21666	40460	14447	39962	20661	13740	39670	11304	26800	42729	41522	46328	6736	11495	46564	42384	31311	26077	37129	30870	14018	47651	28458	13598	10103	22905	20391	32955	3822	21052	32037	33259	31994	32910	29909	31340	17945	29012	12940	16549	14734	34010	38315	22705	29097	3535	16295	23510	16229	36676	8060	30017	44647	2542	51009	20067	8932	38336	34152	31809	28241	27458	24602	33435	13432	31357	60492	28677	14448	40997	16439	39243	30035	62353	25064	12749	13241	8047	10640	14808	48312	7476	53623	38485	38978	37260	10916	33285	48740	34755	23265	45292	35210	21401	
53525	72049	76345	84233	15071	27567	2829	47233	69435	27328	20224	33942	63304	19554	66836	36409	31545	23121	23515	34007	47661	38795	23434	30001	50680	51523	0	18349	8739	79778	58450	65039	37423	77319	29667	46931	31054	63654	20070	24345	78093	22254	16397	81419	65234	64214	57992	37869	54764	52637	52338	11430	15856	16223	11533	13201	49853	15431	55405	19370	43194	18835	13786	11899	26758	32409	62189	57443	28146	49171	63346	3876	75432	50655	3690	8677	61798	55248	9439	64222	52565	89146	37179	38156	36825	71702	15827	50598	26436	75065	36812	85779	42481	20267	66417	56044	15402	61184	33294	9798	22912	6314	51727	56813	12375	22689	19606	71395	14891	14409	61426	19038	73776	49954	55747	27117	30039	14869	53195	34270	20944	9025	11772	78228	19626	28176	65675	22852	34787	58206	46174	26136	31342	68023	74415	49583	34470	31495	40706	12360	47382	23924	17918	50504	10177	34055	55857	9789	79470	83477	73559	14446	18497	28067	43885	17428	19474	29714	63904	7273	61758	24216	13981	21336	37228	58067	51339	60106	55631	31353	7544	48844	22384	85804	26286	84908	56234	23348	15672	80074	27220	6765	21467	66719	
31919	50443	53677	61565	5819	14973	15115	32382	46768	18106	9053	16226	41698	8537	44168	12260	19625	18786	11157	19155	35693	9434	4464	32919	29074	29916	18349	0	12584	57110	35782	42371	25455	54651	12503	24263	19085	40987	16967	20311	55425	2816	26858	58751	42566	41546	35325	29356	32097	29969	29671	15435	3000	8474	9442	11834	21347	26504	27569	15337	20467	10101	7950	16659	21712	14601	39521	34776	9206	37203	40678	15626	52764	27987	25582	21113	39131	32580	11981	41554	40597	66223	25211	24596	19662	49035	16620	26604	10884	52397	28299	63111	25034	16233	43749	44076	15942	38517	11229	19001	17793	22600	22864	34146	22835	18655	7638	48727	13400	7312	38758	23923	51109	26163	33079	9707	12876	3965	30528	13664	5314	14006	8403	55560	5896	16208	43007	10884	17227	46238	23446	14168	18613	45355	51747	26916	15303	19526	13727	5853	21350	11956	20918	27836	25577	22087	33189	8019	56803	54460	50892	11882	7957	14313	18631	7620	30622	11962	41236	12452	39090	15514	9254	32483	8947	35399	39371	37438	24135	14189	24583	26176	29895	61136	15250	59910	33567	9557	25011	57406	7337	13891	11481	44052	
45380	63904	68515	76609	11995	23284	6283	43163	59843	19739	15815	29687	55159	15299	57770	31784	22029	11760	12139	29936	43932	28007	20310	26421	42535	43377	8739	12584	0	71093	51188	55094	27867	67374	30034	38288	28356	54260	8423	16489	68875	17813	15618	71474	55289	54269	48048	43205	45392	42692	42828	13467	9677	15369	3780	15818	36479	15263	45937	11617	34035	17384	6027	4158	14818	36986	52244	47498	25940	44890	53401	10554	65487	40710	7296	8008	51854	45793	10359	54277	48284	78946	32898	39012	33170	61757	8077	39744	23307	65120	42362	78156	37757	12514	56472	51763	8198	51239	34990	2048	12660	9364	35586	46869	11252	14820	16002	61960	7141	13313	54374	12118	63831	45674	46439	23157	26360	8480	43250	33902	15205	11109	13203	68283	15970	23646	55730	18960	31410	53925	37204	22193	23592	58591	64470	39811	29174	26586	32213	7933	33309	20007	8991	40559	12562	30176	46652	9695	70215	67183	64789	19421	24384	16718	29959	16561	21480	38185	53970	8092	54258	17473	15047	19293	24701	48122	47058	50756	37571	31966	13343	40263	17799	70244	17487	72633	47562	11565	14259	70129	22213	2904	9061	56775	
28720	13719	2376	6306	59494	55074	71674	41365	15720	69744	60691	46695	22316	60175	15310	47138	62062	70231	62795	64524	38767	49209	51600	54223	33815	34460	79778	57110	71093	0	35698	27507	68304	7265	50653	38121	61934	25718	68412	71756	5009	53056	78302	7559	16377	22760	32581	50439	35190	33170	32730	60692	60384	56981	70134	58210	42105	77948	39416	66781	41645	53812	64210	68104	73157	49939	25552	31431	47361	53633	22242	69629	9843	42906	78314	72558	21992	37882	62593	18468	35194	10964	53333	45679	45340	7699	68065	37986	56547	8642	49382	7853	50713	67678	20465	30798	67386	25700	54515	70445	69238	74044	43978	28062	74280	70100	59027	13325	64845	58586	31689	75367	12853	39675	34647	50621	48107	60671	33729	48768	59753	60975	59710	4883	57625	59056	24221	56728	49206	29541	42420	61726	66031	19166	5283	36294	52561	62375	43945	64392	41182	57733	72363	32872	78725	56333	30445	66052	10473	14927	9885	55174	52318	61151	41148	59073	88208	56392	28419	68712	28256	66959	57751	90069	52780	23395	37476	27002	47883	49027	76028	35481	81339	12477	66694	12214	25087	61001	76456	9710	50981	73008	62926	19361	
10366	26487	33119	41214	38166	33746	52235	10059	22426	38381	42046	17296	17754	41530	21212	25810	31692	54734	44150	30562	7075	27881	29810	32895	19535	11042	58450	35782	51188	35698	0	8553	32930	36643	20694	18260	26492	9696	46275	53468	33479	30919	56166	40744	19322	13859	17034	27825	4733	12714	17328	38888	43816	34653	49528	35092	13678	55812	5420	44645	18953	32209	44250	49053	56954	28306	18267	5469	25813	13374	17976	47995	34756	8827	56799	52902	13108	3889	48399	17526	4819	40264	16517	23632	13624	31027	45929	22397	32585	34389	26982	37336	14047	45541	14305	3987	46482	10938	29858	48309	47102	54258	8623	15855	55605	51799	35999	19751	42708	37886	4838	56471	25574	6866	19097	23069	23132	41036	8216	26457	37757	40683	37942	37553	37949	30484	11589	34814	17524	6286	20478	33153	35102	16284	33739	12082	20862	28974	21681	44624	13752	40309	53344	13026	57733	19484	14895	46456	34820	30431	29394	33458	35019	41482	19623	38791	65832	31253	6620	49090	20437	48832	35968	63646	29071	14145	4668	9192	10355	19067	53891	20235	62151	32827	38723	31290	12682	41938	58612	30473	29129	50872	40789	20023	
10244	18666	24929	33024	44755	40334	56934	18612	14605	55004	45952	22702	11232	45436	12699	32399	47323	58639	48056	39115	15628	34469	36399	39484	19075	14909	65039	42371	55094	27507	8553	0	41484	24738	26099	22127	31071	3504	52737	57373	25289	37381	62628	28839	11897	5725	16906	34413	8065	12572	16868	45477	45133	41241	53434	41681	17544	62273	12271	51106	25541	38797	48315	52958	60860	34895	11577	6040	32402	21614	10790	54584	22852	12675	63387	56808	6418	10741	48533	9392	13059	32130	23056	30221	18299	19122	52390	23699	29000	22484	33570	29515	20586	52003	6881	8466	50388	4482	36447	54771	53563	58163	16163	12275	59510	55704	43619	12704	49170	44475	5160	60377	17440	15107	18637	35278	31175	45101	12142	33045	44346	47272	44531	25648	43029	43494	3455	41419	22497	7209	24344	46163	43655	9237	21835	15949	25835	37527	28270	48689	17618	42450	57250	17198	64321	26336	14435	50521	26629	22297	21204	40046	41608	45864	26211	45380	75537	37841	2766	53155	16504	52738	42556	75340	35659	7455	12908	7112	17207	24473	60353	21194	75521	25006	51981	23155	9829	45844	62517	22339	35717	57334	47251	11889	
42590	61114	63459	71347	29046	38320	34189	24112	56549	8207	17361	22077	52369	23484	53950	28994	6315	18511	14359	2313	25123	25218	19851	43590	39745	40588	37423	25455	27867	68304	32930	41484	0	64433	15443	34045	9414	39277	25410	15121	65207	18707	33982	68533	52348	51328	45106	39138	37663	39751	39452	32722	24657	32735	25310	33961	23428	33628	32447	17094	30248	31591	25237	23784	20732	33467	49303	38399	20764	17210	50460	32913	62546	37769	32707	28237	48912	34146	29268	51336	30026	76004	12680	34378	20004	58816	19007	36385	13863	62179	38081	72893	17982	19103	43691	33505	22562	48298	31098	26125	17508	29724	23206	43927	29960	15555	16743	58509	21843	28969	36115	22817	60890	27416	42861	19187	22658	21698	40309	37467	26971	31293	31256	65342	18693	10010	52789	15483	15807	35667	33228	8091	8140	55137	61529	36697	12199	5243	31411	25419	31132	9099	22436	37618	32701	11009	42971	27079	66584	64242	60673	36463	26645	13441	28412	26973	26158	33307	39610	29739	48872	11480	33466	24873	24691	45181	28800	47220	29668	15513	31708	35958	29068	70918	10850	69692	43348	18605	26906	67188	17913	29174	19641	53833	
26260	18866	8525	12796	57035	52614	69214	38906	14805	67284	58232	44236	19857	57716	12225	44679	59603	70919	60336	62064	35922	46749	48679	51764	31355	32000	77319	54651	67374	7265	36643	24738	64433	0	47633	34948	60484	22856	65390	69653	11498	50034	75281	14060	13356	19739	29560	46693	32352	30149	29148	57757	57413	53521	65714	53961	39078	74927	40361	63760	37821	51077	60595	65238	73140	47175	22530	28410	44682	50611	19220	66864	15294	39885	75667	69088	18971	38831	60813	15447	32173	17466	50312	42501	42505	11564	65044	35979	54880	3051	45850	14342	47691	64657	17443	27777	62668	22678	48727	67424	66217	70444	40957	25040	71790	67984	55899	11062	61823	56755	28813	72657	13611	36653	30917	47558	43455	57381	30708	45325	56626	59552	56811	4655	55309	55774	21200	53699	46202	26520	39365	58443	62588	16304	7800	33901	49540	58714	40550	60969	37619	54730	69530	29851	76601	53652	26715	62801	2855	22571	6848	52326	53888	58144	38491	57660	87817	50121	25723	65435	25128	65018	54836	87620	47939	20374	34455	24311	44904	46007	73007	33475	87802	21909	64262	18716	22374	58124	74797	16211	47998	69987	59904	16340	
24939	43463	46660	54547	21386	22066	26433	15550	39750	20410	16084	5253	34719	15569	37151	11707	12705	29171	18188	14537	21427	8880	11445	27336	22459	16434	29667	12503	30034	50653	20694	26099	15443	47633	0	17257	8320	27437	27352	30697	48408	9531	37243	51734	35549	34529	28307	23790	18548	20104	22653	26577	19325	17331	29075	24094	9053	36889	15274	25722	14900	16187	23151	27045	32098	18063	32504	21226	6344	11745	33661	30826	45747	14438	35967	31498	32113	17579	27182	34537	21270	59205	11446	19030	7367	42017	27006	18046	5928	45379	22733	56093	12740	26619	31852	22892	26327	28485	15694	29386	28179	32985	10569	27128	33220	29041	12896	41710	23785	14693	23670	34308	44091	13868	26062	2930	5523	19612	19824	14557	15572	29207	17647	48543	12561	8924	29136	10597	7265	27330	16179	11593	15899	38338	44730	12853	5341	10963	10597	23333	10728	11602	31304	20819	35962	10861	26171	24993	49785	47442	43874	21059	11301	15020	13064	14892	41008	17903	25639	27653	32073	25899	23635	42869	9347	28382	16987	30421	11841	2931	34969	19170	40280	54118	25635	52893	26549	19942	35397	50389	7207	31949	21866	37034	
12408	30932	33974	41862	26647	22227	38827	20348	27065	36897	27844	13860	22187	27328	24465	14292	29215	37425	29948	31677	22871	16362	18795	21376	5077	8150	46931	24263	38288	38121	18260	22127	34045	34948	17257	0	29129	23465	35606	38951	35722	20250	45497	39048	22863	21843	11626	17634	14575	10595	5833	27887	27579	24176	37329	25404	9664	45143	15215	33976	8130	21007	31405	35299	40352	17134	19818	17254	14556	21192	20975	36824	33061	10465	45509	39753	19428	15058	29788	21851	20748	35189	20892	12874	12899	29332	35260	4954	23742	32694	16576	43408	18271	34873	24046	20958	34581	18813	21710	37640	36433	41239	11537	14443	41475	37295	26222	29024	32039	25781	21236	42562	31405	19400	7035	17816	15302	27866	11154	15963	26948	28170	26905	35857	24820	26251	23304	23922	16765	23768	4594	28921	33226	25652	32044	6946	20120	29570	11140	31587	8741	24928	39558	8133	45920	23892	9479	33247	37100	29520	31188	22369	19513	28346	8343	26268	55403	23587	21533	35907	19387	34153	24946	57264	19975	15696	20459	17735	15442	16585	43223	2743	48534	31847	33889	30951	13864	28196	43651	29600	18176	40203	30121	24349	
