//--------------------------------------------------------------------------------------------------------------------
//-- données sur l'Ain récupérés par le géocodeur (matrice symétrique)
//-- 
//-- C. Duhamel, P. Lacomme C. Prodhon - juillet 2009 : 4000 kg à collecter, flotte de capa 7500
//--------------------------------------------------------------------------------------------------------------------
91 4 999999 0 0 0
10 50 20 1
15 100 35 4.1
10 150 50 3.2
5 800 120 10.1
0   // la ville qui represente le depot
0	44523	6353	52155	46312	69792	34048	35964	61144	52018	41023	37704	27174	34247	100378	23932	20897	7923	55170	44277	50178	59023	34072	118113	58128	83052	68491	105191	58278	80734	100728	71057	29726	41558	80745	40896	5784	13377	24881	33439	71335	49419	66064	39494	19281	60158	57818	53881	22794	38136	97011	52167	44181	10481	39206	107109	49070	79463	27459	48592	11524	6677	79769	69049	92880	67783	39652	57260	29504	8095	71629	57533	52513	83067	14567	44719	30086	27597	72979	47449	22340	121029	110553	90207	24225	58745	45372	69943	33814	23437	36564	60407	
44523	0	40784	83625	49344	41291	26772	31038	92614	87172	22470	22611	39095	33984	131848	48725	23653	37417	86640	15814	62950	94177	23656	149583	89598	12539	42897	136661	61310	11306	132198	36022	74058	73027	12486	47542	50116	43964	31336	45889	45740	58400	13172	51910	29137	32642	13453	9358	43218	22771	18485	55199	21706	45128	26715	138579	80540	110933	35732	39406	49756	39219	53517	33492	124349	11761	9185	37024	39015	39456	13308	28203	18668	114537	45869	21862	38587	24847	69238	8385	52927	152499	142023	121677	59378	29416	15657	13674	11129	53037	46663	28324	
6353	40784	0	57504	51661	75142	32246	22259	66494	45870	39222	35903	36302	43375	105727	34378	17100	5451	60519	40481	55527	52875	32270	123462	63478	53013	73840	110540	63627	78932	106077	76406	31123	46907	78944	46246	11627	8057	28738	28931	76684	54768	64263	44843	15553	65507	56017	50085	31922	36335	57939	57517	42875	18024	37404	112458	54419	84812	36588	53941	19067	10533	85118	74398	98229	65982	35923	62609	38632	2847	69827	53736	48717	88417	18423	42917	28285	31223	78328	43653	15067	126378	115903	95557	18076	54949	43571	68141	30018	30979	41913	65756	
52155	83625	57504	0	77803	101284	78414	80330	34651	77123	85389	82070	62445	69517	64742	45141	59949	53328	29324	86718	81669	70851	78437	68918	10125	127418	99982	96726	89770	125100	62193	102548	48101	17520	125111	44025	44664	64105	62531	83335	102826	80910	110430	43463	75101	91650	102184	117905	58064	82502	141377	83659	79451	44117	83572	98644	4565	52970	62730	80083	41110	45502	111260	100541	66387	112149	95925	88752	64774	58823	115995	112963	93044	56575	53386	89085	74452	68940	104471	92802	73068	68845	66948	63715	57925	114176	89738	114309	72820	41480	68056	91898	
46312	49344	51661	77803	0	21157	73077	74993	87131	98780	80052	76733	11915	13008	126365	20323	35457	47991	81157	33560	24166	105477	73100	144100	84115	56418	32134	131178	12443	86438	126715	34700	82727	67544	86450	19543	49696	58768	21098	77998	34978	13521	97625	23872	69764	14875	52966	55619	19383	77165	74605	6332	27486	46074	78235	133096	75057	105449	15021	8115	50702	40165	26611	32693	118866	61242	48820	20904	12170	53486	57773	45115	41078	109054	34882	83748	69115	24971	20371	40836	67731	147016	136540	116194	70986	46328	84401	93114	38704	26737	8894	24050	
69792	41291	75142	101284	21157	0	89115	91032	103170	114819	96091	92772	30492	23832	142404	50366	49167	64029	97196	26018	37350	121516	89139	160139	100154	39324	6911	147217	21557	66635	142753	11571	98766	83583	66646	41313	65734	74807	39675	94036	7242	26705	77821	39911	85803	16114	92242	47850	47910	93204	32296	15215	23977	62112	94273	149135	91095	121488	33598	20075	66740	56203	13566	7760	134905	75704	52844	7350	29465	69525	50005	20183	25308	125093	50921	99786	85154	35120	25470	33067	83770	163055	152579	132233	87025	21395	93106	73310	41719	52887	28848	15949	
34048	26772	32246	78414	73077	89115	0	5478	87302	79530	8789	5470	57111	64184	126536	55187	22312	28740	81328	45513	76336	86535	3116	144271	84286	54098	94649	131349	84436	51780	126886	97215	64399	67715	51791	67054	40456	25543	36491	15413	97492	75577	37110	65652	11183	86316	28864	32035	52731	5698	68057	78325	47907	41556	3946	133267	75228	105620	57396	74750	46184	35647	105927	95207	119037	38829	17643	83418	59441	34236	42675	74061	77658	109225	43532	15765	8202	36255	99137	36534	31334	147187	136711	116365	51736	72848	13138	40989	22899	59500	62722	86565	
35964	31038	22259	80330	74993	91032	5478	0	89279	64196	14046	10727	59088	47329	128513	57164	18118	30717	83305	41319	78312	77907	6043	146248	86263	56074	96626	133326	86413	53756	128862	99191	55770	69692	53768	69031	31828	23193	32297	16727	99469	77553	39087	67629	6989	88293	30841	36285	54708	8624	70033	80302	43713	43533	12228	135244	77204	107597	39303	76727	48161	37624	107903	97184	121014	40806	21893	85395	42586	19619	44651	76038	49555	111202	45508	17741	9633	32061	101114	37515	28984	149164	138688	118342	43108	74825	18395	42965	23880	61476	64699	88541	
61144	92614	66494	34651	87131	103170	87302	89279	0	52266	93145	89826	70201	77273	39836	68277	67705	61084	5782	94474	89425	37014	86193	60155	58407	135174	107738	35751	97526	132856	40186	110304	55559	41836	132867	80144	52122	71861	70287	91091	110582	88666	118186	78742	82857	99406	109940	125661	65820	90258	149133	91415	87207	59167	91328	35711	30763	18921	70486	87839	48568	53258	119016	108297	32338	119905	103681	96508	72530	66579	123751	120719	100800	22525	61142	96841	82208	76696	112227	100558	80824	43939	37491	29666	65383	121932	97494	122065	80576	60453	75812	99654	
52018	87172	45870	77123	98780	114819	79530	64196	52266	0	85131	81812	82212	89285	93673	71940	65005	52031	53433	88385	101437	16944	78180	98505	84476	135273	119750	85583	109537	132955	97171	122316	33442	67906	132966	92155	49941	41455	74812	58792	122594	100678	118285	90753	63390	111417	110039	97989	77832	82244	149232	103426	99219	55359	83314	87501	75418	69600	82497	99851	56402	56607	131028	120308	88994	120004	83760	108519	84542	48985	123850	101641	96621	73205	64497	88827	57608	77528	124238	91557	37455	101421	90946	80345	27874	102854	89480	122164	77922	68315	87823	111666	
41023	22470	39222	85389	80052	96091	8789	14046	93145	85131	0	2985	63590	70663	133015	61666	24695	35219	87807	39648	82815	93014	6458	150750	90765	45683	101128	137828	90915	43365	133365	87192	70877	74194	43377	73533	46935	32021	38875	22694	103971	82056	28695	72131	21867	92795	11529	27109	59210	4460	59642	84804	45553	48035	7090	139746	81706	112099	63875	81229	52663	42126	102722	101686	125516	30415	13372	89897	65920	40715	34260	65647	69243	115704	50011	2057	21218	37078	105616	30833	37813	153666	143190	122844	58215	64434	7184	32574	23599	65978	69201	93043	
37704	22611	35903	82070	76733	92772	5470	10727	89826	81812	2985	0	60304	67377	129729	58381	22418	31934	84522	39788	79529	89728	4182	147464	87480	49159	97842	134542	87630	46841	130079	100408	67592	70909	46853	70248	43650	28736	36598	19409	100686	78770	32172	68846	18582	89510	11670	27249	55924	2183	63118	81519	45693	44750	3804	136460	78421	108814	60590	77943	49378	38841	109120	98401	122231	24915	13512	86612	62634	37430	28334	69123	72720	112419	46725	5158	17932	37219	102331	30974	34528	150380	139905	119559	54930	67910	7325	36050	23740	62693	65915	89758	
27174	39095	36302	62445	11915	30492	57111	59088	70201	82212	63590	60304	0	8033	111003	9702	24671	32629	65795	24041	23100	90115	57738	128738	68753	46900	35510	115816	23207	45666	111353	38076	52795	52182	47433	8530	30633	43406	10313	62636	38354	17400	49789	13124	35644	18927	42181	46101	8609	61803	41444	17096	17967	23977	62873	117734	59695	90087	3362	10236	31639	21102	46788	36068	103504	50457	38035	22434	3290	38124	48255	36580	31560	93692	17427	68386	53753	14185	31135	31318	52369	131654	121178	100832	55624	37793	44385	50328	27919	16116	5663	20917	
34247	33984	43375	69517	13008	23832	64184	47329	77273	89285	70663	67377	8033	0	117898	18410	29517	39523	72690	18351	31073	97010	48790	135633	75648	41209	29039	122710	24610	39976	118247	28278	59690	59077	41743	16503	37527	50301	15158	69530	31882	23360	51042	21097	40490	9362	43434	40411	15504	49139	35753	17474	12277	30871	69767	124628	66589	96982	9081	4893	38533	27996	37556	24468	110399	45207	39288	16198	5251	45019	42565	30890	25870	100587	24321	75280	60648	15439	32538	25628	59264	138549	128073	107727	62519	32103	45638	44638	29173	24824	11623	11682	
100378	131848	105727	64742	126365	142404	126536	128513	39836	93673	133015	129729	111003	117898	0	107909	107337	100715	44919	134106	129057	78918	125825	10131	66028	174806	147370	8144	137158	172488	2105	149936	95191	81468	172499	119776	91754	111493	109919	130722	150214	128298	157818	118374	122489	139037	149572	165293	105452	129890	188764	131047	126839	98799	130959	6067	69901	21824	110118	127471	88200	92889	158648	147928	8495	159537	143313	136140	112162	106211	163383	160351	140432	18577	100774	136473	121840	116328	151859	140190	120456	4103	2637	10850	105015	161564	137126	161697	120208	100085	115443	139286	
23932	48725	34378	45141	20323	50366	55187	57164	68277	71940	61666	58381	9702	18410	107909	0	29594	30959	64125	32776	30011	74233	56069	127068	51098	55634	49453	114146	32130	54401	109683	52019	43179	29262	56168	4024	24081	41737	15236	60966	52297	25247	88061	8392	52733	27086	51093	57082	7038	60133	50178	25255	26702	16786	61203	116064	42039	88418	11996	18395	16694	17455	60731	50011	101835	59369	46947	30593	12025	36455	56989	45314	40295	92022	9730	66716	52083	23098	39294	40052	50700	129984	119509	99163	44510	46527	67369	61582	36831	7277	13510	29651	
20897	23653	17100	59949	35457	49167	22312	18118	67705	65005	24695	22418	24671	29517	107337	29594	0	13764	63034	23381	53265	70523	19453	125977	65992	35913	59245	113055	46943	34680	108592	43786	50405	49421	35860	33175	26462	20311	14359	27764	62089	44032	34512	42582	11152	33094	26904	32984	26141	19801	40838	40832	25774	21522	23113	114973	56934	87326	21364	33971	26150	15613	70523	41256	100743	35180	23122	46170	24647	15803	36682	36636	31616	90931	22664	26818	21331	14122	54871	26553	29274	128893	118417	98071	35725	37849	28971	37393	12918	33721	32295	32244	
7923	37417	5451	53328	47991	64029	28740	30717	61084	52031	35219	31934	32629	39523	100715	30959	13764	0	56195	37144	51203	58858	27946	119138	59153	76926	69516	106216	59303	74608	101753	72082	37555	42582	74619	41921	13613	10233	32065	32843	72359	50444	59938	40519	24610	61183	51692	46748	27598	32010	90885	53192	48985	16423	33080	108134	50095	80487	32263	49617	19172	10514	80794	70074	93904	61657	36885	58285	34308	4951	65503	50400	45380	84092	18399	38593	23960	23686	74004	40316	19196	122054	111578	91232	24059	51612	39246	63817	26681	34367	37589	61432	
55170	86640	60519	29324	81157	97196	81328	83305	5782	53433	87807	84522	65795	72690	44919	64125	63034	56195	0	89605	84557	38128	81325	67086	36001	130305	102870	54164	92657	127987	45247	105436	38763	30365	127999	75275	47254	66993	65419	86222	105714	83798	113318	73873	77989	94537	105072	120793	60952	85389	144264	86546	82339	54298	86459	40772	25318	23982	65617	82971	43699	48389	114148	103428	37399	115037	98813	91639	67662	61711	118882	115850	95932	27587	56274	91972	77339	71828	107358	95689	75956	49000	42552	34727	50489	117063	92626	117196	75707	48982	70943	94786	
44277	15814	40481	86718	33560	26018	45513	41319	94474	88385	39648	39788	24041	18351	134106	32776	23381	37144	89605	0	47104	93773	42523	152366	92381	23766	27472	139444	45017	22533	134980	20597	67783	75810	24300	32534	45621	43561	24063	50834	30315	42106	29741	37128	34223	17033	31073	22968	35944	35524	18310	38906	6096	38965	38876	141362	83322	113715	28459	23796	46627	36090	38092	18066	127132	27764	26927	21415	21282	39053	25122	13447	8427	117320	38596	39482	44402	17574	52945	8185	52524	155282	144806	124460	58975	14660	33277	27195	15802	45764	30369	12715	
50178	62950	55527	81669	24166	37350	76336	78312	89425	101437	82815	79529	23100	31073	129057	30011	53265	51203	84557	47104	0	108706	76329	147329	55789	69771	55433	134406	16735	68538	129943	57999	85956	46143	109748	25921	52924	61997	39566	81226	58277	12300	108322	21049	72993	47100	100076	68973	35099	80394	97903	21932	40839	49302	81463	136324	78285	108678	26134	30520	53930	43393	37990	55991	122095	110041	60807	44202	26162	56715	71127	68413	54432	112283	38111	86976	72344	36957	26123	54190	70960	150245	139769	119423	74215	69626	87630	116412	50691	32603	19599	47349	
59023	94177	52875	70851	105477	121516	86535	77907	37014	16944	93014	89728	90115	97010	78918	74233	70523	58858	38128	93773	108706	0	85403	83289	77506	134383	126840	70366	116628	132065	81954	129406	29155	60935	132077	99246	53663	51757	89389	69095	129684	107768	117395	97844	70613	118508	109150	105212	84922	89467	148342	110517	106309	58634	90537	72284	62924	54384	89588	106941	55627	63830	138118	127399	73777	119115	90983	115610	91632	56208	122960	139821	103844	57988	63765	96050	81417	95798	131329	98780	49338	86205	75729	65128	35097	141034	96703	121274	85146	68490	94913	118756	
34072	23656	32270	78437	73100	89139	3116	6043	86193	78180	6458	4182	57738	48790	125825	56069	19453	27946	81325	42523	76329	85403	0	144197	84212	54024	94575	131275	84362	51706	126812	97140	64324	67641	51717	66980	40382	25468	34192	18479	97418	75503	37036	65578	11754	86242	15146	28919	52657	2581	67982	78251	45607	41482	3840	133193	75153	105546	57322	74676	46110	35573	105852	95133	118963	38755	14527	83344	59367	34162	42601	73987	44067	109151	43458	8634	11268	33955	99063	33417	31260	147113	136637	116291	51662	72774	10802	40915	19783	59425	62648	86490	
118113	149583	123462	68918	144100	160139	144271	146248	60155	98505	150750	147464	128738	135633	10131	127068	125977	119138	67086	152366	147329	83289	144197	0	72128	193895	166460	14687	156247	191577	8205	169026	114280	100557	191589	138865	110844	130583	129009	149812	169303	147388	176907	137463	141579	158127	168662	184383	124542	148979	207854	150136	145929	117888	150049	12610	108069	30398	129207	146561	107289	111979	177737	167018	19717	178627	162403	155229	131252	125301	182472	179440	159522	27151	119864	155562	140929	135418	170948	159279	139546	6763	12343	19424	124105	180653	156216	180786	139297	119174	134533	158376	
58128	89598	63478	10125	84115	100154	84286	86263	58407	84476	90765	87480	68753	75648	66028	51098	65992	59153	36001	92381	55789	77506	84212	72128	0	133514	106078	102821	66321	131196	63525	108644	54197	23616	131207	44705	50760	70201	68627	89430	108922	59439	116526	44142	81197	97745	108280	124001	64160	88598	147472	89755	85547	50212	89667	71710	11298	77093	68826	86179	47206	51597	117356	106636	90510	118245	102021	94847	70870	64919	122091	119059	99140	80698	59482	95180	80548	75036	110567	98898	79164	70177	68280	87838	64021	120272	95834	120405	78915	39284	74151	97994	
83052	12539	53013	127418	56418	39324	54098	56074	135174	135273	45683	49159	46900	41209	174806	55634	35913	76926	130305	23766	69771	134383	54024	193895	133514	0	57220	180358	67156	5949	175895	29286	113408	116725	4904	54674	89466	74552	43016	72631	60064	64246	22159	59268	42054	39173	36580	8028	54897	49482	8119	61045	28236	90566	50551	182276	124237	154630	47412	45936	95194	84657	66341	31394	168047	12824	21103	43554	43422	51136	10182	19395	18956	158235	57549	45708	63748	36526	77668	14915	80344	196197	185721	165375	100746	19164	37444	12255	22808	64717	52509	34855	
68491	42897	73840	99982	32134	6911	94649	96626	107738	119750	101128	97842	35510	29039	147370	49453	59245	69516	102870	27472	55433	126840	94575	166460	106078	57220	0	152238	27056	58261	147775	11058	103787	88605	58272	46334	70756	79828	45083	99058	3191	44489	69448	44932	90825	20975	83868	62187	52931	98225	46428	21507	27276	67134	99295	154156	96117	126510	39006	24936	71762	61225	11625	11059	139927	67330	88093	12680	36156	74547	67777	22844	27970	130114	55942	92997	90175	48956	23529	36366	88792	168076	157601	137255	92047	24057	84733	64937	45018	57908	33870	19248	
105191	136661	110540	96726	131178	147217	131349	133326	35751	85583	137828	134542	115816	122710	8144	114146	113055	106216	54164	139444	134406	70366	131275	14687	102821	180358	152238	0	143206	178536	9835	155984	101239	87516	178547	125824	97802	117541	115967	136770	156262	134346	163866	124421	128537	145085	155620	171341	111500	135938	194812	137095	132887	104847	137007	2038	95028	18925	116166	133519	94248	98937	164696	153976	3547	165585	149361	142187	118210	112259	169431	166399	146480	15678	106822	142520	127888	122376	157906	146238	126504	8282	5483	11680	111063	167612	143174	167744	126255	106133	121491	145334	
58278	61310	63627	89770	12443	21557	84436	86413	97526	109537	90915	87630	23207	24610	137158	32130	46943	59303	92657	45017	16735	116628	84362	156247	66321	67156	27056	143206	0	97440	137716	31632	93728	56597	97451	30732	60697	69770	32099	88999	23747	6882	108627	27180	80766	22305	63967	66621	30385	88167	52357	5644	38487	57075	89236	144097	86058	116451	26022	19117	61703	51166	22665	27821	129868	72244	59822	22654	23172	64488	68775	40244	45369	120056	45884	94749	80116	35972	15547	51838	78733	158018	147542	127196	81988	41457	95403	104115	49706	38733	18616	26184	
80734	11306	78932	125100	86438	66635	51780	53756	132856	132955	43365	46841	45666	39976	172488	54401	34680	74608	127987	22533	68538	132065	51706	191577	131196	5949	58261	178536	97440	0	172822	33517	110335	113652	1977	54040	86392	71479	42269	69558	61517	63612	13826	58634	38853	38539	22499	4580	54150	46408	12350	60412	27602	87492	47478	179203	121164	151557	46664	45302	92120	81583	67794	39388	164974	9376	19231	42921	42788	50388	4878	23625	21531	155161	56801	42635	60675	35779	79120	14281	77270	193123	182647	162301	97673	23395	24704	8807	22061	63970	51875	34221	
100728	132198	106077	62193	126715	142753	126886	128862	40186	97171	133365	130079	111353	118247	2105	109683	108592	101753	45247	134980	129943	81954	126812	8205	63525	175895	147775	9835	137716	172822	0	150304	95559	81836	172868	120144	92123	111862	110288	131091	150582	128667	158186	118742	122858	139406	149940	165662	105821	130258	189133	131415	127208	99167	131328	7834	68280	22192	110486	127840	88568	93258	159016	148297	11512	159906	143682	136508	112531	106580	163751	160719	140800	18946	101143	136841	122208	116697	152227	140558	120825	6300	4404	11219	105384	161932	137494	162065	120576	100453	115812	139654	
71057	36022	76406	102548	34700	11571	97215	99191	110304	122316	87192	100408	38076	28278	149936	52019	43786	72082	105436	20597	57999	129406	97140	169026	108644	29286	11058	155984	31632	33517	150304	0	109176	93994	50902	51724	76145	85218	35945	104447	13768	37396	62078	50322	54742	20615	51592	42453	58320	89400	22960	25906	18580	72523	90470	159545	101506	131899	37595	24576	77151	66614	22202	3829	145316	59960	47446	12320	33766	79936	44607	10846	15972	135504	61332	85627	95564	38093	34107	27670	94181	173466	162990	142644	97436	12059	77362	57567	36321	63298	39259	14666	
29726	74058	31123	48101	82727	98766	64399	55770	55559	33442	70877	67592	52795	59690	95191	43179	50405	37555	38763	67783	85956	29155	64324	114280	54197	113408	103787	101239	93728	110335	95559	109176	0	38001	110322	46755	24508	35249	49935	56123	106749	84834	95641	74909	48858	95573	87395	83458	47848	67713	126588	87582	69235	29479	68783	102924	45513	59968	52513	84007	26472	31730	115184	104464	73385	97360	69228	92675	54558	34310	101206	116886	75240	63573	34610	74296	59663	52651	108394	77026	41601	116845	106369	70713	12996	118099	74949	99520	63391	39335	71979	95822	
41558	73027	46907	17520	67544	83583	67715	69692	41836	67906	74194	70909	52182	59077	81468	29262	49421	42582	30365	75810	46143	60935	67641	100557	23616	116725	88605	87516	56597	113652	81836	93994	38001	0	114571	34986	27868	53565	51992	72795	92286	49720	99890	34423	64562	81110	91644	107365	32512	71962	130837	73119	68912	28060	73032	88104	11565	60457	52190	69544	24840	34962	100720	90001	73874	101609	85386	78212	54235	48283	105455	102423	82504	64062	32046	78545	63912	58401	93931	82262	62529	102024	91548	71202	47385	103636	79198	103769	62280	25457	57516	81358	
80745	12486	78944	125111	86450	66646	51791	53768	132867	132966	43377	46853	47433	41743	172499	56168	35860	74619	127999	24300	109748	132077	51717	191589	131207	4904	58272	178547	97451	1977	172868	50902	110322	114571	0	55741	85203	70289	43470	68368	60328	65313	17897	99150	60135	40239	32317	5781	55351	45219	12466	91819	29303	86303	46289	178014	119974	150367	47865	47003	90931	80394	66604	41088	163784	10578	20432	66898	44489	78983	4172	23741	26265	153972	88279	41446	59486	36980	77931	15981	76081	191934	181458	161112	96483	28316	33181	6321	23262	65171	53575	35921	
40896	47542	46246	44025	19543	41313	67054	69031	80144	92155	73533	70248	8530	16503	119776	4024	33175	41921	75275	32534	25921	99246	66980	138865	44705	54674	46334	125824	30732	54040	120144	51724	46755	34986	55741	0	27727	51106	18510	70336	47386	24625	57986	4368	62103	26274	50378	54398	9463	69503	49741	28219	26265	20433	70573	125434	40510	97788	11559	17583	20340	32503	55820	45101	111205	58654	46232	33312	11588	45824	56552	44877	39858	101392	13948	76086	61453	22383	49031	39615	60069	139354	128878	108532	63325	46090	76739	58626	36116	11574	10713	36458	
5784	50116	11627	44664	49696	65734	40456	31828	52122	49941	46935	43650	30633	37527	91754	24081	26462	13613	47254	45621	52924	53663	40382	110844	50760	89466	70756	97802	60697	86392	92123	76145	24508	27868	85203	27727	0	19043	26025	39106	72478	50562	71731	40638	24948	61302	63485	59548	23937	43803	102677	53311	45324	7289	44872	97152	39741	69506	28603	49736	7836	7820	80912	70193	82923	73450	45318	58404	30647	13761	77296	82615	51330	73111	12420	50385	35753	28741	74123	53116	28006	111073	100597	80251	22285	83828	51039	75609	39481	20245	37708	61550	
13377	43964	8057	64105	58768	74807	25543	23193	71861	41455	32021	28736	43406	50301	111493	41737	20311	10233	66993	43561	61997	51757	25468	130583	70201	74552	79828	117541	69770	71479	111862	85218	35249	53565	70289	51106	19043	0	34645	19977	83120	61205	57295	51280	14795	71944	49049	49557	38359	29367	88241	63953	46060	25681	30436	118895	60855	91248	43024	60378	26724	18190	91554	80835	104665	59014	35165	69046	45069	5905	62859	56922	51902	94853	26080	35949	20378	34408	84765	46839	7242	132815	122339	101993	22328	58135	36603	61173	33204	38637	48350	72192	
24881	31336	28738	62531	21098	39675	36491	32297	70287	74812	38875	36598	10313	15158	109919	15236	14359	32065	65419	24063	39566	89389	34192	129009	68627	43016	45083	115967	32099	42269	110288	35945	49935	51992	43470	18510	26025	34645	0	41943	47730	29674	42023	28223	25332	20175	34415	40404	11782	33981	38892	26473	17355	21093	37293	117309	59270	89663	7006	19613	28756	18218	56164	45445	103080	42691	30269	31811	10288	30162	44101	34028	29008	93267	14543	40998	35511	6420	40512	28766	43633	131229	120754	100408	47137	35241	36619	44904	20153	19362	17936	22088	
33439	45889	28931	83335	77998	94036	15413	16727	91091	58792	22694	19409	62636	69530	130722	60966	27764	32843	86222	50834	81226	69095	18479	149812	89430	72631	99058	136770	88999	69558	131091	104447	56123	72795	68368	70336	39106	19977	41943	0	102565	80649	55043	70725	17476	91388	46797	51146	57803	27114	85989	83398	54200	46629	15939	138339	80300	110693	62469	79822	51257	40720	110999	100280	124110	56762	36754	88491	64513	25757	60607	91994	60042	114298	48604	33697	7182	42548	104210	52375	24515	152259	141784	121438	42903	90781	34351	58921	38740	64572	67794	91637	
71335	45740	76684	102826	34978	7242	97492	99469	110582	122594	103971	100686	38354	31882	150214	52297	62089	72359	105714	30315	58277	129684	97418	169303	108922	60064	3191	156262	23747	61517	150582	13768	106749	92286	60328	47386	72478	83120	47730	102565	0	31551	72295	47780	93672	23823	86716	65034	55778	101073	49275	20061	30124	69981	102142	157003	98964	129357	41854	27783	74609	64072	8434	13907	142774	70177	90941	15528	39003	77394	70625	25692	30817	132962	58790	95844	93023	51804	20339	39214	91639	170924	160448	140102	94894	26905	87580	67784	47865	60756	36717	22095	
49419	58400	54768	80910	13521	26705	75577	77553	88666	100678	82056	78770	17400	23360	128298	25247	44032	50444	83798	42106	12300	107768	75503	147388	59439	64246	44489	134346	6882	63612	128667	37396	84834	49720	65313	24625	50562	61205	29674	80649	31551	0	107570	20297	72241	31978	61301	63955	24865	79641	59297	11875	35821	48550	80711	135572	77533	107926	21350	23287	53178	42641	29547	33581	121343	69577	57155	28414	20506	55963	66109	46003	49414	111531	37359	86224	71591	33306	24807	49171	70208	149493	139017	118671	73463	47216	86878	68182	47040	31851	11734	31943	
66064	13172	64263	110430	97625	77821	37110	39087	118186	118285	28695	32172	49789	51042	157818	88061	34512	59938	113318	29741	108322	117395	37036	176907	116526	22159	69448	163866	108627	13826	158186	62078	95641	99890	17897	57986	71731	57295	42023	55043	72295	107570	0	96281	31490	45814	13485	14429	83360	31101	36193	108954	34877	72185	32170	163896	105856	136249	46460	59067	76813	66276	79273	55186	149666	4697	11868	79566	49742	64865	8543	42197	45794	139854	74160	27327	45368	35574	90600	21556	61963	177816	167340	146994	82365	40984	19063	6857	22095	90128	93351	41496	
39494	51910	44843	43463	23872	39911	65652	67629	78742	90753	72131	68846	13124	21097	118374	8392	42582	40519	73873	37128	21049	97844	65578	137463	44142	59268	44932	124421	27180	58634	118742	50322	74909	34423	99150	4368	40638	51280	28223	70725	47780	20297	96281	0	62368	36475	89450	58767	13831	69768	87278	28484	30633	23126	70838	125699	39946	98053	15928	20471	23034	32768	56085	45366	111470	99415	50600	33577	15956	46089	60921	57788	44226	101657	27485	76351	61718	26751	49296	43983	60335	139619	129144	108797	63590	59001	77004	105787	40484	11010	10978	36723	
19281	29137	15553	75101	69764	85803	11183	6989	82857	63390	21867	18582	35644	40490	122489	52733	11152	24610	77989	34223	72993	70613	11754	141579	81197	42054	90825	128537	80766	38853	122858	54742	48858	64562	60135	62103	24948	14795	25332	17476	93672	72241	31490	62368	0	44938	23849	34460	49857	14327	44061	75451	36724	38682	20237	130393	72353	102746	32314	44921	32855	32773	103052	52205	116163	32126	20067	80544	35597	13206	35544	47586	42566	106351	40657	25750	10179	25072	96263	32973	21569	144313	133837	113491	36696	48798	25917	34339	19338	56625	59848	43193	
60158	32642	65507	91650	14875	16114	86316	88293	99406	111417	92795	89510	18927	9362	139037	27086	33094	61183	94537	17033	47100	118508	86242	158127	97745	39173	20975	145085	22305	38539	139406	20615	95573	81110	40239	26274	61302	71944	20175	91388	23823	31978	45814	36475	44938	0	42394	39076	25163	90684	34418	16579	10942	59593	91754	146615	88576	118969	18443	6793	64221	53684	29839	16750	132386	43872	38249	8480	14614	67005	41230	24940	24535	122573	48401	97267	82634	19006	30849	24292	81251	160535	150060	129713	84506	26153	44598	43303	28133	32517	17705	5534	
57818	13453	56017	102184	52966	92242	28864	30841	109940	110039	11529	11670	42181	43434	149572	51093	26904	51692	105072	31073	100076	109150	15146	168662	108280	36580	83868	155620	63967	22499	149940	51592	87395	91644	32317	50378	63485	49049	34415	46797	86716	61301	13485	89450	23849	42394	0	17962	46303	13144	50801	58284	36406	64562	24548	156273	98233	128626	38817	51424	69190	58653	93881	48376	142043	15628	4225	51724	42100	57242	19046	56806	31970	132231	66538	10922	37745	27932	72324	21686	54340	170193	159717	139371	74742	55593	4717	17841	14452	82505	49748	43025	
53881	9358	50085	117905	55619	47850	32035	36285	125661	97989	27109	27249	46101	40411	165293	57082	32984	46748	120793	22968	68973	105212	28919	184383	124001	8028	62187	171341	66621	4580	165662	42453	83458	107365	5781	54398	59548	49557	40404	51146	65034	63955	14429	58767	34460	39076	17962	0	51379	28675	14604	61056	28247	80249	40234	171959	113920	144313	43893	45947	84877	74340	71759	40033	157730	6154	14774	43565	43433	47483	3874	25879	25209	147918	54030	35391	53431	33008	83086	14926	70027	185880	175404	155058	90429	25649	20247	5585	19290	61198	52520	34865	
22794	43218	31922	58064	19383	47910	52731	54708	65820	77832	59210	55924	8609	15504	105452	7038	26141	27598	60952	35944	35099	84922	52657	124542	64160	54897	52931	111500	30385	54150	105821	58320	47848	32512	55351	9463	23937	38359	11782	57803	55778	24865	83360	13831	49857	25163	46303	51379	0	56833	48502	36351	25026	17930	57903	112764	54725	85117	8305	18061	17837	16132	63952	53233	98534	54417	41995	41444	10349	33154	55827	43639	38619	88722	9571	63416	48783	18145	57163	38377	47399	126684	116208	95862	50655	44852	64069	56630	31879	9988	13177	44590	
38136	22771	36335	82502	77165	93204	5698	8624	90258	82244	4460	2183	61803	49139	129890	60133	19801	32010	85389	35524	80394	89467	2581	148979	88598	49482	98225	135938	88167	46408	130258	89400	67713	71962	45219	69503	43803	29367	33981	27114	101073	79641	31101	69768	14327	90684	13144	28675	56833	0	64432	79824	40685	43056	4040	134766	76727	107120	40892	76249	47683	37146	107426	96706	120537	25533	13475	84917	44175	35735	28951	70437	43015	110724	45031	7571	12841	33650	100636	32366	32833	148686	138211	117865	53236	69224	9738	27746	18731	60999	64221	88064	
97011	18485	57939	141377	74605	32296	68057	70033	149133	149232	59642	63118	41444	35753	188764	50178	40838	90885	144264	18310	97903	148342	67982	207854	147472	8119	46428	194812	52357	12350	189133	22960	126588	130837	12466	49741	102677	88241	38892	85989	49275	59297	36193	87278	44061	34418	50801	14604	48502	64432	0	47170	23968	97969	57954	189679	131640	162033	42984	41668	102597	92060	53788	24907	175450	19647	26828	33584	39154	90649	17005	12907	15514	165638	56730	53111	71151	35708	65115	11063	87747	203600	193124	172778	108149	12677	44847	25051	24584	58727	48241	30587	
52167	55199	57517	83659	6332	15215	78325	80302	91415	103426	84804	81519	17096	17474	131047	25255	40832	53192	86546	38906	21932	110517	78251	150136	89755	61045	21507	137095	5644	60412	131415	25906	87582	73119	91819	28219	53311	63953	26473	83398	20061	11875	108954	28484	75451	16579	58284	61056	36351	79824	47170	0	32987	51575	83736	138597	80558	110951	20522	12547	56203	45666	21301	22090	124368	66744	54322	16923	17672	58988	63275	34513	39638	114556	40383	89249	74616	30472	14183	46338	73233	152517	142042	121696	76488	35726	89903	98615	44206	32238	15385	20453	
44181	21706	42875	79451	27486	23977	47907	43713	87207	99219	45553	45693	17967	12277	126839	26702	25774	48985	82339	6096	40839	106309	45607	145929	85547	28236	27276	132887	38487	27602	127208	18580	69235	68912	29303	26265	45324	46060	17355	54200	30124	35821	34877	30633	36724	10942	36406	28247	25026	40685	23968	32987	0	40806	48708	134563	76524	106917	19016	17700	48468	37931	34731	16003	120334	32930	32900	15318	15186	41577	30288	18612	13593	110522	34256	45455	46926	14683	46849	13350	55048	148483	138008	117662	61499	19825	39249	32361	21775	34759	24273	6619	
10481	45128	18024	44117	46074	62112	41556	43533	59167	55359	48035	44750	23977	30871	98799	16786	21522	16423	54298	38965	49302	58634	41482	117888	50212	90566	67134	104847	57075	87492	99167	72523	29479	28060	86303	20433	7289	25681	21093	46629	69981	48550	72185	23126	38682	59593	64562	80249	17930	43056	97969	51575	40806	0	46091	98860	41449	71214	23671	33428	3404	5909	79015	68296	84631	74669	58445	56507	25716	20304	78515	51418	46398	74818	5131	51604	36972	23810	72226	46156	34549	112780	102305	81959	27724	52631	52258	76828	37543	12955	35810	59653	
39206	26715	37404	83572	78235	94273	3946	12228	91328	83314	7090	3804	62873	69767	130959	61203	23113	33080	86459	38876	81463	90537	3840	150049	89667	50551	99295	137007	89236	47478	131328	90470	68783	73032	46289	70573	44872	30436	37293	15939	102142	80711	32170	70838	20237	91754	24548	40234	57903	4040	57954	83736	48708	46091	0	137788	79749	110142	61918	79271	50706	40169	110448	99729	123559	35219	17675	87940	63962	38758	39065	70451	74048	113747	48053	9752	12240	36387	103659	35136	35856	151709	141233	120887	56258	69238	11487	37378	22214	64021	67244	91086	
107109	138579	112458	98644	133096	149135	133267	135244	35711	87501	139746	136460	117734	124628	6067	116064	114973	108134	40772	141362	136324	72284	133193	12610	71710	182276	154156	2038	144097	179203	7834	159545	102924	88104	178014	125434	97152	118895	117309	138339	157003	135572	163896	125699	130393	146615	156273	171959	112764	134766	189679	138597	134563	98860	137788	0	65807	17731	118075	135429	96158	100847	166606	155886	3555	167495	151271	144097	120120	114169	171340	168309	148390	14484	108732	144430	129798	124286	159816	148148	128414	6244	3445	11496	112973	169521	145084	169654	128165	108042	123401	147244	
49070	80540	54419	4565	75057	91095	75228	77204	30763	75418	81706	78421	59695	66589	69901	42039	56934	50095	25318	83322	78285	62924	75153	108069	11298	124237	96117	95028	86058	121164	68280	101506	45513	11565	119974	40510	39741	60855	59270	80300	98964	77533	105856	39946	72353	88576	98233	113920	54725	76727	131640	80558	76524	41449	79749	65807	0	48925	59291	76644	37670	42062	107821	97101	62342	108710	92486	85312	61335	55384	112555	109524	89605	52529	49947	85645	71013	65501	101031	89363	69629	109124	67495	59669	54486	110736	86299	110869	69380	38041	64616	88459	
79463	110933	84812	52970	105449	121488	105620	107597	18921	69600	112099	108814	90087	96982	21824	88418	87326	80487	23982	113715	108678	54384	105546	30398	77093	154630	126510	18925	116451	151557	22192	131899	59968	60457	150367	97788	69506	91248	89663	110693	129357	107926	136249	98053	102746	118969	128626	144313	85117	107120	162033	110951	106917	71214	110142	17731	48925	0	89327	106681	67410	72099	137858	127138	14269	138747	122523	115349	91372	85421	142592	139561	119642	3790	79984	115682	101050	95538	131068	119399	99666	25871	19423	11597	84225	140773	116336	140906	99417	79294	94653	118496	
27459	35732	36588	62730	15021	33598	57396	39303	70486	82497	63875	60590	3362	9081	110118	11996	21364	32263	65617	28459	26134	89588	57322	129207	68826	47412	39006	116166	26022	46664	110486	37595	52513	52190	47865	11559	28603	43024	7006	62469	41854	21350	46460	15928	32314	18443	38817	43893	8305	40892	42984	20522	19016	23671	61918	118075	59291	89327	0	13532	31471	20934	50084	39364	103336	47095	34673	25730	4208	37956	48505	37497	32477	93524	17259	68218	53585	10823	34431	32235	52201	131486	121010	100664	55456	38710	41023	49308	24557	18261	9239	21834	
48592	39406	53941	80083	8115	20075	74750	76727	87839	99851	81229	77943	10236	4893	127471	18395	33971	49617	82971	23796	30520	106941	74676	146561	86179	45936	24936	133519	19117	45302	127840	24576	84007	69544	47003	17583	49736	60378	19613	79822	27783	23287	59067	20471	44921	6793	51424	45947	18061	76249	41668	12547	17700	33428	79271	135429	76644	106681	13532	0	56188	45650	33799	20711	124352	50629	47565	12440	9632	58972	47987	33133	31292	114540	26945	89233	74601	23716	27645	31050	73217	152502	142026	121680	76472	34346	53915	50060	37449	25482	10670	14205	
11524	49756	19067	41110	50702	66740	46184	48161	48568	56402	52663	49378	31639	38533	88200	16694	26150	19172	43699	46627	53930	55627	46110	107289	47206	95194	71762	94248	61703	92120	88568	77151	26472	24840	90931	20340	7836	26724	28756	51257	74609	53178	76813	23034	32855	64221	69190	84877	17837	47683	102597	56203	48468	3404	50706	96158	37670	67410	31471	56188	0	10609	83701	72982	81672	79355	63131	61193	33436	21283	83201	85404	54118	71860	8583	56291	41658	31530	76912	53876	35528	109822	99346	79000	28703	86617	56944	81515	39065	12863	40497	64339	
6677	39219	10533	45502	40165	56203	35647	37624	53258	56607	42126	38841	21102	27996	92889	17455	15613	10514	48389	36090	43393	63830	35573	111979	51597	84657	61225	98937	51166	81583	93258	66614	31730	34962	80394	32503	7820	18190	18218	40720	64072	42641	66276	32768	32773	53684	58653	74340	16132	37146	92060	45666	37931	5909	40169	100847	42062	72099	20934	45650	10609	0	73106	62386	86217	68760	52536	50597	22841	12798	72605	74809	43523	76404	7904	45695	31063	20935	66316	43281	27043	114366	103891	83545	28928	76022	46349	70919	28469	18865	29901	53744	
79769	53517	85118	111260	26611	13566	105927	107903	119016	131028	102722	109120	46788	37556	158648	60731	70523	80794	114148	38092	37990	138118	105852	177737	117356	66341	11625	164696	22665	67794	159016	22202	115184	100720	66604	55820	80912	91554	56164	110999	8434	29547	79273	56085	103052	29839	93881	71759	63952	107426	53788	21301	34731	79015	110448	166606	107821	137858	50084	33799	83701	73106	0	19858	151208	76376	97140	21479	47438	85828	76823	32280	37406	141396	67224	102043	101457	60238	11905	45165	100073	179358	168882	148536	103328	33493	93779	73983	53816	69190	45151	28046	
69049	33492	74398	100541	32693	7760	95207	97184	108297	120308	101686	98401	36068	24468	147928	50011	41256	70074	103428	18066	55991	127399	95133	167018	106636	31394	11059	153976	27821	39388	148297	3829	104464	90001	41088	45101	70193	80835	45445	100280	13907	33581	55186	45366	52205	16750	48376	40033	53233	96706	24907	22090	16003	68296	99729	155886	97101	127138	39364	20711	72982	62386	19858	0	141510	44718	44916	8515	31235	76130	42076	12254	17380	131698	57526	106392	91759	35562	31767	25139	90375	169660	159184	138838	93631	13467	51265	44149	33790	59492	35454	12136	
92880	124349	98229	66387	118866	134905	119037	121014	32338	88994	125516	122231	103504	110399	8495	101835	100743	93904	37399	127132	122095	73777	118963	19717	90510	168047	139927	3547	129868	164974	11512	145316	73385	73874	163784	111205	82923	104665	103080	124110	142774	121343	149666	111470	116163	132386	142043	157730	98534	120537	175450	124368	120334	84631	123559	3555	62342	14269	103336	124352	81672	86217	151208	141510	0	152020	135796	128623	104645	98694	155866	152834	132915	11060	93257	128956	114323	108811	144342	132673	112939	9968	5915	7062	97498	154047	129609	154180	112691	92568	107926	131769	
67783	11761	65982	112149	61242	75704	38829	40806	119905	120004	30415	24915	50457	45207	159537	59369	35180	61657	115037	27764	110041	119115	38755	178627	118245	12824	67330	165585	72244	9376	159906	59960	97360	101609	10578	58654	73450	59014	42691	56762	70177	69577	4697	99415	32126	43872	15628	6154	54417	25533	19647	66744	32930	74669	35219	167495	108710	138747	47095	50629	79355	68760	76376	44718	152020	0	12447	47876	50322	67284	4041	30191	29521	142273	76580	29747	47787	36154	93019	19237	64382	180235	169759	149413	84784	43404	17920	2836	22674	92547	57969	39177	
39652	9185	35923	95925	48820	52844	17643	21893	103681	83760	13372	13512	38035	39288	143313	46947	23122	36885	98813	26927	60807	90983	14527	162403	102021	21103	88093	149361	59822	19231	143682	47446	69228	85386	20432	46232	45318	35165	30269	36754	90941	57155	11868	50600	20067	38249	4225	14774	41995	13475	26828	54322	32900	58445	17675	151271	92486	122523	34673	47565	63131	52536	97140	44916	135796	12447	0	47499	37875	33038	15962	39531	34512	136499	44729	12677	29402	23707	68098	17583	45997	174461	163985	143639	58717	40744	6472	14757	10227	51897	45523	38800	
57260	37024	62609	88752	20904	7350	83418	85395	96508	108519	89897	86612	22434	16198	136140	30593	46170	58285	91639	21415	44202	115610	83344	155229	94847	43554	12680	142187	22654	42921	136508	12320	92675	78212	66898	33312	58404	69046	31811	88491	15528	28414	79566	33577	80544	8480	51724	43565	41444	84917	33584	16923	15318	56507	87940	144097	85312	115349	25730	12440	61193	50597	21479	8515	128623	47876	47499	0	21832	64029	45438	20879	26004	119597	45425	94290	79658	27487	31198	28501	78274	157559	147083	126737	81529	22092	94944	74006	36614	47391	22870	8532	
29504	39015	38632	64774	12170	29465	59441	42586	72530	84542	65920	62634	3290	5251	112162	12025	24647	34308	67662	21282	26162	91632	59367	131252	70870	43422	36156	118210	23172	42788	112531	33766	54558	54235	44489	11588	30647	45069	10288	64513	39003	20506	49742	15956	35597	14614	42100	43433	10349	44175	39154	17672	15186	25716	63962	120120	61335	91372	4208	9632	33436	22841	47438	31235	104645	50322	37875	21832	0	40704	45809	34134	29114	96272	20006	70965	56332	14715	31602	28872	54949	134233	123758	103412	58204	35347	44915	47882	28449	20509	9026	18470	
