//--------------------------------------------------------------------------------------------------------------------
//-- données sur la Manche récupérés par le géocodeur (matrice symétrique)
//-- 
//-- C. Duhamel, P. Lacomme C. Prodhon - juillet 2009 : 31519 kg à collecter, flotte de capa 60750
//--------------------------------------------------------------------------------------------------------------------
186 6 999999 0 0 0
5 50 80 2.1
5 100 80 2.1
10 500 100 2.5
10 1000 100 2.5
10 1500 80 5.2
10 3000 180 4.2
0   // la ville qui represente le depot
0	87312	77745	63744	157664	123734	158225	40058	30318	11593	74772	152080	97426	22758	102323	21711	94739	18805	197674	82441	89590	61114	117035	98070	90564	98790	49795	10985	100714	100706	77103	9557	59528	97787	24351	109782	104296	122709	171272	8963	29584	15720	139652	5242	109035	38398	98770	151837	106016	27988	71812	70001	108072	76699	9459	15315	111101	113909	11173	88902	84819	101355	179322	116050	167097	97724	88567	117381	19991	49799	110291	113066	81694	82229	24443	166490	27621	161840	190889	27284	15370	57521	91370	160132	74537	90071	12909	62531	64382	35656	41853	79383	86086	79141	154341	104183	24587	102134	162145	83485	187937	113778	67401	46360	19571	64865	169015	78982	179910	36354	9549	41577	20019	88931	92090	16182	85337	83033	51046	20128	155303	92811	105262	176179	195058	85323	149265	89628	94411	74184	82578	18369	51702	90517	187268	61593	178833	70631	101522	106859	23022	178076	94345	184760	165962	165538	109802	30202	105239	168286	98965	96447	36915	74486	158992	47250	46439	138704	4710	56689	46678	67950	117503	25862	11709	17844	145005	20736	32587	112977	5675	160508	15196	5900	103943	16485	79644	14222	9728	164185	27347	4768	138742	7972	182961	104860	27590	
87312	0	36490	29818	70951	77779	71511	85008	61291	97962	37554	65367	44288	80837	47709	72317	44271	70388	110961	21962	7094	32529	91575	37053	22711	16295	43255	81235	14000	46092	26281	79074	36384	15292	77305	23068	49682	83197	84559	85304	82427	83905	52939	87504	66243	88678	34430	65123	19302	75788	37414	22766	53459	29660	95828	82150	24387	27196	76935	39872	4010	43630	92609	87052	80383	11011	7583	30668	79684	40654	61921	67166	12085	16037	77194	79776	72381	75127	104175	63803	77401	33177	42340	73418	19057	10609	79203	25759	26838	54342	83852	26424	37056	15505	67627	17470	66876	19639	75431	32798	101224	27065	23681	47560	72093	35399	82301	8388	93197	55384	88450	73881	78941	38244	9594	78206	36307	14680	83350	69174	68590	27660	18548	89465	108344	13629	62552	27762	6039	18534	5960	74254	41072	3771	100555	29316	92119	17822	14808	69101	66658	91362	7632	98046	79249	78824	55189	82574	71304	81572	12251	9733	53638	24007	72279	42487	72752	51990	91079	42125	43511	32093	81759	69628	93017	74045	58291	69041	64112	26264	84792	73794	74737	90249	17229	80514	31722	80909	91893	77471	60567	90926	52028	82426	96247	50247	63261	
77745	36490	0	43183	63570	51303	90120	85080	49235	86548	7753	59908	23191	80909	29891	57900	20504	69365	103580	18355	33298	40808	44604	23893	57803	27162	54971	82800	49093	28275	12940	69711	20412	34572	77377	53645	31864	50277	77178	86412	82498	71849	44094	81055	37263	88750	32087	90528	54395	75859	9253	48022	35641	9480	85483	66013	59480	35463	79617	14668	35543	28924	85228	43618	74924	46104	32866	43639	78661	32139	43608	46383	43868	25844	76171	92720	72452	67746	96795	51747	65345	25739	17136	52801	31851	27502	81353	38628	24316	66058	83923	15515	11852	49459	80572	48087	62074	30917	88376	15486	78996	42278	25030	49884	60037	18300	74920	40175	85816	43328	91068	73952	66527	16500	30661	64818	11103	36308	83421	62891	79720	24749	53641	82084	100964	49767	81348	22945	37964	48430	42052	62198	26020	33948	93174	44887	84739	47718	49901	34428	65635	83982	42724	90666	71868	71443	37371	82645	32807	74191	42572	39140	45123	20068	64898	33972	78815	46531	82579	53814	55820	33442	45072	69699	73641	67280	81124	56985	64183	48304	75664	66414	73714	82286	52322	79491	5327	68853	88461	55782	60638	76648	44207	73959	88866	32429	59215	
63744	29818	43183	0	100619	81939	101180	60359	38566	73313	38885	95035	57106	56188	60527	47667	53163	45738	140629	33172	31707	6281	75240	57591	41679	35391	15172	56586	43669	58910	35173	54424	31203	39904	52656	52737	62500	80913	114227	60655	57777	61179	82607	62854	68556	64029	58291	94792	48971	51138	36847	18971	66277	37942	71179	48584	54056	56864	52286	48764	27315	59560	122277	74254	110052	40679	23371	60336	55035	18964	69812	72587	30664	35357	52545	109444	47731	104795	133844	41078	54676	26749	51232	103086	17555	26698	54554	4512	23405	29692	59202	30249	45948	28110	97296	47138	42226	44251	105100	41690	130892	56733	19737	13985	49368	31966	111970	23001	122865	32659	63801	49232	45376	47136	31159	53557	45199	19795	58700	44525	98258	48719	48216	119134	138013	36439	92220	49149	37366	23153	31547	51529	27743	30467	130223	8521	121788	19601	44477	65064	42009	121031	37300	127715	108917	108492	68007	57924	63443	111240	41920	39401	26705	26475	101947	19762	48103	81659	66430	17449	18862	8868	75708	44978	68368	49395	87959	46316	39462	55932	60142	103463	50088	65600	46897	55865	40614	58183	67243	107140	35917	66277	81697	57777	125915	63065	38612	
157664	70951	63570	100619	0	7694	47450	155547	104747	168502	66254	15531	31600	151377	29029	142856	35008	140927	41253	61275	53734	103068	21480	27880	80234	51030	113794	151774	60842	28816	55375	149613	76255	49825	147845	49865	26790	13112	14851	155844	152966	127361	23542	158043	17972	159217	33288	47858	54754	146327	66029	93305	23136	58360	166368	152689	50350	40429	147474	41034	78986	26725	17491	16966	24902	67428	82356	28503	150224	84110	16715	15231	79080	86724	147733	48729	142920	5419	34467	107259	120857	76951	36958	3333	91320	81296	149742	98022	99101	124881	154391	61694	42910	84626	37902	43895	137415	45277	38204	52557	28974	33666	95944	118100	115549	72221	12593	81029	23489	98840	158989	144420	149481	39502	54636	148745	46105	86943	153889	139713	32415	45330	58481	19757	38636	82750	38744	48506	52365	89073	75114	117710	84528	74458	30847	99855	22411	88361	66814	20511	137198	21654	74614	28338	4152	9207	20826	153113	21899	8122	56478	48676	97094	66247	3162	85943	143291	27128	161619	112664	114051	104356	11673	140167	163556	144584	42132	112497	134651	48635	155331	9363	145277	160788	56386	151054	60421	124365	162432	7376	131106	161466	25467	152965	26539	25218	133800	
123734	77779	51303	81939	7694	0	57838	160552	95137	173506	51671	24157	27275	156381	24704	100693	30683	145932	46910	54923	53423	108073	13338	26958	85239	47427	118799	156779	65846	24491	48285	154617	66645	47952	152849	54869	22465	5870	20508	160848	157970	117751	28546	163048	17050	164222	30396	58246	59758	151331	56419	98310	18811	48750	171372	109804	55354	45434	152479	36709	83990	21947	28558	12641	35290	72433	87360	33508	155228	74499	15793	12432	84084	55766	152738	54386	147924	11076	40125	97649	111247	67341	32633	4225	96325	55558	154747	103027	65918	129886	159396	52083	38585	89630	48290	48900	142420	41674	47734	41205	37173	38670	63747	123104	105939	62611	18251	86034	29146	89230	163994	149425	106595	35177	51819	153750	41780	91948	158893	144718	42803	38241	63485	25415	44294	87755	49132	41417	57370	94078	80119	108100	74918	79463	36504	104860	28069	93366	71818	16186	142202	27312	79619	33996	15198	19595	16501	158118	17574	17521	61483	53681	87484	56637	13049	76333	148296	32133	166623	117669	119055	72158	7348	145172	119543	149589	50078	102887	139656	53639	160336	17989	150281	165793	61390	156058	50811	114755	167437	4316	136111	122550	23326	157970	32197	20892	138805	
158225	71511	90120	101180	47450	57838	0	154572	132578	167526	91035	34865	76286	150401	80000	141880	76412	139951	17132	86056	76806	102093	72450	69052	79259	79298	112819	150799	59866	72832	80156	148637	101037	72636	146869	56220	77760	64083	40438	154868	151990	163944	49946	157067	64053	158242	58069	10661	53778	145351	90810	92329	74106	83141	165392	151714	49374	63240	146499	81150	78010	68684	30014	67937	22656	66453	81380	51314	149248	111940	58093	61312	78104	85748	146758	9169	141944	51174	29313	135090	148688	104464	77074	54303	90344	80320	148766	97046	98125	123905	153415	86475	78877	83650	11150	66706	136439	73545	11770	77338	22258	56477	94968	117124	143380	97002	43435	80053	57526	126671	158014	143445	148505	74432	79306	147769	82836	85967	152913	138738	14815	70111	57505	42457	31138	81774	10031	73287	73451	88098	74139	145541	112359	73482	25693	98880	45005	87386	65838	66109	136222	40027	73638	33464	46575	38808	71796	152137	68311	43043	64985	71487	124925	91028	45293	113774	142316	44223	160643	111689	113075	103380	62644	139191	162580	143608	15369	140328	133675	54990	154355	44556	144301	159813	55410	150078	85202	162666	161456	58347	130130	160490	46365	151990	28465	71655	132824	
40058	85008	85080	60359	155547	160552	154572	0	55144	48125	81693	141284	103291	19443	106713	38205	99349	31136	186878	79358	78794	50318	121425	103777	79768	87995	37703	28866	89918	105096	80920	38523	65793	86991	21711	98986	108686	159115	160476	32935	16755	51926	128856	36919	142160	4372	106129	141041	95220	17868	79478	59206	112462	80517	43514	48039	100305	103113	34858	92392	74023	105746	168526	120440	156301	86928	77771	106585	27749	52424	137839	143084	70899	84305	26086	155694	21309	151044	180093	57027	49371	61339	94860	149336	63741	79275	34136	51736	65777	28414	1795	76435	89576	68345	143545	93387	32050	91338	151349	87875	177142	102982	65923	42350	49891	70217	158219	68186	169114	55686	36081	11127	44830	93321	81294	42777	88827	72237	7303	35063	144507	99359	94466	165383	184262	74527	138470	95334	83615	63388	71782	51251	62333	79721	176472	50797	168037	59835	90726	111249	31230	167280	83549	173964	155166	154742	114192	10939	109629	157490	88169	85651	42365	72661	148196	52027	9879	127908	40822	37206	34586	57154	157676	26883	48453	38616	134209	51334	26017	102181	39929	149712	31677	37956	93147	23727	84553	48539	39523	153389	25643	43155	127946	38707	172165	109250	29150	
30318	61291	49235	38566	104747	95137	132578	55144	0	39141	46239	98057	68893	51072	73790	17428	66206	28987	141730	53908	63185	44627	88502	69537	77669	63794	36374	35393	75146	72173	48570	29239	30995	71382	39709	84214	75763	94176	115328	39004	52661	24442	82243	33648	80502	58913	70237	126269	80448	46022	43279	62703	79539	48166	38076	18606	85533	73612	32210	60369	58792	72823	123378	87517	113074	72157	54849	81788	40470	21266	81758	84533	65882	53696	36777	130870	42615	105896	134944	4340	17938	28988	62837	96699	46531	58176	33388	41662	35849	36918	54087	50850	57553	67718	118722	78615	26414	67549	126525	54952	117146	80428	38868	32349	12630	36332	113070	60836	123966	7821	43661	44116	19495	60398	65685	24346	56804	50988	53584	22419	117870	64278	79694	120234	139113	72428	123698	61095	68843	62760	66765	14791	23170	61945	131324	46799	122888	71894	75954	78326	32075	122131	68778	128815	110018	109593	81269	52809	76706	112341	73397	70879	21021	45953	103048	18717	48978	84681	35172	48782	38286	39003	88971	38491	26234	26808	119437	9578	34347	87410	28257	104563	36448	34879	78375	41356	51111	21446	41054	108240	30512	29241	82357	26552	127016	76327	26892	
11593	97962	86548	73313	168502	173506	167526	48125	39141	0	82837	161103	105491	30045	110388	30733	102804	27828	206697	90506	98612	70136	125101	106135	99586	107813	58817	19881	109736	108771	85168	18579	67593	106809	27514	118804	112361	130774	180295	14628	33988	23785	148674	13395	117100	45684	106835	160859	115038	31284	79877	79024	116138	84764	5296	23380	120123	110211	20196	96967	93841	109421	188344	124115	176119	106747	97590	126404	25475	57864	118356	121131	90717	90294	30088	175512	36643	170862	199911	35349	23436	65586	99436	169154	83559	99093	21932	71554	72447	44678	49140	87448	94152	88163	163363	113205	33610	111156	171167	91550	196960	122801	75466	55382	27637	72930	178037	88004	188933	44419	12335	50599	28397	96996	101112	25205	93402	92056	48808	29150	164326	100876	114284	185201	204080	94345	158288	97693	103433	83206	91600	26434	59768	99539	196290	70615	187855	79654	110544	114925	32044	187098	103368	193782	174985	174560	117867	37488	113304	177308	107987	105469	45937	82551	168014	55315	49029	147726	6643	65712	55700	76972	125569	34885	18710	26866	154027	28801	41609	122000	15038	169530	24218	10234	112965	23772	87709	22287	9456	173207	36369	10764	118955	16995	191983	112925	36613	
74772	37554	7753	38885	66254	51671	91035	81693	46239	82837	0	59694	25042	77628	31742	55052	22354	66085	103367	18141	33085	36769	46454	25743	57590	26949	50932	79886	48880	30125	12323	67471	17499	34359	74097	53432	33715	52128	76965	83498	79218	68935	43881	78141	39113	85469	31874	90315	54182	72579	3454	43983	37491	6703	82569	63099	59267	35250	76704	16518	35330	30774	85015	45469	74711	45890	36129	43426	75381	28858	43395	46170	47162	25631	72891	92507	69172	67533	96582	48834	62432	21700	18986	54651	27812	29798	78440	34590	20277	62019	80643	14585	13702	48998	80359	47874	58794	30704	88163	15273	78783	42065	20991	45845	57124	15387	74707	42116	85603	40415	88154	70672	63613	18350	30448	62578	12953	32269	80141	60042	79507	24536	53428	81871	100750	53708	81135	22732	37751	44041	41839	59284	23107	33735	92961	40848	84526	43328	49688	36278	62355	83769	42511	90452	71655	71230	39221	79365	34658	73978	42359	38927	41843	17131	64685	30692	75534	46318	79666	49775	51781	29403	46922	66419	70728	64432	80911	54072	60903	48090	72750	66201	70434	79373	52109	76211	6823	65939	85548	57633	57358	73735	43994	71046	88653	34279	55935	
152080	65367	59908	95035	15531	24157	34865	141284	98057	161103	59694	0	46157	144399	43586	135879	46239	133950	32550	55884	46372	96091	33855	38879	73257	49126	106817	144797	53864	43201	49984	142636	70864	42464	140868	42888	41346	27669	29309	148867	145989	121969	20593	151066	30299	152240	27897	35317	47777	139350	60638	86328	37692	52969	159390	114023	43373	33068	140497	50977	72009	39052	16693	31523	15996	60451	75379	21142	143246	78718	29042	27558	72103	57464	140756	40026	135943	19876	25764	101868	115466	71560	46902	17889	84343	57256	142765	91045	70137	117904	147414	56302	48704	77649	25361	36534	130438	43373	29298	47165	20068	26304	67966	111123	110158	66830	27051	74052	37947	93449	152012	137443	110814	44259	47274	141768	52663	79966	146912	132736	23509	39939	51504	34215	27588	75773	26137	43115	45004	82096	68137	112319	79137	67481	22143	92878	36869	81384	59837	34305	130220	27354	67637	30065	17178	10269	35383	146136	36456	17415	42918	41315	91703	60856	14338	80552	136314	16017	154642	105687	107074	76377	26230	133190	123762	137607	25914	107106	127674	34402	148354	9684	138300	153811	49409	144077	55030	118973	155455	21943	124129	154488	16193	145988	21910	39774	126823	
97426	44288	23191	57106	31600	27275	76286	103291	68893	105491	25042	46157	0	106149	4735	75572	3806	95700	70767	29802	37669	54404	20528	8556	63422	31674	68567	106547	48460	4198	22683	87991	41524	32198	102617	40371	7788	26201	44365	106146	107738	91583	27398	100789	17507	113990	18813	77254	45222	101100	27390	56668	11565	22117	105217	85747	56791	22189	102247	10131	43763	7269	52414	19542	57347	51722	44314	30365	104996	49378	21007	23782	52089	37292	102506	78243	97693	34932	63981	71481	85079	42220	6055	28725	44220	38949	104515	52224	40797	79654	109164	26962	12007	58355	67298	34813	79314	25921	71590	16758	61030	29004	38626	63479	79772	37490	42107	48433	53003	63063	110802	99193	81474	10730	36065	83098	15202	44954	108661	80562	64860	22487	49877	49271	68150	56479	68074	22324	40636	56688	48843	81932	45755	43800	60360	58482	51925	55976	55520	12773	91970	51168	48343	57852	39055	41652	13295	107886	9216	41378	41197	39593	62363	31516	35106	51212	98064	33257	102313	67410	69416	47037	20996	94940	93375	84952	67850	76720	89424	35029	95398	40458	100049	102020	46712	105826	23385	88587	108196	31706	85879	96382	30933	93693	56053	8353	76455	
22758	80837	80909	56188	151377	156381	150401	19443	51072	30045	77628	144399	106149	0	110035	34034	102671	17579	190200	82680	82116	53640	124747	97717	83090	91317	42321	11710	93240	108418	76749	22701	61622	90313	4555	102308	112008	162437	163798	15780	7506	34770	132178	19764	145482	17927	109451	144363	98542	4541	75307	62528	115784	76346	26358	31103	103627	106435	17703	88221	77345	109067	171848	123762	159623	90250	81093	109907	10594	48253	141161	146406	74220	87627	8930	159016	9860	154366	183415	44129	32216	57168	90689	152658	67063	82597	16981	55057	61606	25039	21383	79757	85405	71667	146867	96709	25555	94660	154671	91197	180464	106304	60140	46968	36417	66046	161541	71508	172436	51515	18925	21144	31558	96643	84616	28030	84656	75559	21051	27081	147829	102681	97788	168705	187584	77849	141792	89274	86937	66710	75104	34590	58162	83043	179794	54119	171359	63157	94048	114571	21384	170602	86871	177286	158488	158064	117514	9731	112951	160812	91491	88973	38194	75983	151518	47856	21272	131230	23667	49215	39204	60476	160998	15435	31298	24775	137531	37581	17311	105503	22774	153034	14522	20801	96469	6572	80382	31383	22368	156711	20688	26000	131268	21552	175487	112572	24979	
102323	47709	29891	60527	29029	24704	80000	106713	73790	110388	31742	43586	4735	110035	0	79187	9177	99315	68203	33417	40610	58019	17964	11497	66363	34615	72182	110162	66842	3784	25424	91606	45139	35139	106232	43312	3346	23637	41801	103164	111353	96244	26957	105450	17067	117605	21754	76917	48163	104714	31709	60283	9001	27244	109878	88298	56351	25129	105862	14451	46704	9220	49851	16978	54783	54663	47928	34504	108611	52993	20567	20873	55030	40906	106121	75679	101307	32369	61417	76143	89741	45834	10375	26161	47834	42564	108130	55839	44411	83268	112778	30577	16327	61295	66961	37753	82928	28862	69026	19699	58466	31945	42240	67094	84433	41105	39543	51373	50439	67724	115463	102808	85089	13671	39006	86713	19522	48569	112276	84177	62296	25428	64481	46707	65586	59420	67737	25265	43577	59629	51784	86593	53412	46741	57797	62097	49361	58917	58460	13025	95585	48604	51284	55288	36491	39088	10731	111501	8832	38814	44138	42534	65978	35130	32542	54827	101679	32920	106974	71025	73030	50652	18432	98555	98037	88566	67513	81381	93039	37970	100059	37894	103664	106681	49653	109441	29305	93248	112857	29142	89494	101043	31258	98354	53489	3964	80070	
21711	72317	57900	47667	142856	100693	141880	38205	17428	30733	55052	135879	75572	34034	79187	0	72291	11913	181862	59774	73777	45302	94368	75403	74751	69660	33983	21343	84902	78039	54435	12709	39308	81975	22635	93970	81628	100041	155460	24267	35587	21631	88109	21645	86367	41838	76103	136025	90204	28948	57738	54189	85405	54032	29464	9401	95288	79478	15803	65907	69007	78688	163510	93382	118939	81912	60714	101569	23451	25939	87623	90398	65882	59562	19702	150677	25541	146028	175077	19543	16324	34854	68375	102565	52397	64041	16858	46719	41714	19844	37012	56715	63091	63329	138529	88371	9339	73415	146333	60818	123012	97966	44734	25736	11634	43732	153203	63170	164098	22279	28169	27041	6192	66264	76278	7816	62342	56854	36510	5344	139491	70144	89449	160367	179246	69511	133453	66960	78599	58371	66766	11370	37628	74704	171456	45781	163021	54819	85710	84192	15001	162264	78533	168948	150150	149725	87135	35734	82571	152473	83153	80634	15744	51818	143180	25542	31904	90546	24715	40877	30866	44449	94836	21417	23424	9457	129192	13077	17272	97165	18427	144696	15931	24251	88130	24281	58068	18635	29733	148373	13437	26430	88222	16062	167148	82193	9818	
94739	44271	20504	53163	35008	30683	76412	99349	66206	102804	22354	46239	3806	102671	9177	72291	0	91958	74136	26060	35799	50662	23897	8129	61551	26209	64825	102805	46589	7567	18068	84249	37782	30327	98875	38500	11157	29570	47734	103459	103997	88896	26446	98102	16555	110248	16943	75383	43351	97358	24702	52926	14934	19887	102530	80941	53510	20318	98505	7444	43249	8217	55784	22911	59096	49852	40572	28494	101254	45637	20056	22830	51574	33550	98764	77576	93951	38302	67350	68794	82392	38478	3368	32094	40478	35207	100773	48482	37055	75912	105422	23221	9320	57165	65427	32942	75572	24050	73231	12342	64399	27134	34884	59737	77084	33748	45476	47881	56372	60375	108115	95451	77733	6314	34195	79356	12515	41212	104920	76820	64575	20616	48007	52640	71519	54608	66203	18443	38766	56136	46973	79245	43067	41654	63730	54741	55294	55424	53649	13721	88228	54537	46473	61221	42424	43401	16664	104144	12100	44747	39326	37723	58621	27774	36856	47470	94322	31386	99626	63668	65674	43296	24365	91198	90688	81210	65980	74032	85682	33159	92711	38131	96307	99333	44841	102084	21948	85900	105508	35075	82137	93695	29063	91006	59422	11722	72713	
18805	70388	69365	45738	140927	145932	139951	31136	28987	27828	66085	133950	95700	17579	99315	11913	91958	0	181396	73876	73312	44836	107050	88085	74286	82513	33517	12467	84436	90721	67118	9803	51991	81509	10986	93504	94311	153633	154994	16537	24845	27220	123374	18233	136678	29621	100647	135559	89738	14638	65676	53724	98087	66714	26558	18730	94823	97631	7665	78589	68541	91370	163044	106065	150819	81446	72289	101103	10917	38621	132357	137602	65417	78823	8053	150212	11231	145562	174611	30743	24665	47536	81058	143854	58259	73793	10435	46254	51974	19378	35270	70953	75773	62863	138063	87905	8854	85856	145867	73500	171660	97500	50508	30082	23443	56414	152737	62704	163632	33479	19682	25299	15522	78946	75812	9398	75024	66755	34768	7287	139025	93877	88984	159901	178780	69045	132988	79643	78133	57906	66300	21943	48827	74239	170990	45315	162555	54353	85244	96874	6744	161798	78067	168482	149684	149260	99817	21424	95254	152008	82687	80169	28563	67179	142714	38224	30161	122426	21809	40411	30400	51672	152194	10403	23747	6143	128727	24382	14466	96699	15521	144230	5970	20979	87665	11747	70750	23832	26827	147907	11069	21656	122464	13156	166683	94875	11312	
197674	110961	103580	140629	41253	46910	17132	186878	141730	206697	103367	32550	70767	190200	68203	181862	74136	181396	0	99555	92013	141348	60017	67671	118514	89309	152074	190054	99121	67353	93654	187893	114535	88105	186124	88144	65327	51650	28005	194123	191246	165640	61821	196323	57764	197497	71567	27083	93034	184607	104309	131585	61673	96640	204647	190969	88630	78709	185754	79572	117265	66517	24008	55504	25986	105708	120635	66783	188503	122389	56507	55023	117359	125004	186013	8622	181200	38741	12389	145539	159137	115231	75496	41870	129600	119576	188022	136302	137381	163161	192671	99973	81448	122905	22373	82175	175695	83556	8147	90836	13929	71945	134223	156379	153829	110501	31003	119309	45094	137120	197269	182700	187760	78040	92915	187025	96334	125223	192169	177993	16238	83610	96760	29136	15516	121030	28680	86786	90645	127353	113394	155989	122808	112738	11077	138135	31684	126641	105094	59048	175477	26706	112894	20143	34506	32868	59363	191393	60437	30610	94758	86956	135374	104527	39353	124223	181571	47615	199898	150944	152330	142635	50211	178447	201836	182864	32883	150777	172931	86915	193611	42268	183556	199068	94666	189333	98701	162644	200712	45914	169386	199745	47790	191245	16033	63755	172080	
82441	21962	18355	33172	61275	54923	86056	79358	53908	90506	18141	55884	29802	82680	33417	59774	26060	73876	99555	0	20060	29099	48193	27339	44565	13924	43262	81242	35855	31864	6659	79080	25317	21334	77312	37896	35453	53866	73129	85311	82433	76422	40045	87511	38303	88685	28038	86479	41157	75795	18125	27348	39230	11506	90057	68476	46242	23051	76942	21717	22305	32513	81179	47207	70875	32866	17314	39590	79691	33171	39559	42334	30630	7932	77201	88671	72388	63697	92746	56321	69919	22817	24186	56390	14285	12001	79210	26919	16478	54349	83859	5336	18902	32363	76523	27326	66883	17679	84327	14643	74947	31111	13321	38174	64611	21283	70871	24331	81767	47902	88457	73888	65267	20089	17423	66891	18152	15634	83356	69181	75671	15881	40403	78035	96915	37073	77299	15285	24726	27406	28814	66772	33590	20710	89125	33177	80690	26693	36663	38017	66665	79933	29487	86616	67819	67394	40960	82581	36396	70142	29334	25902	46156	5607	60849	35005	72759	42482	91086	42105	44111	21732	48661	69635	78215	74052	80146	61559	64119	32841	80237	62365	74744	90256	39084	80521	13567	73426	91900	66041	60574	81222	40158	82433	84817	36018	63268	
89590	7094	33298	31707	53734	53423	76806	78794	63185	98612	33085	46372	37669	82116	40610	73777	35799	73312	92013	20060	0	33014	55327	29959	26624	10161	43740	81720	17914	38998	23055	79558	38160	8197	77790	19676	42588	53849	65912	85789	82912	85680	34292	87989	40708	89163	27335	69036	23215	76273	34189	23251	46364	26435	96313	82635	28300	19849	77420	36646	6094	36536	73962	54342	61382	14924	8356	26219	80169	42429	38856	41631	14420	12811	77679	83689	72866	56479	85528	65579	79177	34953	37981	54771	20833	7383	79688	27535	28614	54827	84337	23198	33831	20010	71541	13021	67361	12544	79344	29572	65454	22616	25457	48045	73869	34279	63654	10763	74550	57160	88935	74366	79426	35018	4706	78691	33081	16456	83835	69659	72503	20565	22461	70818	89697	19681	66465	22562	3838	19019	12045	76029	42848	4537	81907	29801	73472	18307	18721	43566	67143	72715	11545	79399	60602	60177	48094	83059	45769	62925	10195	5842	55414	20781	53632	44263	73237	32989	91564	42610	43996	33868	48049	70113	93502	74530	62204	70817	64597	21815	85277	55147	75222	90734	21142	80999	28496	82684	92378	58824	61052	91411	33027	82911	77600	43152	63746	
61114	32529	40808	6281	103068	108073	102093	50318	44627	70136	36769	96091	54404	53640	58019	45302	50662	44836	141348	29099	33014	0	72835	55186	33688	32986	16029	54009	45310	56506	32768	51847	30546	37500	50079	54378	60095	78508	115869	58078	55200	67154	84248	60277	66151	61451	55886	96433	50612	48561	34442	14598	63872	35537	68602	54923	55697	58505	49708	46359	24910	57155	123918	71849	111693	42321	20967	61978	52458	25067	67407	70182	26291	32952	49968	111086	45154	106436	135485	47181	61846	27339	48827	104728	15151	24293	51976	4340	21000	27115	56625	27845	43543	23737	98937	48779	39649	41847	106741	39285	132534	58375	17332	20334	56775	29561	113611	20596	124507	38763	61223	46654	51715	44731	28754	50979	42794	17390	56123	41948	99900	46314	49858	120775	139654	28448	93862	46744	39007	18780	27174	58136	35234	28062	131864	4148	123429	15228	46118	62659	39432	122672	38942	129356	110559	110134	65602	55347	61038	112882	43561	41043	32809	24071	103588	25865	45526	83300	63853	14872	16285	8563	73303	42401	65790	46818	89601	52420	36885	57574	57565	105104	47511	63023	48539	53288	38209	65876	64666	108781	33340	63700	83338	55199	127557	60660	36034	
117035	91575	44604	75240	21480	13338	72450	121425	88502	125101	46454	33855	20528	124747	17964	94368	23897	107050	60017	48193	55327	72835	0	26010	99210	49128	86695	124675	79817	17498	39937	106119	59652	49652	120745	68841	13589	8584	34480	117677	125866	110758	33412	119963	18911	132118	36564	70418	73730	119228	49426	112281	10056	41757	124392	102811	69326	39643	120375	29716	61218	22054	42529	3764	47462	86404	62442	47479	123124	67506	18328	14415	98055	55420	120634	68358	115821	25047	54096	90656	104254	60348	25640	16668	62348	57077	122643	70352	58925	97782	127292	45090	31592	103602	60462	62871	97442	43375	61705	34212	51145	52642	56754	81607	98946	55618	32222	100005	43118	82237	129977	117321	99602	28184	53519	101226	34787	63082	126789	98690	54975	39941	77456	39386	58265	101726	61304	39778	58090	108049	94090	101107	67925	61254	50475	76610	42040	107337	85790	14831	110098	41283	93590	47967	29170	31767	7408	126014	13627	31493	75454	67652	80491	49644	25221	69340	116192	46104	121488	85538	87544	65165	8644	113068	112550	103080	62250	95894	107552	67611	114572	30160	118177	121195	75362	123954	43818	107762	127370	16488	104007	115557	44443	112868	46168	13899	94583	
98070	37053	23893	57591	27880	26958	69052	103777	69537	106135	25743	38879	8556	97717	11497	75403	8129	88085	67671	27339	29959	55186	26010	0	55678	23930	69372	107352	40716	9852	21449	88797	42330	24454	103423	32627	13442	31854	44271	100355	108544	93435	21063	102641	11173	114795	10388	68829	37478	101905	32103	53176	17218	24434	107069	85488	46955	14445	103052	13415	36020	6785	52321	25196	53713	43978	38281	21939	105802	50184	14673	17448	44345	31544	103311	71021	98498	34839	63888	73333	86931	43025	9339	30065	45025	32060	105320	53029	41602	80459	109969	27768	15291	50611	58872	27069	80119	18177	66676	13707	60937	20579	39431	64285	81623	38295	42014	40689	52909	64915	112654	99998	82280	8963	28321	83904	18486	42524	109467	81368	58020	14743	42133	49178	68057	48735	59649	14580	32892	48945	41100	83784	50602	36056	60267	59726	51832	48232	47776	12289	92775	51075	40599	57759	34163	38018	18948	108691	13200	41285	33453	31849	63168	32321	31473	52017	98869	24832	104165	68215	70221	47843	26649	95745	95227	85757	59425	78571	90229	27286	97250	32748	100855	103872	38968	106632	26495	90439	110047	36142	86684	98234	22508	95545	55960	14006	77260	
90564	22711	57803	41679	80234	85239	79259	79768	77669	99586	57590	73257	63422	83090	66363	74751	61551	74286	118514	44565	26624	33688	99210	55678	0	37429	45411	83391	21143	64651	47415	81230	51816	33850	79462	33048	68241	93177	94538	87461	84583	96537	62918	89660	76222	90834	52988	75103	26652	77944	55713	22584	86329	50794	97984	84306	34367	44372	79091	61005	23673	62189	102588	97031	90363	15363	32802	60231	81841	56086	71901	77146	14993	37170	79350	89756	74537	85106	114155	79235	91229	48610	63474	83398	31166	31742	81359	40116	42271	56498	86008	47557	58190	9961	77607	34646	69032	38197	85411	53931	111204	44241	39113	49717	86158	50832	92281	20808	103177	70817	90606	76037	81098	59377	30728	80362	57441	27027	85506	71330	78570	46218	19621	99445	118324	9635	72532	48896	24874	14873	17603	87519	56504	24905	110534	29134	102099	17640	14957	79081	68814	101342	16826	108026	89229	88804	88059	84730	81283	91552	25685	26909	62336	45140	82258	57919	74908	61970	93236	44281	45668	34549	91738	71784	95173	76201	68271	87601	66268	36258	86948	83774	76894	92405	22760	82671	52855	95259	94049	87451	62723	93083	62008	84582	106227	84627	65417	
98790	16295	27162	35391	51030	47427	79298	87995	63794	107813	26949	49126	31674	91317	34615	69660	26209	82513	89309	13924	10161	32986	49128	23930	37429	0	52643	90623	27169	34401	16914	88461	35239	6671	86693	24674	37991	49252	67829	94692	91814	86344	34745	96892	36110	98066	22738	81179	29525	85176	28047	28701	41767	20293	105216	78398	37556	13879	86323	24791	14997	31939	75879	49745	65575	24179	13562	23554	89072	43093	34259	37034	23323	9589	86582	83371	81769	58397	87445	66242	79840	35934	25664	56688	24600	9759	88591	31302	30384	63730	93240	17056	22373	30812	71223	15443	76264	6212	79027	17968	69647	19644	27226	56948	74533	31205	65571	19666	76467	57824	97838	83269	75189	20180	7168	87594	23466	20223	92737	78562	70371	9537	31716	72735	91614	28936	71999	12079	13093	27922	21301	76693	43511	13440	83825	38704	75389	27210	27977	38969	76046	74632	20800	81316	62519	62094	43497	91962	41172	64842	16112	15097	56078	20268	55549	44926	82140	37182	100467	51513	52899	35638	43452	79016	88136	83433	71460	71481	73500	21374	94180	57065	84125	99637	30398	89902	22354	83348	101281	60741	69955	100314	34858	91814	79517	38555	72649	
49795	43255	54971	15172	113794	118799	112819	37703	36374	58817	50932	106817	68567	42321	72182	33983	64825	33517	152074	43262	43740	16029	86695	69372	45411	52643	0	43652	55805	66357	42619	41490	34200	52878	39722	64873	69946	125002	126363	47721	44843	56797	94743	49920	76002	41373	65737	106928	61107	38204	43952	25092	73723	45047	58245	44567	66191	69000	39352	56210	39910	67006	134413	81700	122188	52815	43658	72472	42101	21960	77258	80033	36785	41665	39611	121580	34797	116931	145980	39017	51489	29745	58678	115222	29628	45162	41620	18295	27429	16758	36546	37696	53394	34232	109432	59274	29292	57225	117236	49136	143028	68869	25963	4659	46418	38623	124105	34073	135001	30599	50867	29727	41358	54582	47181	40622	52645	38124	36044	31591	110394	56165	60352	131270	150149	40414	104356	56595	49502	29274	37668	47779	30739	45607	142359	16684	133924	25722	56612	72510	29075	133167	49436	139851	121053	120628	75453	44990	70889	123376	54056	51537	17278	33922	114083	22758	31202	93795	53496	11810	3779	22652	83154	32044	55433	36461	100095	44256	26528	68068	47208	115599	37154	52666	59033	42931	48060	55519	54309	119276	22983	53343	93833	44843	138051	70511	25677	
10985	81235	82800	56586	151774	156779	150799	28866	35393	19881	79886	144797	106547	11710	110162	21343	102805	12467	190054	81242	81720	54009	124675	107352	83391	90623	43652	0	93831	100116	76512	10222	64562	90904	9229	102899	103705	163028	164389	4909	18585	22960	132769	7562	146073	27399	110042	144954	99133	12999	76847	63118	107482	76109	15667	19090	104217	107026	8455	87984	77936	100765	172439	115459	160214	90841	81684	110498	7190	48016	141751	146996	74811	88218	11803	159606	16159	154957	184006	32319	20405	56931	90452	153248	67654	83188	6539	55648	61369	28773	30855	80348	85168	72258	147458	97300	20310	95251	155262	82895	181054	106895	59903	39477	24606	69900	162132	72099	173027	41389	8234	30615	19545	88341	85207	15708	84419	76150	30523	19653	148420	103272	98378	169296	188175	78440	142382	89037	87528	67300	75695	23404	56737	83633	180385	54710	171950	63748	94639	106269	16139	171193	87462	177877	159079	158654	109212	19203	104648	161402	92082	89563	36440	76574	152109	47619	30744	131821	12976	49806	39795	61067	161589	17821	19487	17369	138121	25771	21125	106094	10964	153625	9245	8669	97059	5487	80145	19573	11677	157302	20464	13798	131859	9741	176077	104270	20707	
100714	14000	49093	43669	60842	65846	59866	89918	75146	109736	48880	53864	48460	93240	66842	84902	46589	84436	99121	35855	17914	45310	79817	40716	21143	27169	55805	93831	0	64663	39597	92241	51275	17996	90473	8306	67591	72036	73398	98472	95594	107548	41777	100672	55081	101846	51018	53962	7652	88955	50730	35934	65188	42976	108996	95318	11451	25145	90103	53188	21614	60515	81447	75890	69222	8283	24984	39090	92852	55545	50760	56005	19219	29352	90362	68615	85548	63965	93014	78694	92292	48068	47373	62257	33949	23924	92371	40651	41730	67510	97020	39739	50372	22655	56466	15419	80044	20629	64270	46113	90063	25015	38572	60728	86984	50290	71140	23658	82036	70276	101618	87049	92109	51559	22910	91374	49623	29572	96517	82342	57429	27962	7087	78304	97183	20779	51391	31292	12098	31702	15021	89145	55963	17087	89393	42484	80958	30990	7668	57940	79826	80201	10231	86885	68088	67663	66918	95742	60143	70411	6320	8409	68529	37322	61117	57378	85920	40829	104247	55293	56679	46984	70598	82796	106185	87213	47130	83932	77280	13416	97960	62633	87905	103417	5768	93682	45037	106271	105061	66310	73735	104094	40867	95594	85086	63486	76429	
100706	46092	28275	58910	28816	24491	72832	105096	72173	108771	30125	43201	4198	108418	3784	78039	7567	90721	67353	31864	38998	56506	17498	9852	64651	34401	66357	100116	64663	0	23825	90007	43540	33539	104633	41712	4956	23369	41533	101565	109754	94645	24065	103851	14174	116005	20008	74025	57862	103115	33313	58683	8733	25644	108279	86698	53458	23530	104262	13603	45105	6271	49583	16710	56715	53064	46329	31611	107012	51394	17674	20449	53431	39307	104521	75411	99708	32101	61150	74543	88141	44235	9528	25893	46235	40965	106530	54240	42812	81669	111179	28978	15479	59696	64068	36154	81329	27262	68758	18099	58198	30199	40641	65495	82833	39505	39275	49774	50171	66125	113864	101208	83490	12071	37407	85114	18674	46969	110677	82578	64228	23828	61589	46439	65319	57821	64845	23666	41978	58030	50185	84994	51812	45141	57529	60498	49094	57318	69922	10132	93986	48337	49685	55021	36223	41020	10463	109901	5883	38546	42538	40935	64378	33531	34474	53227	100079	30028	105375	69425	71431	49053	18164	96955	96437	86967	64621	79782	91439	36371	98460	35750	102065	105082	59494	107842	27705	91649	111257	28874	87894	99444	28366	96755	53221	5521	78470	
77103	26281	12940	35173	55375	48285	80156	80920	48570	85168	12323	49984	22683	76749	25424	54435	18068	67118	93654	6659	23055	32768	39937	21449	47415	16914	42619	76512	39597	23825	0	66439	19972	23087	80436	43624	27399	45812	67157	77997	85557	71077	34073	80283	32331	91808	22066	80507	42910	78918	12780	33735	31176	5626	84711	63131	47994	25442	80065	14167	24057	24459	75207	39153	64903	34618	21380	33618	82815	27826	33587	36362	32383	14359	80324	82699	75511	57725	86774	50976	64574	20668	16636	56016	22038	16016	82333	30043	19244	57472	86982	4781	11351	37973	70551	38066	57762	19432	78355	6589	68975	32257	16444	41298	59266	15938	64899	28689	75795	42557	90296	77011	59922	12035	19175	61546	10602	22021	86480	59010	69699	16107	42155	72063	90943	38281	71327	12924	26479	36945	30566	61426	28245	22463	83153	36301	74718	36233	38415	29963	69789	73961	31239	80645	61847	61422	32906	85704	28342	64170	31087	27655	40811	9334	54877	29660	75883	36510	81808	45228	47234	24856	40607	72758	72870	63399	71103	56214	67242	38283	74892	56393	77868	81515	40836	83645	7546	68081	87690	60070	63697	75877	34186	73188	78845	27964	54903	
9557	79074	69711	54424	149613	154617	148637	38523	29239	18579	67471	142636	87991	22701	91606	12709	84249	9803	187893	79080	79558	51847	106119	88797	81230	88461	41490	10222	92241	90007	66439	0	56922	88784	17834	100780	93797	112210	162270	13862	28664	17971	130650	8505	98536	37008	88271	142834	97014	22025	69207	60999	97573	66200	17309	8680	102098	104907	5353	78075	75816	90857	170320	105551	158094	88722	79565	108379	13474	38108	99792	102567	72692	86099	15440	157487	18618	152838	181887	27329	15416	47022	80544	151129	65535	81068	6392	53529	53883	26654	42545	68884	75260	70139	145339	95181	15585	93131	153142	72986	178935	104776	56902	37357	19617	55901	160012	69980	170908	33748	15168	32575	11017	78432	83087	7180	74511	74031	42043	11125	146301	82312	96259	167176	186056	76321	140263	79129	85408	65181	73575	12684	49097	81514	178266	52590	169831	61629	92519	96361	14020	169074	85343	175757	156960	156535	99303	28812	94740	159283	89962	87444	27912	63987	149990	37711	37437	129701	12560	47687	37676	58948	107005	16860	14498	8841	136002	20782	23584	103975	6273	151506	9452	11250	94940	17105	70236	14584	17579	155182	18345	12407	129739	3907	173958	94361	18588	
59528	36384	20412	31203	76255	66645	101037	65793	30995	67593	17499	70864	41524	61622	45139	39308	37782	51991	114535	25317	38160	30546	59652	42330	51816	35239	34200	64562	51275	43540	19972	56922	0	42608	56823	60875	47167	65580	86732	67639	61944	53076	53647	62282	51906	68195	41641	100082	57109	55305	14453	39363	50943	19570	66710	47240	62193	45016	60845	31445	35453	44226	94782	58921	84478	48817	31509	53192	58107	11585	53162	55937	42542	28855	55617	102274	51898	77299	106348	32974	46572	4824	33914	68103	23192	31557	62581	29970	10037	45007	63369	22254	28630	44378	90125	55276	41520	38953	97929	26356	88550	51832	15528	30655	41264	5214	84474	37496	95370	24556	72295	53398	47754	31802	38697	46045	27881	27649	62867	42769	89273	35682	56354	91638	110517	49088	90902	32499	45504	39421	43425	43425	7248	38605	102727	36228	94292	38709	52615	49730	45081	93535	45438	100219	81422	80997	52673	62091	48110	83745	50058	47539	24569	18890	74452	13418	58261	56085	63806	45156	36592	24783	60374	49145	54868	47158	96097	38213	43629	57857	56891	75967	53160	63513	55035	58937	23606	50080	69688	79644	40084	57875	53761	55186	98420	47731	38661	
97787	15292	34572	39904	49825	47952	72636	86991	71382	106809	34359	42464	32198	90313	35139	81975	30327	81509	88105	21334	8197	37500	49652	24454	33850	6671	52878	90904	17996	33539	23087	88784	42608	0	85953	20708	37082	48343	62072	93952	91074	89985	33836	96151	35202	97325	21829	64584	25559	84435	35426	31413	40858	27672	104476	90797	35592	14343	85582	28822	14257	31030	70121	48836	57542	22215	16518	22379	88332	46734	33350	36125	22582	14048	85841	75338	81028	52639	81688	69884	83482	39258	32475	50931	25138	10297	87850	31840	32919	62989	92499	24435	26403	28848	63190	9181	75523	7038	70994	21998	61614	18776	29762	56208	78174	37193	59814	18926	70710	61465	97097	82528	87589	26978	6558	86853	27496	20761	91997	77821	62338	15059	29752	66978	85857	26972	63966	17055	10476	27181	19336	80334	47153	14293	78067	37963	69632	26469	26013	38060	75306	68875	18836	75559	56762	56337	42588	91221	40263	59085	12147	10543	59719	23695	49791	48568	81399	29149	99727	50772	52159	31223	42543	78275	101664	82692	57752	75122	72759	16882	93439	51307	83385	98896	27049	89162	29733	86989	100540	54984	69214	99574	33949	91073	73760	37646	71908	
