//--------------------------------------------------------------------------------------------------------------------
//-- données sur l'AVEYRON récupérés par le géocodeur (matrice symétrique)
//-- 
//-- C. Duhamel, P. Lacomme C. Prodhon - JUILLET 2009 : 5200 kg à collecter, flotte de capa 8100
//--------------------------------------------------------------------------------------------------------------------
111 4 999999 0 0 0
2 50 100 0.6
10 200 120 1.2
8 500 150 1.2
2 1000 180 1.7
0   // la ville qui represente le depot
0	48687	42991	28991	60543	54958	41816	57921	95099	12515	54240	19584	81794	58289	93348	42059	68702	28607	35502	40555	69446	44845	31347	41786	28227	71970	45859	56494	48742	17314	41263	51743	27837	43073	53932	14756	78885	73562	51405	18155	36365	54758	50032	53125	2662	19217	56734	27907	72239	53992	11695	47489	45767	10002	67018	27738	81397	82833	83346	42155	45851	17074	10258	14207	36765	55782	48037	36658	54077	23554	11349	79237	74071	45253	70343	57890	48490	33029	39101	38437	63541	65215	98897	7155	55183	63660	88878	28863	21392	34842	58340	70457	42636	69629	12544	17303	43626	46660	39147	80850	92147	65432	21675	75043	77417	32571	32565	52500	44505	66854	60344	59272	
48687	0	91038	53106	108591	103006	89863	96127	60005	53916	102288	65496	128065	61642	58254	80265	116749	66813	73160	66957	34024	82504	79395	79992	58831	72827	93906	9891	96789	65361	56279	98014	71308	91120	101979	52415	117091	119832	110189	49123	29939	77379	53385	101173	50900	60860	104782	75954	120286	7389	59161	95536	89237	57952	105224	71687	127668	121039	38644	80361	89322	62518	58305	39721	74971	66182	86243	84705	5143	74320	59396	31598	118746	68899	35248	101361	100740	65570	87148	50449	16938	111485	45389	54371	27689	101866	66600	38483	69439	62026	96546	108663	80842	117677	60591	31888	64449	94708	28202	127121	171893	113480	50724	39948	125465	80618	21677	36631	47858	108958	108391	107319	
42991	91038	0	61975	19793	14208	17536	21255	115325	52087	24757	52606	90554	85278	119623	45121	27952	32067	53462	73577	111656	51747	22128	19235	50937	89920	16015	98703	18861	27138	65900	65544	60859	23734	24449	44265	42219	82322	84427	56230	75937	63607	76920	23643	42045	34448	14669	26350	30173	96201	34833	6739	78788	49574	30352	26811	90158	46167	125555	42368	67927	34909	33875	56999	39827	73666	18080	6353	96286	48324	33808	113242	32005	62715	113114	76211	81511	66051	31612	77161	105750	73975	141106	39523	97954	26994	106827	71656	36380	52802	29180	33791	35811	27564	37870	59512	61586	44339	78719	91225	100907	23367	54590	111828	35352	23445	74774	91427	71261	24788	18278	18522	
28991	53106	61975	0	78123	72538	59396	61416	63108	36753	71820	49268	105336	29692	67406	33123	86282	32102	14341	61998	73857	26498	48928	45281	12716	49658	63439	60904	66322	34064	12148	75285	55081	60653	71512	17704	82380	97104	78648	33463	52084	33760	21334	70706	30152	26149	74315	47824	84276	58402	25807	65069	73010	42662	70513	36976	104940	86328	87757	36786	73094	27807	32091	14809	40260	28073	51532	54238	58487	46540	27406	61069	84035	24093	57798	85134	75733	57307	59018	55689	56534	88757	103307	29459	45782	67155	61168	19483	41309	10173	61835	73952	43612	81667	36086	24616	20300	70203	56290	104392	115689	79094	9454	54665	89455	46552	37804	42594	15675	74247	77924	76852	
60543	108591	19793	78123	0	17450	24509	39585	132843	69605	10839	70124	80974	102796	137141	62639	8278	49585	70980	91095	129174	69264	34942	36753	68454	107438	20962	116221	15207	44656	83417	53930	78377	20706	19874	61783	49115	72742	88132	73748	93455	81125	94438	13279	59563	51966	30745	39405	36690	113719	52351	13054	82493	67092	48682	44329	80578	53063	143073	59886	70546	52427	51393	74517	57345	91184	38571	23871	113804	56448	51326	130760	38522	80233	130632	66631	99029	83569	34015	94679	123268	64395	158624	57041	115472	45324	124345	89173	46216	70320	49562	40687	53329	34080	55388	77030	79104	46743	96237	81357	91327	29883	72108	129346	41868	36499	92292	108945	88779	31087	19131	11316	
54958	103006	14208	72538	17450	0	8968	34000	127258	64020	10549	55155	76346	97211	131556	57054	22491	44000	65395	72430	123589	63679	26826	31168	62869	101853	3512	110636	4653	39071	77832	49302	60502	9525	10241	56198	53307	68114	76951	68163	87870	75540	88853	9434	53978	46381	25160	26430	40664	108134	46766	7469	71312	61507	43097	38744	75949	57254	137488	54301	59365	46842	45808	68932	51760	85599	32986	18286	108219	45267	45741	125175	42496	74648	125047	62003	80365	65594	22834	78918	117683	59767	153039	51456	109887	39739	118760	83588	33242	64735	43977	44878	47744	38055	41821	71445	73519	35562	90652	77017	86699	33857	66523	123761	45842	23524	86707	103360	83194	35279	28769	4314	
41816	89863	17536	59396	24509	8968	0	38827	118876	50877	17316	44652	72370	88818	123174	53364	32667	40310	57001	61928	110446	59990	16323	27479	49727	93470	5789	97494	11818	30370	69439	42319	50000	6148	17007	43056	58133	64138	66448	55020	74728	71851	80459	16201	40836	37680	29986	15927	45491	94992	35453	12296	60810	45300	47923	30043	71973	62081	124346	50611	48863	36750	33071	55789	48071	77282	31705	14484	95076	34764	34256	112032	47322	66753	111905	57815	69862	55091	12331	68415	104541	55790	139897	37315	96745	44565	110378	70446	22739	56342	42804	49705	44055	42881	31318	58302	65125	25059	77510	71426	82722	38684	53381	113791	50669	13022	73565	90217	74800	40105	33595	15347	
57921	96127	21255	61416	39585	34000	38827	0	112533	66959	44549	67478	110347	82486	116831	42329	44745	29274	50670	88449	116869	48954	39715	22507	49509	87127	37512	103916	38653	41652	63107	83302	75732	43526	44241	44044	20113	102114	99299	71102	90810	60815	74127	43435	56918	39959	23892	45423	21808	101414	46036	26531	93661	64446	8044	30738	109950	24061	130769	37370	87257	44463	48747	56421	37035	70874	11397	25426	101499	63196	47347	112664	21567	59923	112169	96003	96384	80924	52903	92033	110963	93767	146319	50726	97377	11761	104035	71078	57965	50010	21388	11685	30814	19198	52742	67628	58794	65630	93592	111017	120699	16625	54013	109036	26986	43317	80816	90850	68469	11778	24513	38314	
95099	60005	115325	63108	132843	127258	118876	112533	0	113513	129853	125093	163369	31593	14011	70063	142387	84193	61997	126554	51877	65805	106960	97784	77457	30361	121472	49711	124355	92097	51904	133318	130905	118685	129545	82962	99511	155137	169786	108721	89536	52872	41680	128738	90975	83402	130420	105857	136780	52721	85711	121175	148835	117550	123016	89068	162972	101287	65776	73726	148919	85839	90124	75632	79792	41676	104035	110456	64604	104573	88724	37603	115374	59938	24569	160958	160338	125168	117051	110047	42679	146790	72522	89935	39528	119658	20036	60801	99342	66005	91225	109620	80552	134170	94119	78315	54280	128235	87799	162425	231491	131597	70833	20394	117658	104585	78965	48519	45537	126750	134030	132958	
12515	53916	52087	36753	69605	64020	50877	66959	113513	0	63444	14049	76618	66059	112903	51263	77905	37811	46529	32579	76457	57888	40551	50990	39255	82998	55063	64823	57946	26517	49033	46567	19862	52276	63136	28674	88089	68386	43429	4426	24134	69749	57802	62329	13158	28421	65938	37111	81443	62322	21659	56693	37791	4320	76222	36942	76222	92037	90357	51359	37875	26277	19461	21977	45969	66810	57241	45861	53846	20688	20553	86248	83275	56280	89898	49915	40514	17728	48305	26205	71871	60039	105907	19963	55308	72864	99905	36634	30596	45869	67544	79661	51840	78833	17081	17428	54653	46020	26916	75674	87037	74636	34380	94598	86621	41775	25103	52626	52275	76057	69548	68476	
54240	102288	24757	71820	10839	10549	17316	44549	129853	63444	0	57019	73105	101185	140425	65923	16182	52869	69368	74295	122813	72549	28690	40037	62094	110722	12381	109861	5890	47940	81806	46061	62366	11389	7000	55423	62176	64873	78815	67387	87095	84409	92826	2883	53203	51260	34029	28294	49533	107359	47820	16338	73176	57667	51966	47613	72708	66123	136713	63170	61229	49117	45437	68156	60629	94468	41855	27155	107443	47131	46623	124399	51365	79120	124272	58762	82229	67458	24159	80782	116908	56526	152264	49682	109112	48608	127629	82813	35106	68709	52846	53747	56613	46924	43685	70669	77492	36951	89877	73776	83458	42726	65748	126158	54711	25388	85932	102584	87167	44148	35521	4622	
19584	65496	52606	49268	70124	55155	44652	67478	125093	14049	57019	0	60918	78754	124278	51671	72123	38219	46937	22132	87831	58297	34271	51398	39663	83406	48736	76198	51619	26926	59375	30867	9415	45949	55982	30882	88497	52686	32982	16097	35508	70158	70395	56002	19912	28829	66347	26365	81851	73696	23868	57101	27344	9284	76630	37350	60521	92445	101731	51768	22237	26686	19945	34428	46377	67218	57649	46270	65221	13952	24192	97622	83683	56689	101272	34276	30067	14607	34935	25717	83245	44338	117282	24822	67161	73272	100313	46502	23671	46278	67953	80069	52249	79242	15682	29280	55061	30988	38290	59974	71270	75044	43317	105973	87029	30669	36477	64478	64736	76466	69956	55093	
81794	128065	90554	105336	80974	76346	72370	110347	163369	76618	73105	60918	0	133928	187446	106845	86305	93393	102111	69220	151000	113471	77860	98521	94837	138580	81065	139366	71674	79272	114549	30785	57291	74248	65370	86056	129628	9276	39016	79266	98677	125332	125569	68099	81222	84003	101481	71345	116986	136864	79042	83791	46470	70716	119418	88835	2882	133576	164899	106942	36800	81860	75119	92534	101551	122392	112823	89611	128389	61000	79366	160791	118818	111863	164441	25169	65938	62383	60573	83723	146413	17954	180450	79997	130329	116060	155488	109670	72292	101452	123127	121200	107423	114376	69785	92449	110235	46458	101458	6220	10511	110179	98491	169141	122164	74258	99646	127646	119910	111600	105090	74728	
58289	61642	85278	29692	102796	97211	88818	82486	31593	66059	101185	78754	133928	0	35986	48196	111965	54182	37188	91301	48660	43937	76949	67361	40797	18237	91461	46495	94344	62086	22439	103307	84384	88675	99534	52951	77643	125126	107951	60069	79044	31005	12995	98727	59455	53391	99998	75846	106357	49505	55700	90752	102313	71965	92593	59057	132961	79419	62560	51858	102397	55829	60113	44112	57925	19808	73613	80033	66809	74562	58713	34218	93507	38070	28106	114437	105036	86610	87040	84992	39463	116779	69306	58762	27526	89235	38283	29281	69331	33019	69358	96032	58685	103748	64108	46795	30608	98224	77307	132414	143711	101175	39314	24973	111535	74574	53455	23871	14017	96328	103607	102535	
93348	58254	119623	67406	137141	131556	123174	116831	14011	112903	140425	124278	187446	35986	0	74446	146770	88576	66379	124904	50226	70187	111343	102166	81839	39437	125854	48060	128737	96479	56287	137700	129255	123068	133927	87345	103893	159519	168135	107070	87886	57255	46062	133121	94206	87785	134803	110239	141162	51070	90093	125557	147184	115899	127398	93450	167355	105669	61987	78108	147268	90222	94506	78863	84175	46058	108418	114838	62954	108955	93106	35953	119757	64320	22918	159308	158687	123517	121433	108396	41029	151172	66501	94318	37878	124040	27956	64032	103724	70388	95608	114002	84935	138553	98501	76364	58663	132618	86148	166807	229840	135980	75216	18743	122040	108967	77314	46869	49920	131133	138412	137340	
42059	80265	45121	33123	62639	57054	53364	42329	70063	51263	65923	51671	106845	48196	74446	0	70757	13498	21296	72673	101092	6625	37079	26154	33348	44799	54252	88140	61667	31254	30212	76165	59955	54641	67255	28267	45765	97984	83523	55326	75033	18486	41343	66448	41142	24183	58790	48704	65149	85638	30259	49545	77885	48670	51386	21929	105819	48728	114992	4586	71481	28686	32971	40645	11387	28545	32405	38825	85723	47420	31571	82875	64908	17594	69841	83520	80608	65147	59898	76257	87951	89637	130543	34950	81601	48028	61706	55302	42189	25387	22086	54825	11413	62540	36966	51852	23516	71082	77815	105272	116568	59967	38236	66707	70328	40682	65040	74440	47002	55120	62399	61327	
68702	116749	27952	86282	8278	22491	32667	44745	142387	77905	16182	72123	86305	111965	146770	70757	0	57916	79311	89174	137504	77595	43273	45084	76785	115769	25785	124552	20770	52987	91748	59128	77246	26269	23037	70114	50034	77940	93694	82079	101786	89456	102769	18477	67894	60297	26516	43174	37609	122050	60682	21385	88056	75423	37582	52660	85776	53982	151404	68217	76109	60758	59724	82848	65676	99515	46902	32202	122135	62010	59657	139091	39441	88564	138963	71829	97109	82337	39578	103010	131599	69593	166955	65372	123803	46203	132676	97504	49985	78651	57893	41606	61660	34999	63719	85361	87435	52988	104568	84868	96525	30802	80439	137677	42787	40268	100623	117276	97110	32006	20028	18025	
28607	66813	32067	32102	49585	44000	40310	29274	84193	37811	52869	38219	93393	54182	88576	13498	57916	0	21415	59195	87614	20078	24105	13179	20255	58251	41277	74662	48692	21465	33852	62687	46477	41666	54280	14789	50278	84506	70045	41848	61555	31939	44873	53474	27663	10705	45815	35226	52175	72160	16781	36570	64406	35192	38411	8954	92341	54226	101514	13549	58003	15208	19493	27167	8158	41998	19431	25851	72244	33942	18093	83410	51934	31046	83293	70042	67129	51669	46419	62779	81709	76159	117065	21472	68123	35053	75158	41824	28711	20755	29734	41850	14030	49565	23488	38374	29539	57604	64337	91794	103090	46992	24758	80160	57353	27707	51562	61595	39214	42145	49425	48353	
35502	73160	53462	14341	70980	65395	57001	50670	61997	46529	69368	46937	102111	37188	66379	21296	79311	21415	0	67989	84634	12838	45123	35535	15620	36629	59635	70777	62518	30260	12200	71481	55271	56849	67708	21125	72635	93300	78839	48969	70350	18558	22184	66902	36458	21566	68172	44020	74531	68275	23874	58926	73201	43986	60767	27231	101135	76583	98533	23126	66797	24003	28287	33503	23456	20441	41787	48207	78581	42736	26887	63085	74290	9911	61671	78836	75924	60463	55214	71195	68733	84953	114084	28099	57981	57409	53536	30109	37505	4092	40625	64207	29952	71922	32282	44710	8284	66398	73131	100588	111885	69349	16322	58537	79710	42748	57898	50003	23084	64502	71781	70709	
40555	66957	73577	61998	91095	72430	61928	88449	126554	32579	74295	22132	69220	91301	124904	72673	89174	59195	67989	0	89162	79338	62723	72440	60705	104448	65991	77529	68874	47967	80416	38634	12718	63205	75192	51924	109539	60453	35293	28897	38833	91199	80470	77921	40954	49871	87388	49238	102893	75027	44910	78143	29655	30325	97672	58392	68288	113487	103062	72809	29942	47727	40987	47228	67419	88260	78691	67311	66552	37401	45233	98953	104725	77730	102603	41981	12329	9401	52191	17787	84576	52106	118613	45864	91120	94314	133955	59302	49165	67319	88994	101111	73290	100283	36723	42080	76103	53063	41046	67741	78901	96086	64358	107303	108071	59120	49966	77278	85778	97508	90998	72348	
69446	34024	111656	73857	129174	123589	110446	116869	51877	76457	122813	87831	151000	48660	50226	101092	137504	87614	84634	89162	0	102766	99658	100254	79094	65054	114169	19600	117052	85624	71126	120586	93880	111383	122242	72678	137354	142405	132761	71696	52511	81194	68232	121436	71163	81123	125045	96217	140549	19999	79423	115799	111809	80524	125486	91950	150240	141302	14122	100624	111894	82781	78568	59983	95234	69998	106506	104968	39668	96892	79659	23826	139009	83745	27476	123933	123312	88142	107411	73021	24071	134057	20868	74634	25243	122129	58828	53329	89702	81056	116809	128926	101105	137940	80854	52151	79295	122224	50774	149693	194465	133742	70987	32176	145727	100881	41940	34234	62704	129221	128654	127582	
44845	82504	51747	26498	69264	63679	59990	48954	65805	57888	72549	58297	113471	43937	70187	6625	77595	20078	12838	79338	102766	0	45272	34346	24933	40540	62444	90312	69860	39573	25081	80795	64585	62833	75447	30439	51466	102614	88152	58283	79663	14228	37084	74641	45771	32375	66983	53333	73342	87810	33188	57737	82514	53300	59578	30121	110449	54429	117164	10288	76110	33316	37601	42817	16355	24287	40598	47018	87894	52050	36201	78616	73101	11026	65582	88150	85237	69777	64527	80508	80937	94266	132715	37412	70185	56220	57448	42313	46819	16972	27788	63017	17115	70733	41596	54024	16947	75712	82445	109902	121198	68160	28772	62449	78520	48875	67211	62207	35287	63313	70592	69520	
31347	79395	22128	48928	34942	26826	16323	39715	106960	40551	28690	34271	77860	76949	111343	37079	43273	24105	45123	62723	99658	45272	0	20660	39268	83011	20348	87034	23231	15469	58980	47435	44427	17561	28420	32597	60694	69253	67403	44561	64269	55620	70000	27614	30377	22780	35856	8241	51360	84533	23164	21888	61764	37905	48826	15143	77089	64642	113887	37230	49817	23240	22206	45330	31840	66823	29846	15779	84617	26895	22139	101573	53192	56294	101446	62931	65079	49619	17673	60729	94082	60906	129438	27855	86286	45469	99918	59987	14238	45883	40149	52266	34106	48751	21190	47843	54666	30400	67050	76542	87838	44554	42922	103331	56539	3603	63106	79758	64341	45975	39465	26705	
41786	79992	19235	45281	36753	31168	27479	22507	97784	50990	40037	51398	98521	67361	102166	26154	45084	13179	35535	72440	100254	34346	20660	0	33389	71007	28421	87796	35836	22516	46987	75821	59611	33499	41423	27923	43486	97640	83179	54982	74689	44695	58007	40617	40798	23839	32959	28819	48463	85294	29915	23713	77541	48326	31619	11601	105475	47434	114648	23455	71137	28342	32627	40301	20914	54754	12638	12994	85379	47076	31227	96544	45141	43802	96049	83176	80264	64803	38794	75913	94843	89293	130199	34606	81257	28261	87914	54958	31758	33890	22941	35058	16898	45854	36622	51508	42673	51521	77471	104928	116225	41657	37893	92916	53642	24181	64696	74729	52348	35353	36568	35496	
28227	58831	50937	12716	68454	62869	49727	49509	77457	39255	62094	39663	94837	40797	81839	33348	76785	20255	15620	60705	79094	24933	39268	33389	0	52088	52361	66630	55244	22985	21408	64207	47997	49574	60433	13004	70522	86026	71565	40398	63075	34876	32429	59627	29183	14291	63236	36746	72419	64128	16600	53991	65926	36712	58655	25118	93861	74470	93482	33792	59523	16728	21013	20534	28402	35900	39674	43159	64212	35462	19613	68381	72177	25371	68893	71562	68649	53189	47940	62624	63846	77679	109033	20824	53094	55297	68996	26795	30231	8171	49977	62094	34274	69809	25008	30341	23744	59124	62015	93314	104610	67236	8107	65760	77597	35474	43529	53690	26770	62389	66845	65774	
71970	72827	89920	49658	107438	101853	93470	87127	30361	82998	110722	83406	138580	18237	39437	44799	115769	58251	36629	104448	65054	40540	83011	71007	52088	0	96161	61606	99044	66786	32488	108007	91797	93375	104234	57651	74200	129826	115365	78233	101431	27561	28324	103427	72984	58091	105109	80546	111469	64616	60400	95864	109727	80512	97705	63757	137661	75976	77671	48415	103323	60529	64813	62276	54481	16365	78725	85145	76499	79262	63413	49498	90064	34627	36464	115362	112450	96989	91740	121941	54574	121479	84416	64625	45700	94347	16955	47445	74031	40694	65914	84309	55241	108859	68808	64960	28969	102924	99694	137114	148411	106286	52925	33331	92347	79274	71619	44931	32182	101439	108719	107647	
45859	93906	16015	63439	20962	3512	5789	37512	121472	55063	12381	48736	81065	91461	125854	54252	25785	41277	59635	65991	114169	62444	20348	28421	52361	96161	0	101673	8258	35906	73618	46498	54179	5071	13846	47236	56912	68317	70627	59200	78908	72793	84639	13039	45016	43216	28765	20107	44269	99171	39633	11074	64989	49480	46701	35579	76153	60859	128526	51553	53042	40929	37250	59969	49012	82852	33715	15426	99256	38944	38435	116212	46101	70932	116084	61995	74042	59271	16511	72595	108720	59970	144076	41495	100925	43343	116012	74626	26918	60521	47582	48483	44996	41659	35497	62482	69305	29238	81689	75605	86902	37462	57560	117970	49447	17201	77744	94397	78980	38884	32374	7918	
56494	9891	98703	60904	116221	110636	97494	103916	49711	64823	109861	76198	139366	46495	48060	88140	124552	74662	70777	77529	19600	90312	87034	87796	66630	61606	101673	0	104499	73070	56669	108739	82034	98829	109689	60124	124801	130558	120914	59849	40665	77769	53775	108882	58609	68570	112491	83664	127996	3010	66870	103246	99963	68678	112933	79396	138394	128748	33540	88071	100047	70227	66014	47430	82680	66573	93953	92414	14893	85046	67106	21707	126456	69289	25357	112087	111466	76296	94858	61175	7047	122211	40285	62080	17798	109575	56709	38873	77149	66600	104256	116372	88552	125386	68301	39597	64839	102417	38927	137846	182619	121189	58434	30057	133174	88328	29386	26789	48248	116668	116100	115029	
48742	96789	18861	66322	15207	4653	11818	38653	124355	57946	5890	51619	71674	94344	128737	61667	20770	48692	62518	68874	117052	69860	23231	35836	55244	99044	8258	104499	0	43718	76407	44649	56968	5991	5588	50024	57954	63461	73416	61988	81696	80188	87427	4781	47804	45861	29807	22895	45312	101960	42421	12117	67778	52268	47744	38434	71296	61902	131314	58948	55831	43718	40039	62757	56408	84250	37633	22934	102044	41732	41224	119000	47143	73721	118873	57350	76831	62059	19299	75383	111509	55114	146865	44283	103713	44386	117346	77414	29707	63310	48625	49526	52392	42702	38286	65270	72094	32027	84478	72364	82046	38505	60349	120759	50490	19990	80533	97186	81768	39926	33416	3872	
17314	65361	27138	34064	44656	39071	30370	41652	92097	26517	47940	26926	79272	62086	96479	31254	52987	21465	30260	47967	85624	39573	15469	22516	22985	66786	35906	73070	43718	0	43022	48687	34919	30868	41727	16180	62609	70506	58487	30290	49998	49845	54043	40921	16106	9308	40852	18641	56356	70262	8710	31606	52849	23634	50741	9699	78341	66556	99616	31455	44003	8786	7935	29373	26065	50865	31761	20775	70346	22384	7685	85616	58188	40336	85488	56042	55572	40111	29835	51221	79811	62159	115167	13401	70328	47383	83961	44029	12126	29925	42064	54180	36021	53746	11930	33572	38709	43604	52779	77794	89091	49549	26964	87374	61534	16767	48834	63801	48384	50971	44461	43389	
41263	56279	65900	12148	83417	77832	69439	63107	51904	49033	81806	59375	114549	22439	56287	30212	91748	33852	12200	80416	71126	25081	58980	46987	21408	32488	73618	56669	76407	43022	0	83919	67709	69286	80145	33563	69968	105737	91276	46138	73226	21930	10225	79339	42827	34003	80609	56457	86969	53808	36311	71364	85638	56423	73205	39668	113573	71743	84067	34366	79234	36440	40724	27484	42952	16243	54224	60645	60992	55174	39325	48423	86727	13413	50545	91274	88361	72901	67651	68364	54266	97390	99617	40536	43514	69847	49339	23463	49942	13630	64527	76644	41193	84359	44720	37291	8471	78836	71489	113026	124322	81786	22129	47412	92147	55185	47637	35536	8421	76939	84218	83147	
51743	98014	65544	75285	53930	49302	42319	83302	133318	46567	46061	30867	30785	103307	137700	76165	59128	62687	71481	38634	120586	80795	47435	75821	64207	108007	46498	108739	44649	48687	83919	0	26706	45636	36757	55471	101016	22018	40779	48680	68091	94746	94984	39486	50637	53418	72869	40759	88373	106279	48457	55179	31512	40131	90806	58249	29854	104964	134314	76356	16004	51274	44534	61949	70966	91807	82238	59025	97804	30415	48780	130205	90205	81277	133855	15696	46569	31797	29987	53137	115828	13671	149865	49411	99744	87448	124902	79085	41707	70866	92541	92588	76837	85764	39200	61863	79650	15872	70873	29306	40603	81567	67905	138556	93552	43672	69060	97061	89325	82988	76478	46116	
27837	71308	60859	55081	78377	60502	50000	75732	130905	19862	62366	9415	57291	84384	129255	59955	77246	46477	55271	12718	93880	64585	44427	59611	47997	91797	54179	82034	56968	34919	67709	26706	0	51277	63264	39207	96822	48525	23568	21974	41385	78482	73547	65993	28237	37153	74671	36520	90175	79573	32192	65425	17929	17608	84954	45674	56360	100769	107608	60092	18014	35010	28269	40305	54701	75542	65974	54594	71098	24684	32516	103499	92007	65013	107149	30053	20652	5192	40263	27221	89122	40177	123159	33147	73038	81596	108638	52379	36448	54602	76277	88393	60573	87566	24006	35157	63385	41135	44167	55813	67175	83369	51641	111850	95353	40824	42354	70355	73060	84790	78280	60420	
43073	91120	23734	60653	20706	9525	6148	43526	118685	52276	11389	45949	74248	88675	123068	54641	26269	41666	56849	63205	111383	62833	17561	33499	49574	93375	5071	98829	5991	30868	69286	45636	51277	0	11083	44296	62730	65377	67687	56260	75968	73183	81699	10277	42076	40133	34583	17167	50087	96232	36693	16892	62049	46540	52520	32705	73213	66677	125586	55895	50102	37990	34310	57029	49403	78522	42409	19769	96316	36004	35496	113272	51919	67993	113145	59055	71102	56331	13571	69655	105781	57030	141136	38555	97985	49162	111617	71686	23978	57581	53400	54301	49339	47478	32557	59542	66365	26299	78749	72665	83962	43280	54620	115030	55265	14261	74804	91457	76040	44702	38192	9368	
53932	101979	24449	71512	19874	10241	17007	44241	129545	63136	7000	55982	65370	99534	133927	67255	23037	54280	67708	75192	122242	75447	28420	41423	60433	104234	13846	109689	5588	41727	80145	36757	63264	11083	0	55114	63536	57151	76122	67079	86786	85770	92518	5885	52894	50951	35389	27986	50893	107050	47512	17699	64444	57359	53326	43524	64986	67484	136404	64530	54144	48808	45129	67848	61989	89340	43215	28516	107135	46822	46314	124091	52725	78811	123963	51040	84709	69937	19377	80474	116599	48803	151955	49374	108803	49968	122436	82504	34797	68400	54207	55108	57973	48284	43376	70361	77184	31532	89568	66054	75735	44087	65439	125849	56072	25080	85623	102276	86859	45508	38998	8636	
14756	52415	44265	17704	61783	56198	43056	44044	82962	28674	55423	30882	86056	52951	87345	28267	70114	14789	21125	51924	72678	30439	32597	27923	13004	57651	47236	60124	50024	16180	33563	55471	39207	44296	55114	0	65030	77380	62919	28193	48618	40356	44557	53356	15926	8799	56965	28100	66927	57721	8103	47720	57281	27018	53163	19626	85215	68978	87075	28301	50877	10457	12367	12727	22910	41380	34182	36888	57805	26816	9702	68970	66686	30851	68843	62916	60004	44543	39294	50419	67270	69033	102626	9555	53683	49805	74476	27384	21585	20440	44486	56602	28782	64317	16362	23934	29223	50478	55608	84668	95965	61744	10319	73543	72105	29202	37122	47156	38898	56897	60574	59502	
78885	117091	42219	82380	49115	53307	58133	20113	99511	88089	62176	88497	129628	77643	103893	45765	50034	50278	72635	109539	137354	51466	60694	43486	70522	74200	56912	124801	57954	62609	69968	101016	96822	62730	63536	65030	0	120442	113749	85552	105260	47927	70784	61763	71368	54409	30011	62406	28432	115864	60486	44859	108111	78896	13678	45187	128278	5971	145219	42180	101707	58913	63197	70871	51485	57986	23764	47263	115949	77646	61797	112316	14782	62438	99282	114331	110834	95373	71231	106483	125413	112095	160769	65176	111827	13606	92470	85528	72415	64460	22281	9027	37739	21710	67192	82078	66442	83958	108041	129345	139027	23250	68463	96148	22074	57767	95266	105299	76443	18403	29249	56642	
73562	119832	82322	97104	72742	68114	64138	102114	155137	68386	64873	52686	9276	125126	159519	97984	77940	84506	93300	60453	142405	102614	69253	97640	86026	129826	68317	130558	63461	70506	105737	22018	48525	65377	57151	77380	120442	0	42029	71408	90819	117474	117711	60241	73364	76145	93623	63487	109128	129006	71185	75933	38954	62858	111560	80977	7835	125718	157042	99084	28943	74002	67261	84676	93694	114534	104966	81753	120531	53142	71508	152933	110960	104005	156583	17311	63697	54525	52715	75865	138556	10096	172592	72139	122471	108202	147630	101812	64434	93594	115269	113342	99565	106518	61928	84591	102378	38600	93600	7288	18585	102321	90633	161283	114306	66400	91788	119788	112053	103743	99256	66870	
51405	110189	84427	78648	88132	76951	66448	99299	169786	43429	78815	32982	39016	107951	168135	83523	93694	70045	78839	35293	132761	88152	67403	83179	71565	115365	70627	120914	73416	58487	91276	40779	23568	67687	76122	62919	113749	42029	0	45562	64973	102069	97135	73587	51824	60741	98259	52604	113763	118966	55780	80537	7454	41196	108542	69262	43620	124357	147001	83679	20608	58598	51857	63893	78289	99130	89561	78182	110491	43348	56104	142892	115595	88601	146542	20158	26922	27784	56722	49816	128515	40346	162552	56734	96625	105184	132225	75966	60036	78190	99865	111981	84161	111154	47594	58745	86973	51187	67755	43696	43608	106956	75229	151243	118941	63651	65942	93943	96648	108378	101868	76879	
18155	49123	56230	33463	73748	68163	55020	71102	108721	4426	67387	16097	79266	60069	107070	55326	82079	41848	48969	28897	71696	58283	44561	54982	40398	78233	59200	59849	61988	30290	46138	48680	21974	56260	67079	28193	85552	71408	45562	0	19609	68288	52016	67229	18058	33321	70838	42011	86343	57796	26559	61593	40233	9220	81122	41842	78664	96937	85832	56259	40318	31177	24361	18774	50869	64814	62141	50761	49321	25588	25453	81723	88175	58783	85373	52357	42956	23745	53205	22127	67345	62482	101382	24863	51507	77764	116725	30848	35496	48372	72444	84561	56740	83733	21981	13627	57155	47396	22390	78117	89479	79536	31177	90073	91521	46675	20391	48824	46489	80957	74448	73376	
36365	29939	75937	52084	93455	87870	74728	90810	89536	24134	87095	35508	98677	79044	87886	75033	101786	61555	70350	38833	52511	79663	64269	74689	63075	101431	78908	40665	81696	49998	73226	68091	41385	75968	86786	48618	105260	90819	64973	19609	0	100094	76100	86103	36932	52195	89712	60885	105217	38351	45433	80467	59379	28094	99996	60716	97809	115811	66386	75133	59463	50051	43235	38759	69743	88897	81015	69635	29875	44462	44327	62277	107049	80054	65927	71503	49851	35712	72079	22325	47900	81627	81936	43737	54444	96638	97279	37520	54370	61064	91318	103435	75614	102607	40855	25080	78427	69794	2945	97262	151367	98410	49762	70627	110395	65549	14340	59346	70573	99831	93322	92250	
54758	77379	63607	33760	81125	75540	71851	60815	52872	69749	84409	70158	125332	31005	57255	18486	89456	31939	18558	91199	81194	14228	55620	44695	34876	27561	72793	77769	80188	49845	21930	94746	78482	73183	85770	40356	47927	117474	102069	68288	100094	0	24152	86502	55714	40822	78843	63276	85203	75521	43130	69598	92457	63242	71439	41982	120392	49710	93857	22149	86053	43259	47543	52759	28215	11354	52459	58879	82704	61992	46143	65684	63798	13057	52650	98092	95180	79720	74470	90451	70760	104209	100602	47355	58514	68081	44515	45175	56761	23425	39648	58043	28975	82593	51538	63966	16093	85655	93201	119844	131141	80020	35655	49516	66081	60735	69350	57249	29811	75173	82453	81381	
50032	53385	76920	21334	94438	88853	80459	74127	41680	57802	92826	70395	125569	12995	46062	41343	102769	44873	22184	80470	68232	37084	70000	58007	32429	28324	84639	53775	87427	54043	10225	94984	73547	81699	92518	44557	70784	117711	97135	52016	76100	24152	0	90369	51198	45033	91639	67487	97999	51369	47342	82394	94056	63708	84235	50698	124603	72408	81627	44847	94140	47470	51755	35855	50914	12797	65254	71675	58552	66204	50355	44432	86496	31059	41101	106180	96779	78353	78681	76735	51827	108420	97178	50505	41075	80877	46070	21024	60973	24661	62347	80741	51674	95389	55750	38538	15727	89866	69050	124056	135352	92816	30955	37968	103177	66216	45198	33097	5659	87969	95249	94177	
53125	101173	23643	70706	13279	9434	16201	43435	128738	62329	2883	56002	68099	98727	133121	66448	18477	53474	66902	77921	121436	74641	27614	40617	59627	103427	13039	108882	4781	40921	79339	39486	65993	10277	5885	53356	61763	60241	73587	67229	86103	86502	90369	0	52088	50145	34583	27179	50087	106244	46705	16892	67173	56552	52520	42718	67715	66678	135598	63724	56873	48002	44323	67041	61183	88534	42409	27709	106328	46016	45508	123284	51919	78005	123157	53769	81115	66343	23044	79667	115793	51532	151149	48567	107997	49162	121630	81698	33991	67594	53400	54301	57167	47478	42570	69554	76378	35836	88762	68495	78464	43281	64633	125043	55265	24274	84817	101470	86052	44702	37961	7707	
2662	50900	42045	30152	59563	53978	40836	56918	90975	13158	53203	19912	81222	59455	94206	41142	67894	27663	36458	40954	71163	45771	30377	40798	29183	72984	45016	58609	47804	16106	42827	50637	28237	42076	52894	15926	71368	73364	51824	18058	36932	55714	51198	52088	0	18384	55901	27074	71406	56153	11623	46656	46184	10650	66185	26905	80564	82000	85508	41322	46268	16241	9425	15375	35932	56773	47204	35825	56238	19720	10516	81399	73238	46244	72504	58307	48907	33446	38268	39085	65702	64382	101058	8324	57344	62827	89868	30032	20559	35832	57507	69624	41803	68796	11711	19464	44616	45827	39795	80017	91314	64599	22843	77204	76584	31738	34726	49803	45673	66021	59511	58439	
19217	60860	34448	26149	51966	46381	37680	39959	83402	28421	51260	28829	84003	53391	87785	24183	60297	10705	21566	49871	81123	32375	22780	23839	14291	58091	43216	68570	45861	9308	34003	53418	37153	40133	50951	8799	54409	76145	60741	33321	52195	40822	45033	50145	18384	0	48162	25885	63666	65644	5739	38916	55066	25851	48601	15544	83001	64416	94998	23739	48662	5288	10152	20651	18348	41294	29621	28085	65729	24601	8752	76894	62124	30765	76767	60701	57789	42328	37079	53438	75193	66818	110549	10847	61607	45243	74390	35308	19370	20354	39924	52040	24220	61057	14147	31858	29138	48264	54997	82453	93750	56859	18243	77803	68844	24613	45046	55079	38812	52335	51771	50699	
56734	104782	14669	74315	30745	25160	29986	23892	130420	65938	34029	66347	101481	99998	134803	58790	26516	45815	68172	87388	125045	66983	35856	32959	63236	105109	28765	112491	29807	40852	80609	72869	74671	34583	35389	56965	30011	93623	98259	70838	89712	78843	91639	34583	55901	48162	0	39421	18332	109272	47904	17020	91859	62645	17603	39882	100439	34003	138626	50170	79923	47980	46946	70070	49834	83673	24196	19424	109357	61395	46879	126313	20164	72722	124968	86493	94582	79122	43392	90232	118821	84257	154177	52594	111025	26223	116834	84727	49451	62809	35188	21627	43613	15723	50941	72583	71593	56120	91790	101507	111188	11526	67661	121835	23511	36516	87845	104498	81268	12027	9875	28803	
27907	75954	26350	47824	39405	26430	15927	45423	105857	37111	28294	26365	71345	75846	110239	48704	43174	35226	44020	49238	96217	53333	8241	28819	36746	80546	20107	83664	22895	18641	56457	40759	36520	17167	27986	28100	62406	63487	52604	42011	60885	63276	67487	27179	27074	25885	39421	0	55569	81248	22740	27182	46799	29549	57064	23380	69191	72879	110602	49118	34852	24036	17319	43075	43728	64568	38084	19988	81332	18829	21542	106493	57401	54039	99191	46891	57014	41554	11165	52664	90797	53008	126153	23803	84031	53706	97664	57732	6987	43628	48387	60503	42344	52960	15566	44558	52412	23892	63765	68643	79940	48763	40667	101077	60747	4635	59820	77504	62087	50184	43674	26317	
72239	120286	30173	84276	36690	40664	45491	21808	136780	81443	49533	81851	116986	106357	141162	65149	37609	52175	74531	102893	140549	73342	51360	48463	72419	111469	44269	127996	45312	56356	86969	88373	90175	50087	50893	66927	28432	109128	113763	86343	105217	85203	97999	50087	71406	63666	18332	55569	0	125354	63986	33102	107941	78727	16854	55964	116521	27256	154708	61096	96005	64062	63028	80147	60760	94599	35122	35506	125439	77477	62961	136390	13145	83648	135894	102575	110664	95204	59474	106314	134903	100338	170259	68676	121102	23495	121092	94804	65533	73735	36858	18898	54539	4584	67023	88665	82519	72202	107872	117589	127270	7318	77738	132761	10585	52598	103927	114575	92194	10223	17748	44885	
53992	7389	96201	58402	113719	108134	94992	101414	52721	62322	107359	73696	136864	49505	51070	85638	122050	72160	68275	75027	19999	87810	84533	85294	64128	64616	99171	3010	101960	70262	53808	106279	79573	96232	107050	57721	115864	129006	118966	57796	38351	75521	51369	106244	56153	65644	109272	81248	125354	0	64520	100896	97613	66328	110583	77047	136044	126398	32219	85721	97697	67877	63665	45080	80331	64223	91603	90064	12543	82696	64756	24689	124106	66939	28339	109737	109116	73946	92508	58825	10029	119861	38964	59730	20780	107225	59691	36523	74799	64250	101906	114022	86202	123036	65951	37247	62489	100067	36577	135496	180269	118839	56084	33039	130824	85978	27036	29771	45898	114318	113751	112679	
11695	59161	34833	25807	52351	46766	35453	46036	85711	21659	47820	23868	79042	55700	90093	30259	60682	16781	23874	44910	79423	33188	23164	29915	16600	60400	39633	66870	42421	8710	36311	48457	32192	36693	47512	8103	60486	71185	55780	26559	45433	43130	47342	46705	11623	5739	47904	22740	63986	64520	0	40371	50262	19299	54419	18404	78196	70235	95022	29557	43858	3765	5348	20675	24167	44211	35439	29539	65753	19797	2683	76918	66952	33682	76790	55897	52985	37524	32275	47734	75217	62014	110573	5169	61631	51062	77306	35332	14566	23271	45742	57859	30038	62511	9343	31882	32054	43459	48444	77649	88946	58314	18266	80719	70299	21854	45070	55103	41729	58154	53225	52154	
47489	95536	6739	65069	13054	7469	12296	26531	121175	56693	16338	57101	83791	90752	125557	49545	21385	36570	58926	78143	115799	57737	21888	23713	53991	95864	11074	103246	12117	31606	71364	55179	65425	16892	17699	47720	44859	75933	80537	61593	80467	69598	82394	16892	46656	38916	17020	27182	33102	100896	40371	0	74850	54037	35627	31275	83419	49785	130019	46831	62903	39373	38338	61462	44291	78130	25516	10817	100749	48804	38272	117705	35027	67179	117578	69472	85975	70515	26372	81625	110214	67236	145570	43987	102418	32269	111291	76119	34003	57266	36508	37409	40275	30585	42334	63975	66050	39099	83183	84486	94168	26388	59054	116292	38373	24286	79238	95890	75725	27809	21300	11783	
45767	89237	78788	73010	82493	71312	60810	93661	148835	37791	73176	27344	46470	102313	147184	77885	88056	64406	73201	29655	111809	82514	61764	77541	65926	109727	64989	99963	67778	52849	85638	31512	17929	62049	64444	57281	108111	38954	7454	40233	59379	92457	94056	67173	46184	55066	91859	46799	107941	97613	50262	74850	0	35547	102893	63613	46433	118708	125547	78031	17378	52949	46208	58244	72640	93481	83912	72533	89037	37699	50455	121438	109946	82952	125088	22347	22820	22135	51073	44167	107061	42536	141098	51086	90977	99535	126577	70318	54387	72541	94216	106332	78512	105505	41945	53096	81324	51945	62106	45886	51051	101308	69580	129788	113292	58002	60293	88294	90999	102729	96219	71230	
10002	57952	49574	42662	67092	61507	45300	64446	117550	4320	57667	9284	70716	71965	115899	48670	75423	35192	43986	30325	80524	53300	37905	48326	36712	80512	49480	68678	52268	23634	56423	40131	17608	46540	57359	27018	78896	62858	41196	9220	28094	63242	63708	56552	10650	25851	62645	29549	78727	66328	19299	54037	35547	0	73708	34428	73961	89524	94393	48846	35615	23764	16948	26013	43456	64296	54728	43348	57883	17868	18040	90284	80761	53767	93935	47654	38254	22793	40971	27465	75907	57779	109944	17449	59345	70350	97392	40670	28083	43356	65031	77148	49327	76320	17190	21465	52140	43200	30952	73414	84776	72123	31676	98635	84108	34008	29140	56662	61815	73544	67034	55690	
67018	105224	30352	70513	48682	43097	47923	8044	123016	76222	51966	76630	119418	92593	127398	51386	37582	38411	60767	97672	125486	59578	48826	31619	58655	97705	46701	112933	47744	50741	73205	90806	84954	52520	53326	53163	13678	111560	108542	81122	99996	71439	84235	52520	66185	48601	17603	57064	16854	110583	54419	35627	102893	73708	0	39816	119028	17626	139847	46449	96335	53541	57825	65499	46113	79952	20475	34504	110577	72274	56425	121742	13100	69001	121247	105081	105462	90002	61981	101112	120042	102845	155398	59804	106455	7096	113113	80156	67043	59088	22211	5250	39892	13361	61820	76706	67872	74708	102670	120095	129777	10788	63091	118114	21149	52396	89894	99928	77547	5941	16787	47392	
27738	71687	26811	36976	44329	38744	30043	30738	89068	36942	47613	37350	88835	59057	93450	21929	52660	8954	27231	58392	91950	30121	15143	11601	25118	63757	35579	79396	38434	9699	39668	58249	45674	32705	43524	19626	45187	80977	69262	41842	60716	41982	50698	42718	26905	15544	39882	23380	55964	77047	18404	31275	63613	34428	39816	0	87904	55664	106381	22080	53565	17825	18291	32034	16689	50529	20869	20453	77111	32740	16724	88277	57866	39577	88149	65604	65927	50467	32815	61577	86576	71721	121932	22440	72990	36491	83689	46691	21689	26571	31172	43288	25129	53425	22286	43241	35355	45543	63135	87356	98653	49228	29625	84020	61212	18745	56428	66462	45030	43584	44139	43067	
81397	127668	90158	104940	80578	75949	71973	109950	162972	76222	72708	60521	2882	132961	167355	105819	85776	92341	101135	68288	150240	110449	77089	105475	93861	137661	76153	138394	71296	78341	113573	29854	56360	73213	64986	85215	128278	7835	43620	78664	97809	120392	124603	67715	80564	83001	100439	69191	116521	136044	78196	83419	46433	73961	119028	87904	0	133178	164502	106544	36403	81462	74722	92136	101154	121994	112426	89213	127991	60603	78968	160393	118420	111465	164043	24772	68585	61985	60175	83325	146016	17556	180053	79599	129931	115663	155090	109272	71894	101054	122729	120802	107025	113979	69388	92051	109838	46060	101061	3379	13690	109781	98093	168743	121766	73860	99248	127248	119513	111203	104693	74331	
