//--------------------------------------------------------------------------------------------------------------------
//-- données sur les VOSGES récupérés par le géocodeur (matrice symétrique)
//-- 
//-- C. Duhamel, P. Lacomme C. Prodhon - JUILLET 2009 : 7800 kg à collecter, flotte de capa 8500
//--------------------------------------------------------------------------------------------------------------------
126 5 999999 0 0 0
10 50 20 1
15 100 35 1.1
15 200 50 3.2
3 500 120 3.7
2 1000 225 8.5
0   // la ville qui represente le depot
0	42188	38659	38502	69215	21399	11998	38076	132716	59378	22364	102344	54929	41352	49979	68748	67767	55093	111875	57015	51197	34057	36109	24321	97126	7517	43138	140457	85311	59541	42510	32449	47907	43738	71512	50604	42232	46993	67520	26459	61723	74882	6972	52020	19422	59157	48831	102481	53716	28641	20419	49005	81992	57209	37827	44854	37621	27508	31602	62338	13766	18382	11735	37393	22113	117700	23093	18026	44528	36729	48570	28815	58116	26911	51797	152843	9875	111117	80215	82181	94297	42383	31690	16091	125032	62473	13530	63304	62016	85054	40257	22027	40797	48958	54642	30235	46458	87036	28609	53793	39133	14631	41683	5999	57423	20203	50131	11653	54729	33242	7501	42969	34399	133735	12576	53465	45935	57359	56700	60766	35968	50109	41788	69390	92841	57394	18375	
42188	0	3530	18602	29207	62081	49184	37646	99687	18847	22701	69316	56704	64908	15072	42625	30170	29358	78847	23987	18169	9720	22255	66664	64098	35542	47056	94515	48042	26512	14694	11133	16362	27941	38484	10597	12775	13043	37723	52063	39363	34875	47655	47095	35603	22037	23290	69452	20688	28550	33376	8998	48964	24181	39154	13661	8253	40930	50324	22330	29727	59064	36525	69917	57048	84672	20178	25093	50462	28164	43646	25110	34162	17044	18768	102930	51277	78089	47186	49153	60810	74908	64214	54074	92004	29444	54212	25930	34308	52026	5794	64371	34135	40922	9985	53791	22504	54007	42581	31433	24456	49216	27788	43038	52499	54535	14733	50960	21700	36918	48902	39919	66924	94641	44812	20437	35255	17412	23672	23889	30697	27749	51890	36362	59812	17387	43152	
38659	3530	0	10785	30556	58473	45575	35374	100904	28281	19092	70533	54432	58799	16082	43842	31387	30575	80064	25204	19386	6182	19390	63056	65315	31934	44784	95732	49391	27729	13685	8936	15557	25669	39701	11945	9585	11985	38940	45954	37091	36223	44046	44823	31995	23254	24507	70669	21905	20607	29768	10346	50181	25398	33046	11957	4724	37321	46716	23679	26119	55456	32917	65832	50552	85889	16570	21485	48190	25892	41373	21501	31889	13435	19986	104147	47668	79306	48403	50370	62027	70822	60129	50466	93221	30661	50604	32208	35525	53243	6664	60762	28312	38649	11334	47682	20232	55224	40308	29161	22183	45607	24923	39429	50226	41929	19225	47352	22918	30414	45294	37646	62838	95858	41203	21654	32982	18629	24889	25106	28425	25477	49617	37579	61030	18736	39544	
38502	18602	10785	0	41545	55383	48028	51376	96672	44283	16263	66301	70434	48660	14427	39610	34642	26343	75832	20972	15154	9487	35985	57659	61083	31590	60786	91500	49268	23497	4529	11389	9987	41671	35469	20813	18631	13049	34707	35815	53093	47212	43703	60825	34448	24096	15347	66437	17673	10468	29425	25921	45949	21165	22907	7580	8919	31924	49169	34668	25776	55113	33099	53670	40801	81657	17275	21141	64192	41894	57376	23954	47891	14141	15753	99915	45468	75073	44171	46138	58253	58660	47966	45069	88988	26429	50260	48210	31293	49011	16655	55365	18173	54651	26908	37543	36234	50992	45702	45163	38185	40211	41517	39086	66228	36532	35227	41955	18685	32867	40827	53648	50676	91626	35807	17422	48984	22513	20656	25215	44427	41479	65619	33347	56797	29725	41997	
69215	29207	30556	41545	0	94847	74289	53134	80544	21275	55467	52023	72192	87775	27735	72498	17830	59231	67253	29030	37554	42486	46141	99430	43236	68308	62545	82608	22165	34812	37533	43900	37415	43429	35509	21861	40567	32605	67595	74930	54851	7174	80421	62583	60709	23235	42416	59643	34911	51389	65918	21165	38678	54053	62022	35804	35288	73696	69149	8579	62494	91831	69292	92784	79916	48399	52945	57859	65950	43652	59134	52789	36318	49810	27771	84752	84043	47823	40297	43293	31618	97775	87081	86840	74543	59317	81601	21240	64181	49235	32829	97137	57002	56410	28018	76658	33880	44779	58069	46921	39944	81982	50681	75804	67987	77402	31881	83726	26628	52406	81669	55407	89791	82622	77578	50309	50743	21524	31670	16332	46185	43237	67378	51725	42520	12901	68257	
21399	62081	58473	55383	94847	0	27205	58770	151955	82877	41660	119007	68230	44457	72712	79413	91413	65196	165862	77743	71994	56006	55633	15254	113790	27041	56438	143562	106039	76204	59059	54398	65994	63262	88176	79785	64181	72019	72963	29564	74023	96831	14426	71153	38946	80868	66917	106950	70403	45190	39943	70954	92884	78005	40932	65025	59569	30613	44902	84286	33289	11008	27701	40498	25218	199984	44903	37549	63662	56253	67704	48338	77640	48860	72524	155948	13466	127780	91107	92574	115025	38857	34794	13898	144271	68996	24439	86803	67459	93147	62205	12960	45506	68092	74166	33339	65982	103699	48133	73317	58657	19747	61206	19816	76557	23308	69654	12113	75456	52766	15447	62103	37504	136839	21436	68544	66267	81485	73363	85291	55492	69633	55088	71034	109504	79343	37899	
11998	49184	45575	48028	74289	27205	0	39974	139651	55496	32472	109280	49434	51178	56914	82589	76773	69322	118811	63951	58133	40993	32227	34147	104062	17626	37643	150283	93820	66476	53518	38369	55390	39856	78448	68052	40447	53929	77686	36284	57841	80652	12786	52358	15539	66092	63254	109416	60651	38749	23673	55941	88928	64144	47653	51789	44556	37334	26107	68108	23874	24196	23362	47219	31939	124636	33201	28134	44866	32847	48908	24932	54233	37020	58732	142894	19454	118052	87150	89117	101232	52209	41515	25917	131967	69408	18312	59422	74272	91990	47192	31853	52227	49296	50760	40060	42576	93971	24727	49911	35251	24457	37800	15825	57761	30029	46248	21478	61664	29360	17326	43307	44225	143560	22402	60400	47472	64294	63635	67701	32086	46227	36293	76326	99776	63164	11097	
38076	37646	35374	51376	53134	58770	39974	0	132422	33913	44636	102051	28888	80022	48088	75360	55190	62093	111582	56722	50904	35794	15979	62992	96833	38395	12412	127250	72237	59247	47429	34721	49097	13156	71219	46470	29092	45778	70458	65129	26308	59070	44287	26153	21382	59847	56026	102187	53423	50670	35271	36116	81699	56916	71890	46396	40908	62865	17201	46525	44643	54713	46785	76063	60784	117407	42113	41838	18662	8651	22704	22627	32651	38979	51504	135665	50955	110824	79921	81888	81690	81054	70360	54762	124739	62179	38271	37839	67043	84761	32787	60698	66870	22241	29177	68905	20993	86742	9544	28328	13668	53302	20518	44670	31557	58874	24666	50323	54436	13113	46171	9879	73070	127376	50665	53172	7781	50460	56407	56937	7077	17084	20090	69097	92548	41582	27042	
132716	99687	100904	96672	80544	151955	139651	132422	0	98349	111293	28498	150027	135522	84116	67069	74134	72332	23577	75275	81661	98382	115578	156279	34623	124134	140380	18176	58346	71898	90912	101136	90430	121264	59509	91322	106098	85658	67750	113712	132686	78879	136247	140418	124196	75745	81346	31579	79376	104768	121969	94013	55933	76183	100803	87729	96924	113939	138916	85654	118320	159115	125118	138346	130853	33493	108771	113685	143785	121487	136969	113702	127485	105636	80928	7241	149879	31466	49675	48255	51132	143336	132642	143869	8311	69241	142804	100694	71268	49145	103210	153985	91945	134245	106502	124007	115827	48017	135904	124757	117779	136391	121111	131630	145822	136808	114820	143615	76965	122615	144833	133242	135352	16655	130106	78261	128578	84581	74968	78338	124020	121072	145213	69821	39531	89976	131744	
59378	18847	28281	44283	21275	82877	55496	33913	98349	0	40751	69959	52694	89620	27389	67337	23054	54070	77625	31008	42881	27771	26643	84715	61172	53592	43047	95399	40101	33993	39406	29184	41074	23932	40733	15520	21069	26264	62435	76775	35354	26933	63711	43085	41211	25777	48002	68230	28570	46083	46420	14824	46150	48893	63866	38373	31919	58980	49651	14389	47778	75121	54576	94629	81760	66336	38229	43143	46452	24155	39636	33291	19246	35094	28643	102689	67333	65759	49435	51402	49554	99620	88926	72124	92479	54156	62104	6851	59020	76738	24764	82421	58847	36912	8520	78503	14382	50565	38571	27424	20446	67266	31183	61088	48489	63587	12383	69010	27979	32908	64959	35909	91635	119353	62862	45149	31245	16863	48384	18534	26687	23739	47880	61074	60456	9446	48759	
22364	22701	19092	16263	55467	41660	32472	44636	111293	40751	0	82946	67681	51012	30581	46455	51034	32800	92477	37364	31799	14659	32795	44277	77728	15641	44160	108145	65660	40142	20217	13051	25615	38918	52114	31206	22834	27595	45228	26690	50340	55484	27754	58072	25303	40489	26538	83082	34318	6348	13476	29607	62594	37811	19020	24646	18223	18543	37568	42940	9827	39164	16625	47053	31773	98302	3575	5192	50410	33415	54623	24184	45138	7513	32146	116560	31376	91719	60816	62783	74646	52044	41350	31687	105634	43074	34311	45457	39723	65656	20859	41984	18505	51898	30594	39895	33481	67637	34491	42410	35432	26829	38369	23137	63475	23150	32474	28573	35078	33097	27446	47285	44060	108271	22425	34067	42621	37961	37302	41368	38063	38726	51519	49992	73443	37996	28106	
102344	69316	70533	66301	52023	119007	109280	102051	28498	69959	82946	0	121529	156842	55617	55738	45636	54084	15229	46777	53163	69884	87080	125886	6125	95636	111881	30585	29847	43400	62413	72638	61932	92766	34296	62823	77599	57160	56418	97632	104188	50381	107749	111920	95697	47247	58148	20247	50878	76269	93470	65514	27435	50615	84724	59230	68426	97859	110418	57155	89821	119158	96619	159665	102618	29209	80272	85187	115287	92989	108471	85204	98987	77138	52430	32729	111269	17398	29652	32648	28926	164656	153962	110870	22520	53548	114306	72196	54937	37814	74712	123592	73697	105746	78004	99360	87329	19519	107406	96258	89280	106011	92613	103132	117324	100104	86322	107756	48467	94116	106628	104744	156672	30864	101607	56278	100080	56083	46470	49840	95522	92574	116715	51851	11033	61477	103246	
54929	56704	54432	70434	72192	68230	49434	28888	150027	52694	67681	121529	0	99461	67390	94662	74492	81395	130884	76024	70206	55096	39353	81903	116135	57834	22069	146552	91539	78549	66731	56509	68399	38332	90521	65772	48394	65080	89760	84568	20405	78372	58119	11981	38037	79149	75328	121489	72725	73409	51925	55418	101001	76218	91192	65698	59245	85618	34552	65827	64082	68544	66224	95503	80223	136709	65554	68342	21900	33990	13385	46001	41629	62419	70806	154967	64787	130126	99223	101190	100992	100493	89799	74201	144041	81481	52103	57142	86345	104063	52089	79609	86172	16103	48479	88344	39945	106044	31951	25399	37043	72741	43893	64109	10470	78313	43968	69762	73738	41199	65610	23050	92509	146678	70104	72474	27214	69762	75709	76239	33007	35664	12889	88399	111850	60884	40873	
41352	64908	58799	48660	87775	44457	51178	80022	135522	89620	51012	156842	99461	0	59956	59222	78657	52440	147770	64987	59237	57327	76650	46786	101033	48058	83679	125470	93283	63448	52526	59229	53237	87885	75419	67029	72718	59263	60207	26594	99307	93428	46386	107038	59962	68112	54161	94193	57646	44169	60960	72135	80128	65249	29558	52268	56759	30547	72142	80884	54306	49622	41973	28853	21360	181891	54540	58566	85069	88107	103589	69355	94105	58496	59768	137856	40386	115024	78350	79818	102269	30539	23149	34376	126179	56239	52944	94423	54703	80391	69831	44492	32750	100865	73122	11108	82447	90943	69150	91377	84399	26898	82223	39709	112442	27315	81441	34122	62700	73783	35340	83510	18696	118747	34438	55788	95198	68729	60607	72535	90640	87692	82329	58278	96748	75940	58916	
49979	15072	16082	14427	27735	72712	56914	48088	84116	27389	30581	55617	67390	59956	0	34777	19543	21510	61687	9117	9474	17542	33852	75337	50410	43294	58653	79461	37413	9149	10442	20296	9569	39538	24796	12711	24371	7144	29875	47084	50960	33427	55407	58691	43355	10676	14459	52293	8487	24298	41128	15402	35276	16333	34176	8682	16084	47311	58076	23433	37479	66816	44277	64938	52070	63180	27930	32845	62058	39761	55242	32862	45758	24796	3898	85770	59029	60150	33498	35465	46399	69929	59235	58899	74844	21596	61964	30166	26460	38522	18266	73044	29156	52518	20982	48812	34100	40319	54177	43030	36052	54040	39384	50790	64095	49556	33094	55785	6830	41774	54657	51515	61945	75547	49636	12589	46851	10871	7961	12542	42293	39345	63486	28514	46125	21623	50904	
68748	42625	43842	39610	72498	79413	82589	75360	67069	67337	46455	55738	94662	59222	34777	0	48269	17288	45193	39133	28183	43455	60651	81891	50413	69207	85452	60861	56359	36527	35984	46209	35503	66337	23722	42807	51170	37716	1809	50357	77759	63329	81320	85491	69268	43022	27361	35798	30702	41795	67041	50587	28413	22198	37449	32801	41997	50584	83989	66555	63392	84727	63245	63958	56465	81300	53843	58758	88858	66560	82042	58775	72558	50709	34678	69276	75491	64404	26636	22532	65345	68948	58255	69481	58349	12170	87877	72876	7142	18372	48283	79598	28591	79318	51575	52085	60900	36831	80977	69829	62851	62003	66184	74814	90895	52829	59893	69228	37610	67687	70445	78315	60964	61195	65952	24276	73651	44508	29887	47445	69093	66145	90286	8752	41884	61612	76817	
67767	30170	31387	34642	17830	91413	76773	55190	74134	23054	51034	45636	74492	78657	19543	48269	0	36272	57422	14052	27622	38498	47904	94181	42656	64320	64308	75196	24506	19834	31007	39911	28413	45193	20531	16405	38659	26302	43248	65928	56615	20032	76432	64346	62472	13917	32607	48027	24157	45306	62154	18482	25948	32803	53019	27526	35896	66155	70912	13494	58505	87842	65303	83782	70913	50274	48956	53871	67713	45416	60897	53887	38724	45821	18661	78400	80054	47243	29233	31200	33492	88772	78079	79906	68191	35736	83365	26093	39833	34256	33622	91887	48000	58173	26466	67656	35643	30362	59832	48685	41707	74293	52444	71815	69750	68400	33644	76792	16850	54169	75665	57170	80788	71282	70644	30737	52506	13298	20709	8107	47948	45000	69141	36747	36167	15344	70020	
55093	29358	30575	26343	59231	65196	69322	62093	72332	54070	32800	54084	81395	52440	21510	17288	36272	0	51149	19934	14387	29659	46855	69633	49071	48126	71656	68923	42535	17327	22188	32413	15297	52541	23457	29011	37374	23919	15497	41380	63963	49505	60238	71695	55472	25665	11781	41754	16906	27004	45960	36791	27689	6262	28471	19005	28201	41607	70193	52759	42311	72469	49634	59234	46365	69645	40047	37677	75062	52764	68245	44978	58761	36912	20882	75232	63232	63062	25911	27379	51521	64224	53531	57222	64305	3800	66796	59080	9993	27951	34487	67339	19613	65521	37778	43107	47103	36107	67180	56033	49055	49745	52387	55621	77098	43852	46097	56969	23814	53891	58186	64518	56240	70566	52342	10480	59854	30711	16091	33649	55297	52349	76489	9251	44786	47815	63021	
111875	78847	80064	75832	67253	165862	118811	111582	23577	77625	92477	15229	130884	147770	61687	45193	57422	51149	0	52851	59236	75921	93117	168508	21271	101673	117919	22765	44994	49474	68450	78675	67969	98803	37991	68897	83637	63234	46231	92193	110225	65527	113786	117957	101735	53321	59827	10060	56952	82307	99508	71588	31476	54664	79285	65267	74463	92420	116455	72302	95859	171344	102657	150574	143081	41008	86310	91224	121324	99026	114508	91241	105024	83175	58503	25989	162107	32109	28156	26736	44072	155565	144871	156097	15063	47722	120343	87342	49749	27626	80749	166214	70426	111784	84041	136236	93366	24997	113443	102295	95318	148620	98650	109169	123361	94665	92359	155844	54541	100154	157061	110781	147581	18851	107645	56742	106117	64071	52543	60227	101559	98611	122752	48303	26179	76624	109283	
57015	23987	25204	20972	29030	77743	63951	56722	75275	31008	37364	46777	76024	64987	9117	39133	14052	19934	52851	0	13097	24807	42004	80511	41473	50560	66805	70525	28678	4476	17337	27562	14743	47690	15860	16759	32523	14467	33498	52258	59112	33372	62672	66844	50621	5272	18082	43356	10487	31636	48394	19450	26339	16031	39349	13856	23350	52485	65342	24695	44745	74082	54267	70112	57243	54446	35196	40111	70211	47913	63394	40127	53910	32061	4991	76834	66636	51415	24562	26528	37664	75103	64409	66236	65907	19357	69230	34214	30083	29585	29636	78217	34330	60670	25988	53986	42252	31383	62329	51182	44204	60623	47536	58055	72247	54730	41246	63122	3180	49040	61995	59667	67118	66610	56974	13069	55003	12711	6775	12178	50446	47498	71638	23787	37188	26545	58170	
51197	18169	19386	15154	37554	71994	58133	50904	81661	42881	31799	53163	70206	59237	9474	28183	27622	14387	59236	13097	0	19063	36260	75065	48116	44815	61061	77168	41846	10531	11593	21818	11111	41946	22503	16811	26779	13324	22743	46812	53368	43211	56928	61099	44877	17026	6105	49999	4706	25449	42650	26196	32982	9201	33903	8410	17605	47039	59597	30667	39001	68338	45799	64666	51797	68691	29452	34366	64466	42169	57650	34383	48166	26317	8682	83477	60449	62107	31205	33171	50832	69657	58963	60049	72550	14465	63486	48484	19328	37046	23892	72771	28884	54926	27183	48540	36508	38026	56585	45438	38460	55191	41792	52311	66503	49284	35502	56935	11614	43296	55808	53923	61672	79662	50787	5050	49259	18512	7690	21449	44701	41753	65894	21382	43831	25723	52425	
34057	9720	6182	9487	42486	56006	40993	35794	98382	27771	14659	69884	55096	57327	17542	43455	38498	29659	75921	24807	19063	0	19945	57940	64625	26818	45338	95042	52809	27039	14081	3820	15953	26223	39011	18102	10139	14492	38249	44656	37645	42380	38931	45377	26879	26655	23817	69979	21214	19309	24652	16504	49491	24707	31747	12352	5119	32205	41600	29836	21003	50340	27801	60716	45436	85199	11454	16369	48744	26446	41928	16386	32444	8320	19295	103457	42553	78615	47713	49679	61795	65706	55013	45350	92530	29971	45488	32762	34834	52553	8164	55646	27014	39204	17491	46384	20786	54534	38133	29715	22738	40492	25477	34313	50781	36813	19779	42236	22227	25298	40178	38201	57722	95168	36087	20963	33537	24857	24198	28264	28979	26031	50172	36888	60339	24893	34428	
36109	22255	19390	35985	46141	55633	32227	15979	115578	26643	32795	87080	39353	76650	33852	60651	47904	46855	93117	42004	36260	19945	0	58645	81719	34048	25481	112136	65446	44133	32315	22251	33983	10884	56105	31355	9781	30664	55343	60783	29467	52279	40577	37199	18077	44732	40911	87073	38308	38201	23286	29218	66585	41801	56775	31281	28439	50395	32797	39734	32835	51987	42438	71717	56437	102293	29644	26107	28886	4473	33750	10157	25860	26509	36389	120551	44199	95709	64807	66773	78889	76707	66014	50416	109624	47065	38970	31048	51928	69647	16287	56352	51755	31026	22386	64559	14202	71628	21005	21537	6279	48955	6742	40324	42603	55003	17875	45977	39321	16282	41825	18343	68723	112262	46318	38057	13679	35345	41292	41822	9121	17853	30314	53982	77433	34791	25625	
24321	66664	63056	57659	99430	15254	34147	62992	156279	84715	44277	125886	81903	46786	75337	81891	94181	69633	168508	80511	75065	57940	58645	0	116135	30510	65702	145908	108384	78549	61404	56743	68339	66732	90521	82130	66526	74364	75309	31909	84716	99176	23690	75013	42415	83213	69263	109295	72748	47535	43412	73299	95230	80350	43277	67370	61915	32958	54166	86632	36759	20272	30047	23222	27563	202329	47248	41019	67521	59722	71564	51808	81109	51205	74870	158293	22838	130125	93452	94920	117370	24069	24082	13056	146616	71341	33702	89149	69804	95492	64551	3342	47851	71951	74286	35685	69451	106044	51602	76786	62126	22093	64676	22162	80416	25653	76166	14458	77802	56235	17792	65962	26253	139185	23781	70889	68928	83830	75709	87636	58961	73102	64352	73379	111849	81688	41368	
97126	64098	65315	61083	43236	113790	104062	96833	34623	61172	77728	6125	116135	101033	50410	50413	42656	49071	21271	41473	48116	64625	81719	116135	0	90496	106741	36470	21083	38259	57273	67498	56791	87626	29155	57683	72459	52020	51131	92492	99048	41617	102608	106779	90557	42107	53007	17177	45738	71129	88330	60976	22294	45475	79584	54090	63285	92719	105277	48391	84681	114018	91479	110346	97478	20574	75132	80047	110146	87849	103330	80063	78509	71997	47289	38614	106129	13991	24512	27507	22801	115337	104643	105729	28405	48408	109166	63431	49797	32527	69572	118451	68557	100606	72863	94220	82188	14378	102265	91118	84140	100871	87472	97991	112183	94964	81182	102615	43327	88976	101488	99603	107353	38945	96467	51137	94939	50942	41329	44699	90381	87433	111574	46711	5893	52713	98105	
7517	35542	31934	31590	68308	27041	17626	38395	124134	53592	15641	95636	57834	48058	43294	69207	64320	48126	101673	50560	44815	26818	34048	30510	90496	0	42044	120540	78307	52537	35506	25445	40904	42644	64509	43600	35228	39989	60516	32832	62734	67878	12626	50925	18328	52153	41827	95477	46712	21637	13415	42001	74988	50205	34309	37850	30617	26070	30508	55334	6762	24036	8903	43766	28486	110697	16089	11022	43434	35635	47476	27720	57532	19907	44793	128954	16248	104113	73211	75177	87293	48757	38063	22465	118028	55469	19184	57851	55012	78050	33253	28401	33793	47864	42989	36608	45875	80032	27515	54804	38039	21004	40589	8808	56329	23118	44868	18026	47725	32148	13874	41875	40772	120666	12784	46461	44841	50355	49696	53762	34874	51120	40694	62386	85837	50390	17281	
43138	47056	44784	60786	62545	56438	37643	12412	140380	43047	44160	111881	22069	83679	58653	85452	64308	71656	117919	66805	61061	45338	25481	65702	106741	42044	0	136994	81981	68991	57173	44464	58841	24598	80963	56213	38836	55522	80201	68140	21338	68813	41691	18469	21561	69590	65769	111931	63166	51903	35449	45859	91442	66659	81633	56139	50652	69190	18124	56269	47654	52116	49796	79074	63795	127151	51857	42016	10978	20358	15020	32370	42394	48722	61247	145409	48359	120567	89665	91631	91433	84065	73371	57773	134482	71923	35675	47583	76786	94504	42530	63181	76613	15407	38921	71916	30737	96486	15475	26332	23412	56312	30262	47681	23873	61885	34409	53334	64179	27568	49182	9418	76081	137120	53676	62915	13583	60203	66150	66680	19376	34388	14297	78840	102291	51325	24445	
140457	94515	95732	91500	82608	143562	150283	127250	18176	95399	108145	30585	146552	125470	79461	60861	75196	68923	22765	70525	77168	95042	112136	145908	36470	120540	136994	0	59807	66659	85636	95861	85155	115989	55176	86083	100822	80419	63417	121301	127411	80341	146875	135143	118920	70506	77013	27403	74137	99492	116693	88773	48819	71850	96470	82453	91649	131036	133641	87115	113044	150111	119842	129341	121848	45777	103495	108410	138510	116212	131694	108427	122209	100361	75689	13973	140874	43750	45342	43922	58886	134332	123638	134864	8090	64908	153432	102156	66935	40981	97935	144981	87612	128969	101226	115003	110552	42340	130628	119481	112503	127387	115836	140198	140547	127803	109545	134611	71726	117339	135828	127967	126348	7651	134927	73928	123302	81257	69729	77412	118745	115797	139938	65488	40993	91437	126469	
85311	48042	49391	49268	22165	106039	93820	72237	58346	40101	65660	29847	91539	93283	37413	56359	24506	42535	44994	28678	41846	52809	65446	108384	21083	78307	81981	59807	0	30530	50981	61206	43041	62158	26722	40590	59296	42765	49439	80556	73580	20534	96317	81312	79437	28545	41728	37478	39446	64837	82039	39894	30530	38994	67647	42154	56994	80783	87877	27308	78389	107727	85188	98410	85541	28689	68841	73755	84679	62381	77863	73772	57426	65706	33289	62588	99837	25658	32747	35743	11907	103400	92707	99438	52378	41927	100330	42349	46024	40448	51558	106515	62076	75138	46747	82284	52609	22614	76797	65650	58672	94580	69409	91700	86716	83028	50610	96324	31478	71134	95196	74135	95416	60457	90176	38643	69471	34955	35038	28712	64914	61966	86106	42938	20355	31630	86986	
59541	26512	27729	23497	34812	76204	66476	59247	71898	33993	40142	43400	78549	63448	9149	36527	19834	17327	49474	4476	10531	27039	44133	78549	38259	52537	68991	66659	30530	0	19740	29965	19259	50093	12482	20150	34927	14487	30891	54960	61515	38795	65076	69247	53024	11066	15475	39979	8205	33596	50798	22841	22962	13424	42051	16557	25753	55187	67745	30488	47148	76486	53946	72814	59945	58671	37599	42514	72614	50316	65798	42531	56314	34465	5956	73457	68596	52087	21185	23151	40812	77804	67111	68197	62530	16641	71633	37605	27476	26208	32039	80919	37031	63074	35331	56687	44656	28006	64733	53585	46608	63339	49940	60459	74651	57432	43649	65083	6166	51443	63955	62071	69820	63233	58934	10462	57407	15696	4168	17972	52849	49901	74042	21071	33811	29062	60573	
42510	14694	13685	4529	37533	59059	53518	47429	90912	39406	20217	62413	66731	52526	10442	35984	31007	22188	68450	17337	11593	14081	32315	61404	57273	35506	57173	85636	50981	19740	0	16856	7273	37763	31561	16905	22596	9141	30799	39975	49185	43304	47863	56917	39915	20188	12617	62529	13764	14628	33584	22013	42041	17257	27066	3672	12644	36084	54636	30760	29935	59272	37259	57829	44960	77749	24490	25301	60284	37986	53468	29421	43983	21355	11845	96007	49628	71165	40263	42230	54345	62819	52126	49228	85080	22521	54420	44302	27385	45103	19709	59525	22333	50743	23000	41703	32326	47084	52402	41255	34277	44370	37609	43245	62320	40691	31319	46114	14777	38334	44987	49740	54835	87718	39966	13514	45076	18605	16748	21307	40519	37571	61711	29439	52889	25817	47464	
32449	11133	8936	11389	43900	54398	38369	34721	101136	29184	13051	72638	56509	59229	20296	46209	39911	32413	78675	27562	21818	3820	22251	56743	67498	25445	44464	95861	61206	29965	16856	0	18733	27637	41791	19549	11553	17271	41029	39237	39059	43827	37814	46790	24775	29435	26597	72759	23994	18895	23536	17950	52270	27487	33646	15132	7899	31089	39495	31283	19887	49224	26685	59600	44320	87979	10338	15253	47925	23512	43341	14281	33857	7203	22075	106237	41436	81395	50493	52459	64575	64590	53897	44234	95310	32751	45667	34175	37614	55332	9577	54530	28913	40617	18937	48282	22199	57314	36029	31129	24151	39375	28466	33197	52194	35696	21192	41119	25007	23194	39062	37382	56606	97948	34971	23743	32718	27637	26978	31044	28160	27444	49353	39668	63119	26339	32323	
47907	16362	15557	9987	37415	65994	55390	49097	90430	41074	25615	61932	68399	53237	9569	35503	28413	15297	67969	14743	11111	15953	33983	68339	56791	40904	58841	85155	43041	19259	7273	18733	0	39429	26964	18573	24263	10808	30336	39076	50851	44973	51689	58583	42361	19656	5792	62065	9191	18454	37411	23680	37444	10291	26168	3932	15089	39303	57081	32429	33762	63099	41085	56930	44062	73152	26935	29127	61950	39652	55134	31867	45650	23801	11313	95543	53454	66569	35666	37633	53813	61921	51227	53055	84617	22057	58246	45968	21520	44639	21375	65036	21148	52410	24667	40804	33992	42487	54069	42921	35944	47442	39276	47072	63987	41548	32985	49941	14245	40780	48813	51407	53937	87254	43792	7510	46743	20274	12152	24080	42185	39237	63378	28975	48293	27485	49909	
43738	27941	25669	41671	43429	63262	39856	13156	121264	23932	38918	92766	38332	87885	39538	66337	45193	52541	98803	47690	41946	26223	10884	66732	87626	42644	24598	115989	62158	50093	37763	27637	39429	0	62294	37545	20168	36853	61533	75873	20310	45080	48699	28042	25008	50922	47101	93263	44498	45182	31408	27191	72774	47991	62965	37471	31018	58078	29506	32536	46876	60108	50560	93727	64559	108482	37327	34229	28015	9142	24593	18279	20984	34192	42579	126740	52321	101899	70997	72963	67700	98718	88024	58537	115814	53255	47091	24242	58118	75836	23862	64473	57945	21868	20253	77601	9326	77818	20133	11434	7170	66364	15424	48445	33445	62686	15741	54098	45511	16372	49946	17471	90734	118451	54440	44247	12807	41535	47482	48012	9554	7047	29442	60172	83623	27592	33747	
71512	38484	39701	35469	35509	88176	78448	71219	59509	40733	52114	34296	90521	75419	24796	23722	20531	23457	37991	15860	22503	39011	56105	90521	29155	64509	80963	55176	26722	12482	31561	41791	26964	62294	0	31942	46718	26279	24755	66751	73307	35700	76867	81038	64816	16366	27266	28532	19997	45388	62589	34633	11515	19734	53843	28349	37544	66978	79536	32998	58940	88277	65738	84605	71737	49794	49391	54306	84405	62108	77589	54322	68105	46256	21548	62010	80388	43211	9738	11704	36434	89596	78902	79988	51083	22667	83425	45597	25518	14761	43831	92710	42816	74865	47122	68479	56447	19129	76524	65377	58399	75130	61731	72250	86442	69223	55441	76874	17586	63235	75747	73862	81612	51786	70726	25396	69198	27116	15588	23272	64640	61692	85833	22432	24935	34848	72364	
50604	10597	11945	20813	21861	79785	68052	46470	91322	15520	31206	62823	65772	67029	12711	42807	16405	29011	68897	16759	16811	18102	31355	82130	57683	43600	56213	86083	40590	20150	16905	19549	18573	37545	31942	0	21931	11864	40740	54189	48520	27520	59705	56251	47653	15095	21675	59439	14170	30648	45426	3811	42422	27198	41281	15063	16669	52980	62817	14976	41777	71114	48575	72043	59175	63827	32228	37143	59618	37321	52802	37160	31206	29094	14244	92917	63327	60797	40645	42611	47045	77034	66340	66124	81990	32462	66262	18575	37326	45668	14210	76421	36261	50078	10349	55917	28126	43916	51737	40590	33612	61266	36944	55088	61655	56661	15267	63010	13579	46074	60952	49075	69050	82694	56862	23455	44411	3647	17130	10124	39853	36905	61046	39380	49721	10032	55202	
42232	12775	9585	18631	40567	64181	40447	29092	106098	21069	22834	77599	48394	72718	24371	51170	38659	37374	83637	32523	26779	10139	9781	66526	72459	35228	38836	100822	59296	34927	22596	11553	24263	20168	46718	21931	0	21183	45863	60203	30855	47202	48068	38586	26876	35252	31430	77592	28828	28446	27971	19738	57104	32320	47294	21801	14282	41343	41597	34657	30140	59478	36938	78057	54573	92812	20591	25506	41953	19656	35137	16382	25653	17457	26908	111070	51690	86229	55326	57293	69409	83047	72354	54487	100143	37584	47769	25972	42448	60166	6806	64784	42275	32413	14031	61931	13995	62147	34072	22925	15947	49629	15313	43451	43990	45950	11116	51373	29840	25295	49315	31410	75063	102781	45225	28577	26746	25865	31812	32342	22188	19240	43381	44502	67952	29714	34425	
46993	13043	11985	13049	32605	72019	53929	45778	85658	26264	27595	57160	65080	59263	7144	37716	26302	23919	63234	14467	13324	14492	30664	74364	52020	39989	55522	80419	42765	14487	9141	17271	10808	36853	26279	11864	21183	0	32322	46662	47990	38846	52362	55722	40310	16215	17889	54427	9157	23149	38083	15138	37410	18780	33753	8260	13039	46889	55031	26302	34434	63771	41232	64516	51647	73118	24885	29800	59089	36791	52272	29817	42788	21751	9325	87904	55984	66535	35632	37599	51825	69506	58813	57750	76978	24043	58919	29902	28907	46625	18514	68046	28734	49548	20717	48390	31130	42453	51207	40060	33082	52891	36414	47744	61125	49134	30124	54636	12257	38729	53508	48545	61522	89240	48487	15036	43881	14147	12118	20624	39324	36376	60516	30961	48259	21359	47859	
67520	37723	38940	34707	67595	72963	77686	70458	67750	62435	45228	56418	89760	60207	29875	1809	43248	15497	46231	33498	22743	38249	55343	75309	51131	60516	80201	63417	49439	30891	30799	41029	30336	61533	24755	40740	45863	32322	0	49130	72364	57934	75925	80096	63874	37627	21966	36723	25307	40567	61647	45193	29339	16803	36221	27406	36602	49357	78594	61160	57997	80219	62018	63203	55710	82225	48448	53363	83463	61165	76647	53380	67163	45314	29283	70201	70983	65329	27561	23458	59950	68193	57500	64973	59275	10942	82482	67481	5914	19297	42888	75089	27363	73923	46180	50858	55505	37757	75582	64434	57457	57495	60789	71308	85500	51602	54498	64719	32215	62293	65936	72920	60209	62121	64725	18881	68256	39113	24492	42050	63698	60750	84891	7525	42810	56217	71422	
26459	52063	45954	35815	74930	29564	36284	65129	113712	76775	26690	97632	84568	26594	47084	50357	65928	41380	92193	52258	46812	44656	60783	31909	92492	32832	68140	121301	80556	54960	39975	39237	39076	75873	66751	54189	60203	46662	49130	0	86471	80592	33605	94203	47181	55276	41325	81358	44811	31333	39836	59299	67292	52413	17013	39433	43924	8882	59361	68048	41525	36841	27060	16376	6313	108772	29916	31552	72288	75272	90753	50544	81269	33873	46933	131820	27605	102188	65515	66982	89433	21367	10673	21595	120144	43404	40163	81588	41867	67555	56995	31711	19914	88029	60286	9212	69611	78107	56369	78541	71563	14117	74895	26928	99606	8246	68605	21341	49865	61002	22558	87026	13383	112712	21657	42952	82362	55893	47771	59699	77805	74857	69548	45442	83912	63105	46135	
61723	39363	37091	53093	54851	74023	57841	26308	132686	35354	50340	104188	20405	99307	50960	77759	56615	63963	110225	59112	53368	37645	29467	84716	99048	62734	21338	127411	73580	61515	49185	39059	50851	20310	73307	48520	30855	47990	72364	86471	0	61029	59597	10794	38173	61807	57985	104147	55383	56066	50045	38075	83659	58875	73849	48355	41902	68963	31398	48485	57761	70023	64559	104612	91743	119367	48212	53126	16746	27779	7345	36916	24286	45077	53463	137625	66265	112783	81881	83848	83650	109602	98909	82107	126698	64139	53581	39799	69003	86721	34747	77489	68830	4621	31137	88486	22603	88702	32087	8056	24070	77249	34807	61461	16198	73570	26625	67114	56395	36533	62962	16088	101618	129336	72845	55132	20247	52420	58367	58897	30312	18322	23476	71057	94507	43542	42352	
74882	34875	36223	47212	7174	96831	80652	59070	78879	26933	55484	50381	78372	93428	33427	63329	20032	49505	65527	33372	43211	42380	52279	99176	41617	67878	68813	80341	20534	38795	43304	43827	44973	45080	35700	27520	47202	38846	57934	80592	61029	0	85982	68144	66269	28796	47977	58012	40472	56950	71479	26726	37047	45980	67583	41365	40849	79257	74710	14140	68054	97392	74853	98345	85477	42986	58506	63420	71511	49213	64695	58350	36915	55371	33332	83121	89604	46192	38666	41662	25172	103336	92642	92401	72912	48913	87162	23034	53010	47434	38390	102698	62563	61971	33579	82219	39441	43148	63630	52482	45505	87543	56242	81365	73548	82963	37442	89287	32189	57967	87230	60968	95352	80991	83139	55870	56304	27085	40042	21893	51746	48798	72939	49924	40889	18462	73818	
6972	47655	44046	43703	80421	14426	12786	44287	136247	63711	27754	107749	58119	46386	55407	81320	76432	60238	113786	62672	56928	38931	40577	23690	102608	12626	41691	146875	96317	65076	47863	37814	51689	48699	76867	59705	48068	52362	75925	33605	59597	85982	0	56727	24519	64254	53928	107578	58813	33738	25516	54103	87090	62306	42642	49951	42718	32323	30476	67435	18863	11410	18351	42207	26928	122798	28190	23123	49236	41826	53278	33912	63213	32008	56894	157658	6668	116214	85312	87278	99394	47198	36504	22429	130129	67570	10012	68402	67113	90151	45354	21491	47215	53665	59740	35049	51555	92133	33706	58891	44230	19445	46780	10814	62131	25017	55228	16467	59826	38340	12315	47676	39214	138549	17391	58562	51841	62456	61797	65863	41065	55206	40662	74487	97938	62492	23473	
52020	47095	44823	60825	62583	71153	52358	26153	140418	43085	58072	111920	11981	107038	58691	85491	64346	71695	117957	66844	61099	45377	37199	75013	106779	50925	18469	135143	81312	69247	56917	46790	58583	28042	81038	56251	38586	55722	80096	94203	10794	68144	56727	0	35300	69535	65714	111875	63111	63795	49189	45804	91387	66604	81578	56084	49631	76691	28525	56213	58561	67150	60703	89981	74702	127095	55940	60855	13873	31253	3771	43265	32015	52805	61192	145353	63393	120512	89609	91576	91378	94972	84278	68680	134427	71867	50709	47528	76731	94449	42475	74616	76558	6489	38865	96214	30331	96430	29215	15785	31799	67219	41157	58588	7771	72792	34354	64241	64124	38463	60089	20313	86988	137064	64583	62860	24478	60148	66095	66625	30271	26050	20603	78785	102236	51270	39479	
19422	35603	31995	34448	60709	38946	15539	21382	124196	41211	25303	95697	38037	59962	43355	69268	62472	55472	101735	50621	44877	26879	18077	42415	90557	18328	21561	118920	79437	53024	39915	24775	42361	25008	64816	47653	26876	40310	63874	47181	38173	66269	24519	35300	0	52442	49604	95766	47001	33824	18134	42291	75278	50494	46495	38139	30906	46018	14993	54458	27506	39196	29648	58927	43647	110986	27483	23937	27835	19197	31877	11282	40584	24835	45082	129244	31409	104402	73500	75467	87582	63917	53223	37625	118317	55758	26179	45772	60622	78340	33542	43561	45980	32265	37110	51768	28926	80321	11527	36261	21601	36165	24150	27533	40730	41737	32598	33187	48014	11379	29034	26276	55933	120955	33528	46751	21199	50644	49985	54051	15241	32577	29263	62676	86126	49514	12835	
59157	22037	23254	24096	23235	80868	66092	59847	75745	25777	40489	47247	79149	68112	10676	43022	13917	25665	53321	5272	17026	26655	44732	83213	42107	52153	69590	70506	28545	11066	20188	29435	19656	50922	16366	15095	35252	16215	37627	55276	61807	28796	64254	69535	52442	0	21759	43587	14679	33517	50347	17786	26571	20097	43541	18047	25302	56676	67295	18899	46698	76035	53496	74304	61435	54311	37149	42064	70763	48465	63946	42080	41462	34014	9182	77065	68247	51281	24793	26759	37529	79294	68600	68117	66138	25071	71183	28832	29168	29816	28038	82409	38521	61222	24324	58177	42804	31614	62881	51734	44756	64815	48088	60008	72799	58921	29241	65003	5411	50993	63876	60219	71310	66842	58855	17135	55555	11047	10453	8008	50998	48050	72190	26083	37419	18061	60123	
48831	23290	24507	15347	42416	66917	63254	56026	81346	48002	26538	58148	75328	54161	14459	27361	32607	11781	59827	18082	6105	23817	40911	69263	53007	41827	65769	77013	41728	15475	12617	26597	5792	47101	27266	21675	31430	17889	21966	41325	57985	47977	53928	65714	49604	21759	0	53880	9646	20786	39743	30586	36193	6775	28500	9276	21996	41635	63988	35606	36094	65431	43417	59263	46394	73630	33842	31459	68857	46559	62041	38774	52556	30707	13622	87358	55786	67047	34415	35883	50730	64253	53559	55387	76432	13283	60579	52875	18004	36454	28282	67368	23480	59316	31573	43136	40899	42965	60975	49828	42850	49774	46182	49404	70893	43880	39892	52273	16554	47686	51145	58313	56269	79069	46125	3994	53649	23452	10820	26389	49092	46144	70284	20790	48771	30663	56816	
102481	69452	70669	66437	59643	106950	109416	102187	31579	68230	83082	20247	121489	94193	52293	35798	48027	41754	10060	43356	49999	69979	87073	109295	17177	95477	111931	27403	37478	39979	62529	72759	62065	93263	28532	59439	77592	54427	36723	81358	104147	58012	107578	111875	95766	43587	53880	0	47655	73010	90211	62291	21416	45367	69988	55971	65167	83123	107159	65709	86562	115899	93360	100750	87882	46001	77013	81928	112028	89730	105211	81944	95727	73878	49207	33977	108010	30904	18860	17439	39715	105741	95047	107610	23050	38426	111047	67842	40453	18330	71453	108856	61130	102487	74744	84624	84069	14937	104146	92999	86021	91262	89353	99872	114064	85368	83063	98486	45244	90857	103369	101484	97757	23519	98348	47446	96820	54774	43247	50930	92263	89315	113455	39006	15938	57093	99987	
53716	20688	21905	17673	34911	70403	60651	53423	79376	28570	34318	50878	72725	57646	8487	30702	24157	16906	56952	10487	4706	21214	38308	72748	45738	46712	63166	74137	39446	8205	13764	23994	9191	44498	19997	14170	28828	9157	25307	44811	55383	40472	58813	63111	47001	14679	9646	47655	0	27597	44799	16916	30450	11350	36052	10558	19754	49188	61746	28080	41149	70487	47948	66815	53946	66158	31601	36515	66615	44317	59799	36532	50315	28466	5572	80944	62597	59574	28672	30638	48299	71805	61112	62198	70017	16613	65634	31680	21477	33695	26040	74920	31033	57075	29332	50688	38657	35493	58734	47586	40609	57340	43941	54460	68652	51433	37650	59084	8504	45445	57956	56072	63821	70721	52936	7606	51408	16667	4806	18338	46850	43902	68043	23531	41298	23137	54574	
28641	28550	20607	10468	51389	45190	38749	50670	104768	46083	6348	76269	73409	44169	24298	41795	45306	27004	82307	31636	25449	19309	38201	47535	71129	21637	51903	99492	64837	33596	14628	18895	18454	45182	45388	30648	28446	23149	40567	31333	56066	56950	33738	63795	33824	33517	20786	73010	27597	0	19563	35868	52535	31112	18677	18904	18709	22062	43655	44615	15914	45251	23237	50573	35293	88243	9643	11279	67025	39502	60209	30271	50725	13600	26404	109862	35606	81659	50757	52724	68904	55563	44870	35207	98935	28553	40398	51043	35162	58958	26445	45503	13943	57485	36855	33313	39067	57578	40578	47997	41019	30348	44456	29224	69062	26670	38060	32093	29336	39184	30965	56482	47579	101573	25944	22423	51818	32460	27243	35162	47260	44312	57606	43294	63383	39672	34193	
20419	33376	29768	29425	65918	39943	23673	35271	121969	46420	13476	93470	51925	60960	41128	67041	62154	45960	99508	48394	42650	24652	23286	43412	88330	13415	35449	116693	82039	50798	33584	23536	37411	31408	62589	45426	27971	38083	61647	39836	50045	71479	25516	49189	18134	50347	39743	90211	44799	19563	0	39869	72856	48073	32177	35718	28485	31700	27144	59694	16347	36704	20773	56434	41154	108565	13957	9619	39986	24433	44028	16519	45820	17775	42661	126823	28916	101981	71079	73045	85161	61425	50731	35133	115896	53337	31027	51009	52880	75918	31121	41069	31662	50986	42346	49276	34162	77900	24067	41497	26837	39986	29387	20677	52881	36307	37835	30694	45593	22525	26542	38303	53441	118534	24653	44329	33639	48223	47564	51630	29081	37813	41095	60254	83705	54751	17682	
