//--------------------------------------------------------------------------------------------------------------------
//-- données sur la VENDEE récupérés par le géocodeur (matrice symétrique)
//-- 
//-- C. Duhamel, P. Lacomme C. Prodhon - juillet 2009 : 3700 kg à collecter, flotte de capa 5000
//--------------------------------------------------------------------------------------------------------------------
145 4 999999 0 0 0
10 50 80 1.2
10 100 125 1.2
15 100 135 1.6
10 200 200 1.5
0   // la ville qui represente le depot
0	52195	81965	11875	25358	54467	66196	10230	71530	45833	18381	98161	39008	51204	48221	44635	25587	24265	76659	24096	77060	63991	54403	40172	38288	35710	38894	13469	21263	67017	28654	19832	84374	96804	22191	28530	46697	72030	21801	64171	46865	93605	27022	81123	49231	64698	66176	32266	68309	65714	30613	79973	31342	84456	33219	67482	12183	60192	59854	75445	18826	23463	79597	56465	72907	14022	68399	43585	23602	37914	11933	36142	21385	83451	39657	68890	74475	21993	54518	36628	51060	55208	11114	42562	92875	55669	81227	77310	62485	70463	17901	40760	67873	64941	30260	27416	66475	49681	28618	31273	87040	76053	31272	47849	76461	17282	41662	15899	30486	62028	56279	14222	59947	42762	25044	57963	31862	96706	44048	16421	78916	77429	40450	25224	82529	70766	90004	78751	39376	83748	63280	41426	47665	19262	29297	62730	52734	21694	34243	33013	37196	76085	64505	15793	56806	90188	
52195	0	70369	67113	25912	102287	57139	43655	83348	93652	45861	80124	86827	80369	96041	46822	54775	58252	43174	71916	88878	25586	52388	34884	31934	72013	79829	57986	69082	96183	46295	68605	58311	70741	62471	27929	21128	19835	56145	111990	64506	48143	58567	128942	97050	93864	91950	20963	94457	54649	43479	73024	45888	96273	81038	79300	44243	108012	89019	78506	40354	35309	76206	4270	84725	39138	71460	20431	63882	85733	48876	64542	35133	95269	64387	80708	86293	56327	21159	39059	10716	26130	58933	31886	64605	84834	78845	89128	74303	63662	39283	13215	40003	36551	28014	26213	114294	97501	68897	48356	58036	79114	68235	69703	88279	65101	59303	63759	36963	73846	88090	38367	63008	90581	65324	87128	72142	70643	91867	45835	90734	89247	54260	53098	85590	18571	63942	90569	95786	80357	66342	17044	60747	32453	34318	30359	39220	50094	82062	73293	25857	87903	93670	43051	68624	57814	
81965	70369	0	98103	72969	133277	17274	89551	51260	124642	74499	47452	117817	89394	127030	41563	106132	104147	40054	102906	46606	50316	28443	106207	51606	53962	56617	94139	100072	73382	59207	99595	20921	16064	102861	80533	88079	67347	102041	142980	93973	38648	97517	159932	128040	75421	59862	65271	66091	16904	52787	4971	60105	29748	112028	52397	75233	139002	68522	21512	86249	62935	8153	73832	51606	82418	31403	53738	104271	116723	77514	61976	78730	38907	47112	43808	57926	73492	50629	102663	74047	44936	89923	44410	14228	93859	20638	55711	40620	9213	70273	63060	30426	34808	61840	71700	145284	128491	109933	101569	15052	22548	106393	50126	58674	96091	61946	82274	55571	50634	61533	84262	28825	121571	105714	96152	112532	23267	122857	91730	46195	44213	41835	92048	29786	61222	21503	32943	104811	12304	27098	58880	37951	81727	101660	40584	30722	64259	113052	114329	82874	59536	69433	75004	45412	35231	
11875	67113	98103	0	40394	47007	81232	16343	86566	38372	43255	113197	31547	66240	40761	59671	21503	20180	91695	13560	92096	79027	69439	42549	53324	61504	64688	7366	8002	63232	43690	18383	99410	111839	18107	30907	49074	87066	17717	56711	61900	108641	26719	73663	41771	60912	81212	47302	63869	80750	45649	95009	46378	99491	21486	82518	27219	52732	58094	90481	21455	38499	94633	71501	87942	22392	83435	58620	17983	30453	21348	61937	36421	98487	54693	83926	89511	28453	69554	35559	54368	70244	6412	57598	107911	51883	96263	92346	77521	85498	32937	55796	82909	79977	45296	35690	59014	42221	14994	30970	102076	91089	36715	62885	91497	11867	56698	20408	45522	77064	71315	22496	74982	35302	21858	54177	23512	111742	36587	14650	93952	92465	55486	27601	97565	85802	105040	93787	44297	98784	78316	56462	62701	27536	31674	77766	67769	47488	26783	19390	39573	91120	60065	30829	71842	105224	
25358	25912	72969	40394	0	75542	55913	16705	60200	66907	25377	87878	60082	57221	69295	34353	31792	35269	52304	45171	65730	46554	44120	27511	19004	48865	46810	31035	42337	73034	25812	41860	74091	86521	39488	15534	30065	45868	33162	85245	44022	83323	31544	102197	70305	70715	68802	6105	71309	55432	20331	69690	22740	73125	54293	56151	17503	81267	65871	65163	17371	12161	69315	30303	61576	11545	66549	17423	40898	58988	28392	44059	6184	72121	41239	57560	63145	35844	30289	36690	24898	37771	32188	27883	82592	61686	84140	65980	51155	60180	18023	14599	49134	45682	5517	6701	87549	70756	45914	35596	76758	78966	47752	46555	65131	38356	38820	37014	15821	50698	53437	15384	55671	63836	42341	63980	49159	86424	65122	22852	67585	66099	31112	26075	83468	44604	79722	67421	58268	73466	52998	15264	49749	12942	22860	39489	42451	29610	55317	50310	22108	64754	70522	13983	45476	79906	
54467	102287	133277	47007	75542	0	115859	60968	110511	12864	77883	147824	28971	87745	19660	94299	56678	51947	126323	31716	126724	113655	104066	74024	87952	79315	102308	52326	45510	83304	78318	42870	134037	146467	47638	78193	96361	121693	47207	11006	75572	143269	61894	37103	11164	83246	92101	81930	91941	115378	80277	129636	81006	134119	32961	117145	61847	7028	86165	125109	68490	73127	129261	106129	122570	63685	118063	93248	42673	25353	61264	84567	71049	133115	89321	118554	97297	59329	104182	70734	100723	104872	45851	92226	142538	79955	130891	126974	112149	120126	67565	90424	117536	114605	79923	77079	13310	15346	39684	66145	136704	125717	58994	97513	126124	39259	69339	53692	80149	108904	95466	63886	109610	16525	44170	78898	36157	146370	26299	57628	128579	127093	90113	65797	132192	120430	139668	128415	67412	133412	112944	91089	97329	68926	73213	112393	102397	82116	20940	30653	86860	98722	88137	65457	106470	139852	
66196	57139	17274	81232	55913	115859	0	72916	44494	108007	51368	66729	101182	60637	110396	24882	89497	87512	42950	86271	39959	43687	15477	89572	37997	40996	43651	77504	83437	64774	46240	82960	29466	26422	86226	77996	73709	57082	85406	126345	65216	62173	80882	143297	111405	62455	48964	54251	58421	4200	36152	19484	43470	23101	95393	45750	58598	122367	55556	14202	69614	46300	18703	61387	44959	65784	17736	42718	87636	100088	60879	49009	62096	32261	34146	28537	50256	60525	38184	86028	61602	34671	73288	33390	22772	53670	20025	49064	27653	8549	53638	52039	27954	28582	46919	61254	128649	111856	93298	84934	23597	18498	77637	37159	52027	79456	48979	69307	40650	37667	48566	67627	15859	104936	89079	67396	95897	37644	106222	75095	39549	37566	28868	75413	25736	50958	30052	26297	76055	22854	14131	47860	24984	65092	85025	29021	19702	51293	96417	97694	68503	54266	61581	58369	32446	58756	
10230	43655	89551	16343	16705	60968	72916	0	76291	52673	24101	103969	45848	52079	55062	50444	23624	25126	82468	30937	81821	64362	60211	32103	42665	47344	50528	14330	28103	67893	29530	27626	90182	102612	23053	20461	38629	63676	22662	71012	47740	99414	22826	87964	56072	65574	67052	23912	87400	71523	36422	85781	32218	89216	40060	72242	17701	67033	60729	81253	10758	24339	85406	48111	77667	6049	82640	35231	24463	44754	17653	47777	14432	88212	57330	73651	79235	27713	48097	28559	40466	55579	13073	46938	98683	56544	100231	82071	67246	76271	16008	32406	73681	70750	29793	19347	73315	56522	29479	27465	92849	95057	36992	62646	81221	24123	42538	22781	34862	66789	57155	6153	71762	49603	25906	58838	32724	102514	50888	12435	83676	82190	47203	17156	99559	62412	95813	83512	46255	89557	69089	33072	65840	11194	21228	68538	58542	33328	41084	33875	29128	80845	65381	8010	61567	95997	
71530	83348	51260	86566	60200	110511	44494	76291	0	102997	32697	101515	88087	23449	93909	51423	92694	90709	80013	80641	15326	80751	33196	92768	61071	22575	11353	71874	77808	25805	33106	62218	87728	100158	94928	81193	87814	94146	88602	121335	25346	96959	84079	138287	109535	26871	9058	62803	18515	50352	52147	50498	34678	26090	70749	10681	44685	117357	15285	34644	72811	51877	50122	87002	17994	68980	24689	70407	96339	84514	38882	23007	65292	20215	19160	9843	10350	38133	72954	89224	81597	71735	67659	61078	96229	21373	37105	22553	23163	48258	43083	71297	71227	68295	61698	64451	123639	96281	101354	88131	70452	31930	37766	12480	16403	73827	27692	52504	59663	7401	16269	70824	27679	98177	97781	30758	104599	100060	90648	78292	25179	23233	30548	78609	36433	88021	93358	20385	39416	46498	25142	71963	25857	68288	88222	66084	62695	29073	80843	105750	79858	14359	21857	68562	15642	93542	
45833	93652	124642	38372	66907	12864	108007	52673	102997	0	69766	139707	20854	79628	11543	86182	50819	41592	118206	23600	118607	105538	95949	68165	79835	71198	94191	46467	37394	75187	70201	34753	125920	138350	37284	70077	88244	113576	41349	23040	67455	135152	56035	37800	9047	75129	83984	73813	83824	107261	72160	121519	72889	126002	24844	109028	53730	19062	78048	116992	60373	65010	121144	98012	114453	55568	109946	85131	33714	17455	53147	76450	62932	124998	81204	110437	89180	51212	96065	64876	92607	96755	37734	84109	134422	71838	122774	118857	104032	112009	59448	82307	109420	106488	71807	68962	25344	14565	33433	60286	128587	117600	50877	89396	118008	31142	61222	45575	72032	100787	87349	55769	101493	8408	33815	70781	25802	138253	15944	51770	120462	118976	81997	59938	124075	112313	131551	120298	59295	125295	104827	82972	89212	60809	67354	104277	94280	73999	12823	25080	78743	90606	80020	57340	98353	131735	
18381	45861	74499	43255	25377	77883	51368	24101	32697	69766	0	89735	45206	24198	57300	36209	44557	48034	68233	37858	76562	56791	45977	51327	31088	19463	22647	29811	35024	40012	6711	29199	75948	88377	38533	39751	57919	65946	38143	77933	19859	85179	42637	94885	62993	37693	39171	26183	41303	57288	22187	71547	12167	55102	37730	39637	12548	73954	32848	54277	30136	15037	71171	50381	72409	25494	46684	37501	39944	51675	6678	19895	21563	49227	18898	38006	39069	10703	47318	47782	44976	48008	24875	35362	84449	28663	60059	76812	35452	62036	10946	34677	59447	56515	23059	28209	80236	63443	44960	46689	78614	54885	19983	25578	46489	26179	14656	19485	23285	32393	29273	28149	35185	56524	41386	30957	48204	88280	57809	35617	78418	76931	22854	37168	61361	64682	81578	49397	29245	75322	45023	35342	30310	26846	46780	54304	44307	5447	48005	49356	48418	43078	37499	20603	29328	81762	
98161	80124	47452	113197	87878	147824	66729	103969	101515	139707	89735	0	132264	98777	166792	59432	120580	118595	41843	117353	107587	54162	60890	120654	69079	86166	93982	108586	114520	114590	91686	114043	19499	25044	117308	109079	97725	79173	116488	157428	103356	36046	111964	174380	142488	112271	99295	90689	113167	63150	67235	40297	74553	67454	126476	98009	89681	153449	107427	59218	100697	77383	42004	83477	103434	96866	82751	70738	118719	131170	91962	94179	93178	113978	78540	91455	105002	116143	60274	117110	83692	56762	104371	69087	29228	103242	56990	107837	79526	50988	84721	79051	34484	38866	78002	92337	159731	142938	124381	116016	24654	60254	115776	83856	106988	110539	114926	108196	71733	87998	106497	98710	74298	136019	120162	105536	126980	18846	137305	106178	109443	107956	68688	106495	61490	73048	20601	109278	114194	46155	77632	74872	70794	96174	116107	51111	47722	93180	127500	128777	92519	106612	112078	89452	82777	23926	
39008	86827	117817	31547	60082	28971	101182	45848	88087	20854	45206	132264	0	64721	11707	79453	42864	41542	111477	16871	115936	98810	89221	74990	73107	57395	79284	41296	30665	60280	50619	21811	119192	131622	33784	63348	81516	106848	33394	39134	57285	128423	48080	56086	27333	60221	69076	67085	68917	100532	65432	114791	66161	123332	8386	106358	47002	35155	63141	110263	53645	58281	114416	91283	111783	48840	103217	78403	28860	23054	46419	61543	56204	122327	74475	107766	74273	37409	89337	56921	85878	90027	31006	77380	127693	56930	116045	116186	101044	105281	52720	75579	102691	99759	65078	62234	41437	32851	25870	52331	121858	110871	37074	63510	81318	24414	47419	32260	65304	85880	72441	49041	94765	11501	32734	55874	29797	131524	29188	43815	117792	116305	75268	60043	117347	105584	124822	117627	44388	118567	98099	76244	82483	54081	64115	97548	87552	47034	12209	24888	72015	75698	65113	50612	95366	125006	
51204	80369	89394	66240	57221	87745	60637	52079	23449	79628	24198	98777	64721	0	71091	48722	67296	70773	77312	49369	53545	78049	48686	74066	58370	19644	14225	62477	49924	14615	28861	35551	85026	97456	71199	62491	85425	91444	70809	98518	5555	94258	65376	115470	86717	12296	14688	60414	17208	69073	49757	73259	34906	60941	44082	29034	35287	94539	8753	61641	52875	37776	72884	84612	49392	48234	54048	67705	72610	57847	30321	11174	44302	59936	28738	45375	22564	18342	70253	70522	79207	69033	58261	58377	93527	3266	71956	53795	38653	63749	33685	68908	68525	65593	59308	62061	100821	69614	56132	69428	87693	66781	17975	22966	29609	43439	17125	32713	46025	21790	8352	50888	43170	75359	74052	7940	80870	97358	63981	58356	55401	53914	36173	59907	71284	85320	90657	55236	16598	81349	53008	69573	37248	49586	69519	63382	59993	21905	54176	60528	77469	23989	13404	43343	32975	90841	
48221	96041	127030	40761	69295	19660	110396	55062	93909	11543	57300	166792	11707	71091	0	88667	53378	47139	145505	26085	121739	108023	98435	84204	82321	68577	85087	50509	39879	66083	61800	31025	153220	165650	44297	72562	90730	116062	43907	29505	63088	162452	58594	46457	17704	66024	74879	76298	74720	109746	74646	124005	75374	129135	17600	112161	56216	25526	68944	129835	62858	67495	123629	100497	117586	58054	122242	87617	39373	22499	55633	67346	65417	128130	96932	113569	80076	48591	98551	67434	95092	99240	40220	86594	161721	62733	140149	121989	106847	114495	61933	84792	136719	133787	74292	71448	31808	23222	36384	62845	155886	134975	48255	74692	87121	33627	58601	43442	74518	91683	78244	58254	111364	8095	39361	61677	34459	165552	24601	54328	123595	122108	84482	62497	139478	114798	158850	123430	50191	127780	107313	85458	105442	63294	73329	131576	96766	58215	17640	27353	81228	81501	70916	59825	101169	159034	
44635	46822	41563	59671	34353	94299	24882	50444	51423	86182	36209	59432	79453	48722	88667	0	67779	65794	37927	64552	56774	38664	13215	67853	14913	35352	43169	55785	61718	63777	29179	61241	45641	58071	64507	56278	55267	52059	63687	104627	52542	54873	59163	121579	89687	61458	48482	37888	62353	22746	14433	38785	21751	38134	73675	47195	36880	100648	56614	34257	47896	24581	38410	50027	52620	44065	27211	24276	65918	78369	39161	43366	40377	63165	27727	40641	54189	46612	26824	64309	43897	29648	51569	14948	44139	52428	40040	57024	23987	29275	31920	33598	29141	26209	23836	39535	106930	90137	71580	63215	37570	34865	64963	33042	56175	57738	64113	55394	17566	37185	55684	45909	18759	83218	67360	54722	74178	57974	84503	53377	58630	57143	14357	53694	41341	45935	51272	41329	63380	42561	22093	29418	15255	43373	63306	23997	11260	40379	74699	75976	54943	55798	61265	36651	31964	51456	
25587	54775	106132	21503	31792	56678	89497	23624	92694	50819	44557	120580	42864	67296	53378	67779	0	8391	99007	32036	98361	87888	76751	22744	59205	81496	72060	15087	24005	89425	51061	40342	106722	119152	15952	27536	46897	87201	9626	67739	69272	115954	8229	81850	47222	87106	101433	47438	103940	88063	52962	102321	53749	105756	39402	88782	35794	63761	82261	97793	16095	45870	101946	71637	94207	22957	99180	58756	17362	33712	35677	69308	35963	104751	73870	90190	95775	45737	71623	17019	52190	79105	28438	63478	115223	78076	116771	98610	83785	92811	43273	55932	90221	87289	46333	30498	70043	44902	22378	11044	109388	111596	58674	79186	97761	33624	64069	39550	51402	83328	78686	18211	88302	46330	16507	80370	25623	119054	36237	11427	100216	98729	63743	14517	116099	85938	112352	100051	66256	106097	85629	56597	82380	22345	21933	85078	75082	54860	37811	26774	30582	97385	86912	27994	78107	112536	
24265	58252	104147	20180	35269	51947	87512	25126	90709	41592	48034	118595	41542	70773	47139	65794	8391	0	97120	30651	96474	79015	74864	25272	57318	65902	69086	13702	22620	86451	48088	38957	104835	117265	7946	29049	47216	78329	8241	60189	66298	114067	12223	72596	37968	84132	99546	38565	102053	86176	51075	100434	50776	103869	38018	86895	34409	56211	79287	95906	19597	42896	100059	62764	92320	26458	97293	49883	12384	26759	34292	66335	32990	102864	71983	88304	93888	44352	62750	20633	52510	70232	27053	61591	113336	75102	114884	96723	81898	90924	40127	47059	88334	85402	44446	34000	62493	35649	20993	14659	107501	109710	57289	77299	95874	32240	61096	38165	49515	81441	75713	21712	86415	39227	8745	77396	16369	117167	26984	12723	98329	96842	61856	20892	114212	77065	110466	98164	64871	104210	83742	47725	80493	25846	23936	83191	73195	51886	32982	23944	33110	95498	83939	31496	76220	110650	
76659	43174	40054	91695	52304	126323	42950	82468	80013	118206	68233	41843	111477	77312	145505	37927	99007	97120	0	96130	86364	12319	38173	65215	35242	64942	72758	87363	93296	93367	70462	92819	26860	39290	96085	61301	61393	32183	95265	136204	82132	18057	90741	153157	121264	91048	78072	46040	91943	40433	46011	43355	53329	68132	105253	76785	68458	132226	86204	59896	79474	56159	46537	40375	82210	75643	56427	37374	97496	109947	70739	72956	61389	92755	57317	70231	83779	94920	23943	69390	47360	18250	83147	28045	34935	82018	59021	86614	53203	44803	63498	42719	12060	12002	45475	52469	138508	121715	103158	94793	28366	60932	94553	62632	85765	89315	93703	86972	39206	66775	85274	77487	47975	114796	98938	84312	105756	39192	116081	84955	88220	86733	47464	85272	68170	26059	32490	88055	92970	50688	51309	38540	49571	58709	64649	13898	25004	71957	106276	107554	56188	85388	90855	68229	61554	14640	
24096	71916	102906	13560	45171	31716	86271	30937	80641	23600	37858	117353	16871	49369	26085	64552	32036	30651	96130	0	97081	84012	74424	60193	58309	66489	69673	22929	12298	58573	48675	16534	104395	116824	22453	48551	66718	92051	22063	41769	48634	113626	36749	58722	26829	56254	59370	52287	59211	85735	50634	99994	51363	104476	10818	87502	32204	37791	53435	95466	38847	43484	99618	76486	92927	34042	88420	63605	17528	15512	31622	66922	41406	103472	59678	88911	64567	32392	74539	45590	71081	75229	16208	62583	112896	47224	101248	97331	82506	90483	37922	60781	87894	84962	50281	47436	44073	27280	14539	41000	107061	96074	32056	67870	96482	9616	42402	24049	50507	82049	58049	34243	79967	20361	21403	49518	18133	116727	21646	32484	98937	97450	60471	40652	102550	90787	110025	98772	39638	103769	83301	61447	67686	39283	49318	82751	72754	52473	11841	9085	57217	65992	55407	35814	76827	110209	
77060	88878	46606	92096	65730	126724	39959	81821	15326	118607	76562	107587	115936	53545	121739	56774	98361	96474	86364	97081	0	87199	37483	99217	67520	29025	26012	89530	95463	31008	51034	89820	94177	62901	101377	87642	94263	100595	95051	138371	60028	103408	90527	155324	123431	32074	23717	69252	23718	43881	58595	44860	49453	20452	117308	8262	70625	134393	30371	29006	79260	58326	44484	93451	8674	75429	21384	76855	102787	112114	72906	37666	71741	10348	37888	8764	15553	72816	79403	95673	88045	78184	85314	67527	59469	31834	31467	12778	20129	40151	65664	77746	77676	74744	68146	70899	140675	123882	107803	94579	60293	26292	72449	23402	15742	91482	42351	87187	66112	22061	30928	77273	26779	116963	104230	62208	111048	106509	118248	84741	9337	5423	45323	85058	27232	94470	99807	17081	70867	40860	33518	78411	30144	74737	94670	72533	69143	43732	108443	112199	86307	17163	27060	75010	17537	99991	
63991	25586	50316	79027	46554	113655	43687	64362	80751	105538	56791	54162	98810	78049	108023	38664	87888	79015	12319	84012	87199	0	39547	60296	30323	66316	74133	75622	81555	94741	71836	81078	38602	51032	83808	56383	56475	21936	77483	124463	83506	24630	79905	141416	109523	92422	79446	41121	93317	41807	47385	53315	54703	68724	93511	78160	56717	120485	87578	57619	61692	45185	56497	30129	83584	60475	57802	32455	85219	98206	62962	74330	56471	94129	58691	71605	85153	96294	15550	64472	31889	10907	71406	23127	44895	83392	68981	87988	54577	50820	51756	37801	19856	21465	40557	47550	126767	109974	91416	73768	38326	65456	95927	64006	87139	77574	95077	76232	34288	68149	86648	59704	49349	103054	86662	85686	93479	50934	104340	67172	89594	88107	47140	74436	71931	15812	44232	89429	94345	60648	52683	33622	50945	53791	59731	15272	26378	64180	94535	95812	51269	86762	92229	55090	62928	26960	
54403	52388	28443	69439	44120	104066	15477	60211	33196	95949	45977	60890	89221	48686	98435	13215	76751	74864	38173	74424	37483	39547	0	78192	26617	30218	32873	66124	72057	53996	35463	71580	39494	51923	74846	66616	66943	52022	74025	114965	54439	57112	69502	131917	100025	51677	38186	48226	47643	18283	24772	29311	32090	28510	84013	39810	47218	110986	44778	24633	58234	34920	28936	56326	42516	54403	17587	35952	76256	88708	49499	38232	50715	36570	23368	30346	39479	49748	33123	74647	55573	29611	61908	26624	44952	42893	30416	46621	16876	19801	42258	45274	29388	26730	35539	49874	117269	100475	81918	73554	38383	25241	66860	26382	46662	68076	38202	58530	29270	26890	37789	56247	9223	93556	77699	56619	84517	51826	94842	63715	43858	41080	18055	64033	31717	45897	45124	31705	65277	33087	12469	41094	14207	53711	73645	23960	14641	40515	85037	86314	65281	43488	50803	46989	21668	53695	
40172	34884	106207	42549	27511	74024	89572	32103	92768	68165	51327	120654	74990	74066	84204	67853	22744	25272	65215	60193	99217	60296	78192	0	44346	81915	72479	39848	41468	89844	51481	56268	107142	119571	33415	13030	20570	55017	27089	99653	69691	116373	14245	99313	64685	87525	101852	27085	104359	88482	53381	102741	54169	106175	68701	89202	43172	95675	82681	98213	22784	46290	102365	39452	94626	31023	99600	38403	34825	51175	54061	69728	36383	105171	74289	90610	96195	61512	43208	6764	25864	50689	46596	48863	115643	78495	117190	99030	84205	93230	43692	25825	62052	58600	30859	20886	101957	62365	39841	10028	80084	112016	73421	79605	98181	52764	64489	51422	51821	83748	79106	30252	88721	78244	36268	80789	43086	119474	53700	28047	100636	99149	64162	16092	116518	53753	112772	100471	83937	106516	86048	31213	82799	28172	8008	52407	75501	55279	69725	44237	11650	97804	87332	39652	78526	112956	
38288	31934	51606	53324	19004	87952	37997	42665	61071	79835	31088	69079	73107	58370	82321	14913	59205	57318	35242	58309	67520	30323	26617	44346	0	45753	53570	49144	55078	74178	28641	54601	56042	68472	57867	32558	42280	43150	54397	97986	62943	65274	49873	114938	83046	71859	58883	21179	72754	38055	14183	53800	21213	50990	67034	57597	30239	94007	67015	47114	38606	18707	54221	36123	63021	32334	40068	11289	59277	71729	36484	53767	24305	73566	38128	51043	64590	43936	20049	55019	30910	20739	44929	8092	54186	62830	52896	67425	36843	42131	25279	20610	32101	28649	14079	23726	100289	83496	64939	53926	47617	47722	55844	43443	66576	51097	46912	49755	7810	47586	66085	36619	31615	76577	60720	65123	67538	68375	77863	44087	69031	67544	19573	44404	54197	37025	61673	68866	73782	58372	34949	16431	28864	34083	39884	22457	20903	37703	68058	69335	37074	66199	71666	28612	42365	61857	
35710	72013	53962	61504	48865	79315	40996	47344	22575	71198	19463	86166	57395	19644	68577	35352	81496	65902	64942	66489	29025	66316	30218	81915	45753	0	11004	57120	63054	31155	12705	45152	72641	85071	65842	57134	75302	79059	65452	105962	13885	81872	60020	122914	91022	28836	20669	51308	35591	47546	22531	54962	18917	41355	53683	27995	29931	101983	21937	43964	47519	32420	54586	75506	41878	42877	36371	55320	67253	79704	24128	8253	38946	35480	7783	24259	27426	26656	57867	65165	70101	56648	52905	45991	81142	20051	49746	46281	25139	45452	28328	59802	56140	53208	50202	45592	108265	91472	72915	64072	75307	44572	26041	6854	34847	59073	12938	35438	40668	11519	18062	45532	24873	84553	68696	26611	75514	84973	85839	53000	47887	46400	16050	54551	51048	72934	78271	35651	29922	58737	34710	60467	19997	44229	64163	50997	47608	14319	76034	77311	65801	31436	27961	37986	15582	78455	
38894	79829	56617	64688	46810	102308	43651	50528	11353	94191	22647	93982	79284	14225	85087	43169	72060	69086	72758	69673	26012	74133	32873	72479	53570	11004	0	60521	66454	23265	24110	48553	77250	89680	69243	71027	77649	83668	78437	112124	16134	86481	73913	129076	94423	20946	9665	52637	24587	49625	41981	57041	32950	36723	57083	16991	33331	108146	14047	45423	62645	35820	56665	76836	24303	46278	37830	59929	70654	83105	27528	11654	42347	30848	18265	20476	16422	28921	62476	79059	71431	61257	56305	50600	85751	12162	47738	28862	22435	47531	31729	61131	60749	57817	51532	54285	114428	94873	76316	77965	79916	42564	28555	9069	23843	62473	16338	38839	44069	9747	7058	60658	26952	87954	72096	21546	78914	89582	89239	68126	31488	29542	26532	68444	47066	77543	82880	31019	30205	57132	36789	61797	25130	58123	78056	55606	52217	17720	79434	80712	69692	20431	20072	41387	14914	83064	
13469	57986	94139	7366	31035	52326	77504	14330	71874	46467	29811	108586	41296	62477	50509	55785	15087	13702	87363	22929	89530	75622	66124	39848	49144	57120	60521	0	11416	78171	39807	27752	95527	107957	11683	28101	46269	77675	11293	61151	58018	104758	20295	77581	42953	75852	77330	37912	79462	76867	41767	91126	42495	95609	30855	78635	23337	57172	71007	86598	18649	34616	90751	62111	84060	20049	79552	49230	13094	27124	23220	47429	28431	94604	50810	80043	85628	33280	65672	29135	51562	66362	11757	53715	104028	66822	92380	88463	73638	81616	29055	46406	79026	76094	41413	33346	63454	40634	15790	24546	98193	87206	42559	59002	87614	21035	52815	27093	41639	73181	67432	20153	71100	39742	14536	69116	21354	107859	31969	11844	90069	88582	51603	24198	93682	76412	101157	89904	51822	94902	74434	47071	58818	25193	31614	73883	63887	32981	31223	20186	36768	87238	75658	22010	67960	101341	
21263	69082	100072	8002	42337	45510	83437	28103	77808	37394	35024	114520	30665	49924	39879	61718	24005	22620	93296	12298	95463	81555	72057	41468	55078	63054	66454	11416	0	61970	45659	17121	101379	113809	14906	41262	59430	89035	14516	55449	63870	110610	29202	66727	32099	59651	62767	49271	62608	82719	47619	96978	48347	101461	20225	84487	29189	51471	56832	92450	31810	40468	96602	73470	89912	31027	85404	60590	9982	18326	28606	63906	38390	100456	56662	85895	91480	35789	71524	38043	64723	72213	13155	59567	109880	50621	98232	94315	79490	87468	34906	57765	84878	81946	47265	44421	57753	30094	6992	33453	104045	93058	35453	64854	93466	10404	45799	22377	47491	79033	73284	31227	76952	34040	13856	52915	15510	113711	24460	24937	95921	94434	57455	33106	99534	87771	107009	95756	43035	100753	80285	58431	64670	36267	40521	79735	69739	49458	25521	11388	49929	93090	58804	32798	73812	107193	
67017	96183	73382	63232	73034	83304	64774	67893	25805	75187	40012	114590	60280	14615	66083	63777	89425	86451	93367	58573	31008	94741	53996	89844	74178	31155	23265	78171	61970	0	44569	47631	100734	113164	86907	78198	101133	107152	86516	99524	21262	109965	81084	116476	87723	4062	19714	76121	8663	70884	65465	71313	50614	46905	56162	22111	50995	95545	13941	55459	68583	53484	70937	100320	29423	63941	45504	83413	71201	69927	46028	22907	60010	38339	44445	31339	16015	34050	85960	86229	94915	84741	73969	74084	109235	11520	57919	29841	43694	68790	49393	84615	84233	81301	75016	77769	101827	81695	68212	85136	103400	52745	29376	31895	23060	55520	32833	42573	61732	27933	16872	66596	48211	76365	89760	9624	76730	113066	76061	74064	36608	34662	51881	75615	57248	101027	106364	41200	28678	67313	46639	85281	46389	65293	85227	79090	75701	37613	66256	72608	93176	17440	8851	59050	36173	106548	
28654	46295	59207	43690	25812	78318	46240	29530	33106	70201	6711	91686	50619	28861	61800	29179	51061	48088	70462	48675	51034	71836	35463	51481	28641	12705	24110	39807	45659	44569	0	34379	77841	90271	48666	39958	58125	65984	48276	88785	24841	87072	42843	105737	73845	42675	32898	26221	46286	52746	15167	60162	7764	49989	42910	41653	14283	84807	37831	49164	30342	13974	59786	50419	47078	25701	41571	37539	50077	62528	13041	20481	21769	44114	13785	32893	38624	15883	46605	47989	45014	61848	35728	34649	86342	33645	54946	51481	30339	50652	11080	34715	61340	58408	22303	28415	91089	74296	55738	46895	80507	49772	25162	21991	50632	41896	14604	24665	22529	26035	34256	28355	30072	67376	51519	35939	58337	90173	68662	35823	53087	51600	17741	37374	56248	78134	83471	44284	34425	63937	39910	35380	25197	27053	46986	56197	37639	6910	58857	60134	48624	42633	42482	18453	24215	83655	
19832	68605	99595	18383	41860	42870	82960	27626	62218	34753	29199	114043	21811	35551	31025	61241	40342	38957	92819	16534	89820	81078	71580	56268	54601	45152	48553	27752	17121	47631	34379	0	105820	118250	31227	49976	68144	93476	30837	56626	37643	115052	45524	73578	41686	45263	48379	53713	48220	87161	52060	101419	35253	95533	13425	78560	33630	52647	42444	96892	40273	44910	101044	77912	83984	35468	89846	65031	26303	30368	20054	40251	42832	94529	46796	79968	53576	21401	75965	54364	72506	76655	17634	64009	114321	36233	102674	88388	63351	91909	39348	62207	89320	86388	51706	48862	58929	42136	23314	49775	108487	97500	21065	47502	60621	10622	31410	12556	51932	60496	47057	35669	81393	35217	30178	38527	31832	118153	36502	41258	89994	88507	61896	46671	103975	92213	111451	89829	28647	105195	84727	62872	58209	40709	50743	84176	74180	31025	26698	27710	58643	55001	44416	37240	67567	111635	
84374	58311	20921	99410	74091	134037	29466	90182	87728	125920	75948	19499	119192	85026	153220	45641	106722	104835	26860	104395	94177	38602	39494	107142	56042	72641	77250	95527	101379	100734	77841	105820	0	14004	102443	94214	82860	64308	101623	142563	88491	19323	97099	159515	127623	97406	84430	75824	98301	34977	52370	24560	59687	49337	111611	83144	74816	138584	92562	41101	85832	62518	27742	68612	88569	82001	58724	55873	103854	116305	77097	79314	78313	99113	63675	76590	90137	101278	45409	102245	68827	41897	89505	54222	11384	88377	40227	92972	55499	26008	69856	64186	18945	23327	63137	77472	144866	128073	109516	101151	6053	42138	100911	68991	92123	95674	100061	93331	56868	73133	91632	83845	50272	121154	105296	90670	112114	13906	122440	91313	94578	93091	53823	91630	49375	58183	7204	52533	99329	31893	53606	60006	55929	81309	101242	36246	32856	78315	112635	113912	77654	91747	97213	74587	67912	15906	
96804	70741	16064	111839	86521	146467	26422	102612	100158	138350	88377	25044	131622	97456	165650	58071	119152	117265	39290	116824	62901	51032	51923	119571	68472	85071	89680	107957	113809	113164	90271	118250	14004	0	116667	108437	87342	66609	115847	156786	102714	33547	111323	173738	141846	111630	98654	90047	112525	26052	66593	18769	73911	45926	125834	97367	89039	152808	106785	37690	100055	76741	20476	73094	102792	96224	47581	63673	118077	130529	91320	93538	92536	55085	77898	59986	104360	115501	49891	116469	73309	44198	103729	54345	6592	102600	35462	107195	59431	29460	84079	68668	29688	34070	77360	91695	159090	142297	123739	115375	14314	38726	115135	83214	106346	109897	114284	107554	71091	87357	105856	98068	47636	135377	119520	104894	126338	7610	136663	105536	62373	60391	68046	105854	39962	60485	7114	49121	113552	24627	49713	64489	70153	95533	115466	50469	40657	92539	126858	128135	82136	105970	111436	88810	82135	30130	
22191	62471	102861	18107	39488	47638	86226	23053	94928	37284	38533	117308	33784	71199	44297	64507	15952	7946	96085	22453	101377	83808	74846	33415	57867	65842	69243	11683	14906	86907	48666	31227	102443	116667	0	33406	51574	82686	6659	55972	67166	113906	21346	68379	33751	85000	86478	42923	88610	86015	50915	100274	51644	108226	30357	91252	32485	51993	80155	95746	23954	43764	99899	67121	96677	29197	88700	54241	5571	22542	32368	56578	37347	107222	59958	92661	98246	42428	67107	30186	56867	74589	25129	62863	113176	75970	101528	101081	86256	90764	38203	51417	88174	85242	48803	38357	58275	31431	13333	25597	107341	96354	49629	81656	100232	24579	61963	36241	50787	85799	76580	26070	80248	35009	5333	78264	12151	117007	22766	17081	102687	101200	60751	25249	118569	81422	110305	102522	57211	104050	83582	52082	67966	30204	32665	83031	73035	42129	28766	17729	42072	99855	84806	31158	80577	110489	
28530	27929	80533	30907	15534	78193	77996	20461	81193	70077	39751	109079	63348	62491	72562	56278	27536	29049	61301	48551	87642	56383	66616	13030	32558	57134	71027	28101	41262	78198	39958	49976	94214	108437	33406	0	19918	48200	26970	88265	58414	105096	18932	99194	64566	76248	90575	15032	93082	77205	42104	91463	42892	94898	57314	77924	31895	84287	71403	86936	11538	25662	91088	32636	83349	19746	88322	26350	34706	51056	42784	58451	17636	93894	63012	79333	84918	50235	39216	16508	25212	46698	35208	36810	104366	67218	105913	87753	72928	81953	32415	17671	58061	54609	18806	8833	90569	62246	39722	17727	98531	100739	62144	68328	86904	41376	53212	40034	29109	72471	67829	15558	77444	66857	36149	69512	42966	108197	53581	16659	89358	87872	52885	15637	105241	46937	101495	89194	72659	95239	74771	24191	71522	16986	8303	48416	49620	44002	58337	44118	10417	86527	76054	28375	67249	101679	
46697	21128	88079	49074	30065	96361	73709	38629	87814	88244	57919	97725	81516	85425	90730	55267	46897	47216	61393	66718	94263	56475	66943	20570	42280	75302	77649	46269	59430	101133	58125	68144	82860	87342	51574	19918	0	36864	44850	106146	76295	70459	36813	117075	82447	94129	97644	30372	100151	67854	49173	86229	60772	101967	75194	84993	49776	102168	89284	82916	29418	41002	89411	21921	90418	37627	75870	25756	52587	68937	60665	76331	32975	100962	70081	86401	91986	68116	34364	24618	11748	41846	53089	36216	77810	85099	88698	94821	79996	76867	50296	16982	53208	49756	34146	25036	108450	80127	57603	33914	71241	83524	80024	75396	93972	59257	71092	57915	44449	79539	85709	33438	67417	84737	54029	87393	60847	83848	71462	34540	96427	94940	59954	36198	112310	35600	77147	96262	90540	93562	70751	22369	65156	32326	19876	43564	49026	61883	76218	61998	11415	93596	93935	46256	74318	71019	
72030	19835	67347	87066	45868	121693	57082	63676	94146	113576	65946	79173	106848	91444	116062	52059	87201	78329	32183	92051	100595	21936	52022	55017	43150	79059	83668	77675	89035	107152	65984	93476	64308	66609	82686	48200	36864	0	75926	131771	96435	44589	78349	148724	116832	105351	92374	40745	106246	54736	63261	70866	65669	81652	100820	91088	64025	127793	100506	70547	60135	55090	74048	16567	96513	58919	70730	34429	83663	105514	68657	87258	54914	107057	71619	84534	98081	76109	25346	58841	27471	22575	78714	32557	62447	96321	78932	100916	67505	63749	59065	32997	37845	34393	47795	45994	134075	117282	88679	68137	55878	78384	88017	76935	100067	84882	79085	83541	43718	81078	99577	58148	62278	110363	85105	98615	91923	68485	111648	65616	102522	101035	56570	72880	84860	7330	61784	102357	107273	78199	65612	36825	63874	52235	54100	28201	39307	69875	101843	93074	45638	99691	105157	62832	75856	46918	
21801	56145	102041	17717	33162	47207	85406	22662	88602	41349	38143	116488	33394	70809	43907	63687	9626	8241	95265	22063	95051	77483	74025	27089	54397	65452	78437	11293	14516	86516	48276	30837	101623	115847	6659	26970	44850	75926	0	58329	64105	111873	14796	72440	37812	81939	97353	36372	99860	83982	48882	98241	48583	101676	29992	84702	28577	54351	77094	93713	17404	40703	97866	60571	90127	24265	95100	47690	7952	24302	28460	52669	30796	100671	69790	86110	91695	38519	60557	23636	50317	68039	21221	59398	111143	72909	112690	94530	79705	88731	34294	44866	86141	83209	42252	31807	60633	35492	12968	19047	105308	107516	49264	75105	93681	24214	58902	32333	47322	79248	73519	19519	84222	36920	9395	75203	16213	114974	26827	10530	96136	94649	59663	18699	112019	74872	108272	95971	56846	102017	81549	45531	78300	23653	26115	80998	71002	38221	28401	17364	35522	93305	81745	29302	74027	108456	
64171	111990	142980	56711	85245	11006	126345	71012	121335	23040	77933	157428	39134	98518	29505	104627	67739	60189	136204	41769	138371	124463	114965	99653	97986	105962	112124	61151	55449	99524	88785	56626	142563	156786	55972	88265	106146	131771	58329	0	85679	153376	72001	47211	21271	93353	102208	92037	102049	125485	90385	139744	91113	144227	43068	127253	71955	4053	96273	135216	78597	83234	139368	116236	132678	73793	128170	103356	52781	35460	71372	94675	81156	143222	99428	128661	107405	69437	114290	80842	110831	114979	55959	102333	152646	90062	140998	137081	122256	130234	77672	100531	127644	124712	90031	87187	4483	25454	49791	76252	146811	135824	69101	107620	136232	49366	79446	63799	90257	119011	105573	73993	119718	28292	54277	89006	46264	156477	36406	67736	138687	137200	100221	75905	142300	130537	149775	138522	77520	143519	123052	101197	107436	79033	83320	122501	112505	92224	31048	40761	96967	108830	98245	75564	116578	149959	
46865	64506	93973	61900	44022	75572	65216	47740	25346	67455	19859	103356	57285	5555	63088	52542	69272	66298	82132	48634	60028	83506	54439	69691	62943	13885	16134	58018	63870	21262	24841	37643	88491	102714	67166	58414	76295	96435	64105	85679	0	99044	60956	103512	71620	19462	20940	44502	23073	73860	40507	78046	30486	65728	46538	31725	30867	82582	14618	66428	48455	33356	77670	68701	54179	43814	58835	72492	68190	60303	25901	5619	39882	64723	21133	50162	31157	13922	75039	66102	63295	73820	53841	63163	98314	10433	76742	58582	43440	68536	29265	52996	73312	70380	41379	46528	88864	72071	58588	65008	92479	71568	13555	20204	38578	38920	12705	28293	41605	24481	11043	46468	47957	65151	69632	12726	76450	102145	66437	53936	60188	58701	40960	55487	76070	90106	95443	60023	17708	86136	57794	53661	42035	45166	65099	68169	64779	17485	56632	62984	66737	29854	19269	38923	37762	95627	
93605	48143	38648	108641	83323	143269	62173	99414	96959	135152	85179	36046	128423	94258	162452	54873	115954	114067	18057	113626	103408	24630	57112	116373	65274	81872	86481	104758	110610	109965	87072	115052	19323	33547	113906	105096	70459	44589	111873	153376	99044	0	108383	170799	138907	108690	95714	60131	109586	47417	63654	47412	70972	72189	122895	94428	86100	149868	103846	63953	97116	73802	50594	52697	99853	93285	79170	51465	115138	127589	88381	90598	89597	110397	74959	87874	101421	112562	38034	113529	61452	32341	100790	42137	29681	99661	63079	104256	75945	48860	81140	56811	21721	26094	74421	66560	156150	139357	120800	112436	23846	64989	112195	80275	103407	106958	111345	104615	68152	84417	102916	95129	70717	132438	116581	101955	123399	33512	133724	102597	105862	104375	65107	102914	72227	38380	26810	105697	110613	54745	74051	52632	67213	92593	112526	27990	44141	89599	123919	125196	70279	103031	108497	85871	79196	6417	
27022	58567	97517	26719	31544	61894	80882	22826	84079	56035	42637	111964	48080	65376	58594	59163	8229	12223	90741	36749	90527	79905	69502	14245	49873	60020	73913	20295	29202	81084	42843	45524	97099	111323	21346	18932	36813	78349	14796	72001	60956	108383	0	87078	52450	78501	92829	38834	95336	79458	44358	93717	45145	97152	44630	80178	34149	68988	73657	89189	13761	37266	93342	63033	85603	21999	90576	50152	22590	38940	45037	60704	27359	96147	65266	81586	87171	52489	63019	10850	43586	70500	29884	54874	106619	69472	108166	90006	75181	84207	34668	47328	81617	78685	37728	27302	75270	50130	27606	6261	100784	102992	64397	70581	89157	38852	55465	41933	42798	74724	70082	21228	79698	51558	24032	71766	30850	110450	41465	10672	91612	90125	55139	5913	107495	77334	103748	91447	74913	97493	77025	47993	73776	19149	13329	76474	66478	46256	43039	32002	20329	88781	78308	30629	69503	103932	
81123	128942	159932	73663	102197	37103	143297	87964	138287	37800	94885	174380	56086	115470	46457	121579	81850	72596	153157	58722	155324	141416	131917	99313	114938	122914	129076	77581	66727	116476	105737	73578	159515	173738	68379	99194	117075	148724	72440	47211	103512	170799	87078	0	33534	110370	119225	109055	119066	142502	107402	156761	108130	161244	60086	144270	88972	43483	113290	152233	89734	100251	156386	133253	149695	90810	145187	120373	64805	48546	88389	111692	98173	160239	116445	145678	124422	86454	131307	95966	127848	131997	72976	119350	169663	107079	158015	154098	139273	147251	94690	117549	144661	141729	107048	104204	49765	38108	64523	91377	163828	152841	86118	124637	153249	66384	96464	80817	107274	136029	122590	91010	136735	45309	64906	106023	56892	173494	47035	82861	155704	154217	117238	91029	159317	147554	166792	155539	94537	160536	140069	118214	124453	96051	98445	139518	129522	109241	48065	56171	107852	125847	115262	92582	133595	166976	
