//--------------------------------------------------------------------------------------------------------------------
//-- données sur les ALPES_DE_HAUTE_PROVENCE récupérés par le géocodeur (matrice symétrique)
//-- 
//-- C. Duhamel, P. Lacomme C. Prodhon - juillet 2009 : 3900 kg à collecter, flotte de capa 6500
//--------------------------------------------------------------------------------------------------------------------
182 4 999999 0 0 0
20 50 20 1
10 100 35 2.1
10 200 50 3.2
5 500 100 5.1
0   // la ville qui represente le depot
0	46296	56585	85879	53112	72694	57987	26040	41936	59181	95970	38423	13808	33879	66928	30687	69278	74077	34864	27391	47812	25414	79497	35338	59567	85257	66835	11150	21269	51393	27674	18315	27756	54369	57816	42240	83486	60705	38443	72871	51648	51950	66502	10760	26430	102282	21130	36858	83005	36646	59897	22682	104377	44802	40802	26416	59864	112308	17693	58933	67076	34245	115591	64029	27240	53636	58245	68232	23992	63012	94688	58012	124792	56456	22156	58995	33331	36873	6494	81532	75360	42227	21961	70777	88124	49515	32225	15281	28233	4766	47317	55340	16596	85190	56732	93255	13954	9558	43588	50500	61230	22044	64835	62851	37552	68437	41257	46812	42372	39740	46644	69181	33762	27145	70999	22559	80837	38450	61834	43132	26672	34580	59999	67373	61092	53975	72286	47677	39466	74388	43258	46571	73880	43406	41679	30750	54508	28660	58250	48846	52220	57971	52137	125475	100843	98602	66644	45457	67553	50384	56570	27198	57222	81973	59339	39212	48552	40970	51341	68009	34211	75264	28815	48863	51063	18166	63103	76620	69458	73675	106107	61532	37605	47092	40383	46672	78703	58670	77194	62306	41758	23877	45066	
46296	0	77181	106475	73708	93290	48001	68633	77787	60715	137532	74274	54551	54475	108711	66538	89874	115860	80467	43173	68408	22561	100094	26370	66059	105853	50709	53703	62856	96996	63408	38911	48352	96152	99094	62836	104082	34231	74177	114149	97251	37487	75051	46611	62281	176064	56981	80549	103601	32672	13601	27821	178158	59302	50967	54576	17796	186090	50000	77832	136018	41999	189373	72578	63091	95419	78841	43276	59843	81822	120246	78608	198573	75355	58007	100778	74074	43226	35510	102128	149142	78078	43202	84223	161906	62253	47993	42620	63967	45348	48778	28866	52447	105786	98010	167036	32393	50301	84866	11217	97081	57778	38361	46725	58810	70184	61853	21856	46006	82148	67603	62229	32039	69553	79548	58293	122115	50973	35360	78983	44173	14294	16348	69119	44966	51365	74033	62031	9369	48220	11363	67167	94476	79140	91788	28296	76532	20663	18967	39792	5924	36998	42572	199257	120837	172384	102495	91060	54641	15969	30097	75660	78164	102569	95190	59808	84402	53493	92619	64396	75995	83813	83992	69459	92341	58910	83699	97216	111242	94271	143546	54489	83208	18901	82166	87950	119981	79266	97790	35832	45393	73413	33227	
56585	77181	0	38975	18600	40229	108771	76825	84832	109965	70032	81319	64912	26144	117713	73583	22374	119745	85648	44819	40078	56627	44986	66295	35354	50745	117619	60827	72054	102177	78458	41317	33381	105154	108600	30924	36582	101688	89227	123656	102432	102734	29588	53656	69326	76360	52600	87643	48493	66738	90854	53639	78529	95586	91586	77200	92340	86460	68478	109718	102751	85030	89743	39815	70135	104420	19577	60011	66888	113796	60177	22790	98944	107240	65052	109780	84435	77292	54656	43210	87158	85123	72745	121561	72448	100299	83009	61823	79018	55709	98101	96323	59492	38286	107516	86911	44911	60662	94372	81457	99463	72829	105818	113636	88336	119221	15357	75694	93156	90524	97428	119966	79979	77930	46785	73343	131621	89234	102817	86028	76945	65537	90956	118157	112423	104759	123070	98462	70423	50175	74215	12496	39368	94191	92783	62362	19996	59617	89207	99630	83177	108755	102921	99628	66332	78980	95018	96241	118338	81341	97554	77983	108007	47461	102235	31477	91447	91754	102125	118793	84996	37818	79599	33486	101847	69271	22346	29716	123504	39163	76046	112317	88389	78049	91167	97457	129487	24158	30290	103289	92542	74661	95851	
85879	106475	38975	0	47994	49060	138165	106218	85538	139359	37600	99722	94306	55538	102847	97635	17501	87312	115042	74213	69471	86020	60062	95689	64747	65821	147013	90221	101447	131571	107852	70710	62775	107249	106932	60317	19788	131082	118621	101262	131826	132128	58982	83050	98719	43927	81993	117036	63569	96132	120248	83032	46096	124980	120980	106594	121733	54028	97871	139111	70319	114424	57310	69208	99529	101970	48971	89405	96281	143190	83630	41039	66511	136634	94446	96685	113829	106685	84049	52041	54725	88602	102139	150955	40015	129693	112403	91217	108412	85103	127495	125717	88885	47117	107164	54478	74305	90056	132125	110851	67030	102223	135212	143029	117730	148615	44750	105088	122550	119918	126822	149359	109373	107323	76178	102737	89877	118628	132211	121723	106339	94930	120350	147551	141817	134153	152464	127855	99817	79568	103609	41890	54444	123584	122177	91755	49390	89010	118600	129024	112571	138149	132315	67195	87735	46547	62585	125635	147731	110734	126947	107377	137400	62537	75252	60871	79770	121148	111118	148187	129473	67212	108993	51735	111988	98664	30168	38547	91071	62617	43613	141710	117783	107443	116906	115984	93911	53552	18910	132683	121936	104055	125244	
53112	73708	18600	47994	0	25418	105234	73287	81294	106428	78978	77781	61375	22607	114175	70045	31320	115230	82111	41282	36540	53089	32221	62758	22589	37981	114082	57290	68516	98640	74921	37779	29844	101616	105063	27386	45527	98151	85690	120118	98895	99197	16823	50119	65788	85306	49062	84105	35729	63201	87317	50101	87475	92049	88049	73663	88802	95406	64940	106180	111697	81493	98689	27050	66598	100883	20286	47247	63350	110259	47412	20054	107890	103703	61515	106242	80898	73754	51118	34256	96104	81586	69208	118024	81393	96762	79472	58286	75481	52172	94564	92786	55954	35554	103979	95857	41374	57125	90835	77920	100588	69291	102281	110098	84799	115684	11819	62930	89619	86987	93891	116428	76442	74392	34020	69806	128084	85697	99279	82490	73408	61999	87419	114620	108886	101222	119533	94924	66886	37410	75600	8959	26604	90653	89246	58824	7232	56079	85669	96093	79640	105218	99384	108573	53567	87925	103963	92704	114800	77803	94016	74446	104469	34697	98697	27940	87910	88217	98588	115256	81458	25054	76062	30751	98310	65733	25145	38662	116705	26399	84991	108779	84852	74512	87630	93920	125950	11393	39235	99752	89005	71124	92313	
72694	93290	40229	49060	25418	0	124816	92869	100876	126010	80018	97363	80957	42189	133757	89628	32359	129730	101693	60864	53778	72671	12310	82340	36105	18070	133664	76872	88099	118222	94503	57361	49426	121198	124645	46969	46567	117733	105272	139701	118477	118779	30339	69701	85370	86345	68644	103688	15818	82783	106899	69684	88514	111631	107631	93245	108384	96445	84522	125762	112737	101075	99728	40566	86180	120465	39868	60763	82932	129841	35879	39636	108929	123285	81097	125824	100480	93336	70701	10147	97143	101168	88790	137606	82433	116344	99054	77868	95063	71754	114146	112368	75536	11445	123561	96896	60956	76707	110417	100892	109448	88874	121863	129680	104381	135266	31401	76446	109201	106569	113473	136010	96024	93974	47536	89388	132295	105279	118862	102072	92990	81582	110391	134202	128468	120804	139115	114506	86468	50926	89116	28541	6693	110235	108828	78407	20748	75662	108642	115675	99222	124800	118966	109613	39983	88965	105003	112286	134382	91057	113599	94028	124051	14786	117670	47522	107492	107799	118170	134838	101040	38570	95644	50333	117892	85315	32990	22696	133489	14866	76296	128362	104434	94094	107212	113502	136329	14024	40275	119334	108587	90706	111895	
57987	48001	108771	138165	105234	124816	0	43935	96396	17586	158911	92883	61859	86290	97870	85147	121689	105019	55932	75661	100224	53376	131909	46733	111979	137668	23501	65610	45886	61366	39064	70726	80167	85311	88253	94651	135897	30027	32709	103308	53460	12190	118913	65221	80890	165223	75591	69708	135416	42243	49070	60309	167317	23915	17333	37620	33327	175249	50448	27302	125177	26986	178532	116440	81700	84578	110656	92068	78452	25265	147099	110423	187732	25005	76617	89937	93503	39576	56814	133944	138301	96688	39865	41093	151065	22298	26990	48469	34129	54192	15290	21735	71056	137601	87169	156195	64880	57608	74025	55801	137632	41459	19248	19518	30813	27054	93668	70648	25133	60808	17253	13287	31846	46347	123410	37019	111274	22455	24099	97592	43418	54843	54065	25990	11520	8236	30903	27305	57543	97012	60155	98982	126291	26206	80947	49349	106919	65268	63550	14698	42416	15213	6823	188416	153255	161543	133187	60227	11512	65144	26361	64819	21607	134384	133976	91623	103012	27343	81778	21409	65154	127675	73151	101274	81500	66217	115514	129031	100401	126086	169048	7933	58672	38985	71325	77110	109140	111081	129605	17408	24001	62572	22578	
26040	68633	76825	106218	73287	92869	43935	0	64617	41144	108825	61104	30080	54511	47785	53368	89910	54934	13122	48023	68445	36828	100130	50328	80200	105889	60775	33831	9036	29651	4946	38947	48388	35226	38167	62872	104118	56161	20406	53223	29906	47406	87134	33442	49111	115137	43812	19623	103637	45838	71063	43314	117232	26765	31569	17183	55320	125163	12184	40897	75091	33820	128446	84661	49921	34492	78877	81063	46673	44975	115320	78644	137647	38419	44838	39852	43418	43170	26001	102165	88215	64909	16690	49035	100979	31478	22992	17657	10197	22413	41257	50796	39277	105822	37083	106110	34586	25829	23940	77793	87546	9519	60291	56792	19515	50400	61889	59643	37827	17998	28607	51145	35441	3538	91631	13621	61188	29217	57289	65813	29048	47411	76058	49336	53569	35938	54249	32545	66333	86007	56090	67203	94512	25370	30861	52944	75140	49292	85543	44302	64409	53427	46077	138330	121476	111458	83101	23715	49517	73934	52026	14733	39186	102605	83891	59844	71233	25312	31692	49972	11507	95896	15356	69495	31414	34438	83735	97252	50315	94307	118962	43496	15863	60978	21240	27024	59054	79302	97826	57762	37214	10901	40522	
41936	77787	84832	85538	81294	100876	96396	64617	0	97297	53375	14184	52244	61816	45943	17141	97216	33277	72980	55329	75750	56962	107435	66631	87505	113195	104951	42489	59385	89509	65790	46253	52472	50345	61162	70178	98926	98821	76559	54882	89764	90066	94439	31919	40393	59687	42289	74974	110943	67074	91190	53975	61782	82918	78918	64531	97980	69713	55809	97049	24481	72361	72996	91966	34234	51343	86182	99525	28709	101128	122626	85950	82197	94572	28512	46058	66941	74989	43510	109470	32765	14150	60076	108893	45529	87631	70341	50677	66349	43040	85433	93456	31546	113128	56537	50660	45247	47994	85746	81793	18635	60160	102951	100967	75668	106553	69195	78105	80487	77856	84760	107297	71878	65261	98936	60675	43497	76566	99949	41229	64788	65873	91292	105489	99208	92091	110402	85793	70759	102326	74551	74509	101818	81522	73886	62698	82446	59953	89543	86962	83513	96087	90253	82880	128781	56008	24049	83573	105669	81677	94686	65314	95338	109911	16744	67150	10914	79086	60491	106125	72094	103202	66931	76801	65609	51927	91041	104558	34167	101613	63512	99648	75720	78385	65214	65357	47531	86607	98049	100422	79874	61993	83182	
59181	60715	109965	139359	106428	126010	17586	41144	97297	0	149570	93944	62919	87350	85300	86208	122749	92449	53140	80863	101284	63043	132969	56400	113039	138728	31021	66670	46320	47542	36273	71787	81227	72741	78912	95711	136957	42621	29918	93967	39635	24784	119973	66281	81951	155882	76651	57138	136476	51910	61665	69976	157976	25342	27001	47287	45921	165908	50882	13537	115836	36653	169191	117500	82760	72008	111716	108462	79513	11160	148160	111484	178391	12573	77677	77367	80933	49243	57874	135004	128960	97748	45839	27269	141724	19507	36657	49529	31338	55252	29287	34329	72117	138661	77201	146854	67426	58669	64684	68395	128291	38668	31239	29336	28022	13230	94728	87042	34800	51543	14462	16056	41513	43556	124470	42770	101933	32122	36090	98653	53085	69705	66660	12165	22651	10005	17079	31121	72406	113406	75017	100042	127352	23415	68377	59017	107980	75542	76145	32732	55011	27807	19418	179075	154315	152202	123846	46403	18598	80007	38955	52249	7841	135445	110686	92683	104072	33819	72437	11642	51526	128735	60581	102334	72159	67277	116575	130092	87830	127147	159707	12578	55881	51580	58755	67768	99799	112141	130665	29398	38418	51646	40347	
95970	137532	70032	37600	78978	80018	158911	108825	53375	149570	0	67280	106082	86481	70405	65193	48444	54870	108457	105156	100414	110800	91005	120469	95690	91048	168809	96327	112014	124987	111992	100091	93718	74807	74490	91260	50731	156149	135715	68819	125242	147395	89925	85756	88445	7833	96126	108540	88040	145827	171052	107812	10131	142075	142777	123688	155308	18063	112936	156206	37877	133809	21346	100151	82286	69528	79914	120348	81804	160284	110047	71982	30546	153728	76564	64243	101431	143159	97347	82984	22283	56159	121849	144370	9156	154062	129498	125539	125506	96878	149292	150784	79598	78060	74722	22036	99085	101832	99683	135630	34588	119317	160279	164826	134824	165710	75693	136031	137816	113334	143916	166454	135430	106786	107121	119831	57435	135722	157278	89281	136931	119710	176047	157152	166884	151248	150743	144950	124597	110511	128389	72833	85821	140679	93136	116535	80333	113790	143380	144290	164398	153415	154111	31230	112205	10468	30143	119051	164826	135514	152015	103650	154495	78381	42810	91814	47328	138242	78676	165281	97031	98155	111982	82678	79546	105765	61110	69490	58629	93560	14511	158805	111198	160967	84464	83541	61469	84495	49853	157750	137203	111653	140511	
38423	74274	81319	99722	77781	97363	92883	61104	14184	93944	67280	0	48731	58303	60127	21769	93703	47461	69467	51816	72237	53449	103922	63118	83992	109682	101438	38976	55872	85996	62277	42740	48959	64529	75346	66665	107911	95308	73046	69066	86251	86553	90926	28406	37159	73871	38776	71461	107430	63561	87677	50462	75966	79405	75405	61018	94467	83897	52296	93536	38665	68848	87180	88453	38862	65527	82669	96012	25196	97615	119113	82437	96381	91059	33140	60242	63428	71476	39997	105957	46949	18778	56563	105380	59713	84118	66828	47164	62836	39527	81920	89943	27494	109615	70721	64844	41734	44481	78191	78280	32819	56647	99438	97454	72155	103040	65682	74592	76974	74343	81247	103784	68365	61748	95423	57162	57681	73053	96436	45857	61275	62360	87779	101976	95695	88578	106889	82280	67246	98813	71038	70996	98305	78009	71776	59185	78933	56440	86030	83449	80000	92574	86740	97064	125268	70192	38233	80060	102156	78164	91173	61801	91825	106398	30928	63637	25102	75573	74675	102612	68814	99689	63418	73288	79793	48414	87528	101045	48351	98100	77696	96135	72207	74872	74986	81275	61715	83094	101618	96909	76361	58480	79669	
13808	54551	64912	94306	61375	80957	61859	30080	52244	62919	106082	48731	0	42208	70577	41066	77608	77726	38513	35721	56142	33744	87827	43668	67897	93587	70484	18134	24919	55042	31323	26645	36086	58018	61465	50570	91815	64354	42092	76521	55297	55599	74831	21139	36809	112661	31509	40508	91335	40295	79256	31011	114756	48451	44451	30065	63513	122687	21342	62582	77455	37895	125970	72358	37619	57285	66574	76561	34371	66661	103018	66342	135171	60105	32535	62644	21715	40522	14824	89862	85739	52606	25610	74426	98503	53164	35874	18930	31883	10894	50966	58989	26975	93519	60381	103634	22284	9581	47237	58829	71609	25694	68484	66501	41201	72086	49587	55141	46021	43389	50293	72831	37411	30794	79328	26208	84486	42099	65483	53511	30321	42909	68329	71022	64741	57624	75935	51326	47796	82718	51588	54901	82210	47055	30063	44672	62838	36989	66579	52495	72602	61620	55786	135854	109173	108981	77023	49106	71202	58713	60220	30848	60871	90303	69718	47542	58930	44619	54990	71658	37861	83594	32464	57193	54712	6550	71433	84950	73108	82005	116486	65182	41254	69171	44032	50322	82352	66999	85523	65955	45407	27526	48715	
33879	54475	26144	55538	22607	42189	86290	54511	61816	87350	86481	58303	42208	0	94974	50844	38817	96028	62909	22080	14520	33888	49036	43557	26275	54796	94880	38088	49315	79439	55719	18578	10642	82415	85861	11779	53024	78949	66488	100917	79693	79996	33209	30917	46587	92803	29861	64904	52544	43999	68115	30900	94972	72848	68848	54461	69601	102903	45739	86979	87232	62291	106186	30736	47397	81681	27783	50932	44149	91057	64227	27551	115387	84501	42313	87041	61696	54553	31917	51071	95517	62384	50006	98822	88890	77560	60271	39084	56279	32970	75363	73584	36753	54728	84777	103354	22173	37923	71634	58718	81387	50090	83079	90897	65597	96483	10796	55030	70417	67785	74689	97227	57241	55191	37706	50604	108882	66495	80078	63289	54206	42798	68217	95418	89684	82021	100332	75723	47684	41095	51477	16110	43419	71452	70044	39623	24047	36878	66468	76891	60438	86016	80182	116070	78994	95422	86801	73503	95599	58602	74815	55244	85268	51512	79496	5919	68708	69015	79386	96054	62257	41971	56860	18402	79108	46532	32642	46159	97504	43214	92488	89578	65650	55311	68429	74718	106748	28208	46732	80550	69804	51922	73112	
66928	108711	117713	102847	114175	133757	97870	47785	45943	85300	70405	60127	70577	94974	0	57851	113738	20299	46434	87568	107989	83504	139674	89109	119744	145434	107602	73375	50807	62963	49969	78492	87933	13648	30728	102416	116025	94942	65429	40278	63218	86188	126678	72986	81103	76786	83356	46350	143181	84620	109845	82858	78881	71788	81570	62481	94101	86812	51715	85919	36740	72602	90095	124205	74944	20910	118421	127739	74463	89998	154865	118189	99296	83442	69222	28231	45485	81952	72677	141709	49864	48818	60642	82347	62628	76501	68290	64332	55219	61957	88085	89577	72256	143354	26104	67759	74131	65374	40732	116575	37359	58110	99072	103619	64538	95423	101434	106318	76609	51310	73630	96167	74223	44762	131175	58624	35229	74515	96071	81939	75723	94086	114840	95129	105677	80961	88719	83743	105115	132682	102765	106748	134057	70392	37189	91726	114685	88836	124325	83083	103191	92208	92904	99979	161020	73106	44750	57027	94539	112716	90808	41460	84208	144482	34632	99389	39986	70335	30058	94995	35397	135440	49792	109040	33736	55544	123280	134784	11776	133852	80611	88518	49175	99760	28517	31142	38918	118846	115147	96543	75996	49740	79304	
30687	66538	73583	97635	70045	89628	85147	53368	17141	86208	65193	21769	41066	50844	57851	0	85861	45184	61625	43974	64395	45608	96080	55276	76150	101840	93596	31134	48031	78154	54435	34898	41117	62253	73069	58823	100069	87466	65204	66790	78409	78711	83084	20564	23252	71595	30934	63619	99588	55719	79835	42620	73690	71563	67563	53177	86625	81621	44454	85694	36389	61007	84904	80612	17093	63251	74827	88170	26985	89773	111271	74595	94105	83217	11371	57966	55586	63634	32155	98115	44673	11540	48722	97538	57437	76276	58986	39322	54995	31686	74078	82101	14405	101773	68445	62568	33892	36639	70349	70438	30543	48806	91596	89612	64313	95198	57840	66750	69133	66501	73405	95942	60523	53906	87582	49320	55405	65211	88595	24088	53433	54518	79937	94134	87853	80736	99047	74438	59404	90971	63196	63154	90463	70167	63934	51343	71091	48598	78188	75607	72158	84732	78898	94788	117426	67915	35957	72218	94314	70322	83332	53960	83983	98556	28652	55795	17864	67731	72399	94770	60972	91847	55576	65446	77824	40572	79686	93203	46074	90258	75420	88293	64366	67030	67144	73434	59439	75253	93777	89067	68519	50638	71827	
69278	89874	22374	17501	31320	32359	121689	89910	97216	122749	48444	93703	77608	38817	113738	85861	0	98171	98341	57512	52771	69320	43361	78988	48047	49120	130312	73520	84747	114870	91151	54010	46074	118108	117791	43617	15008	114381	101920	112121	115125	115427	42281	66349	82019	54786	65293	100336	46868	79431	103547	66332	56955	108279	104279	89893	105033	64887	81171	122411	81178	97723	68170	52508	82828	112829	32270	72704	79581	126489	66929	24338	77370	119933	77745	107544	97128	89985	67349	35340	65584	97816	85438	134254	50874	112992	95702	74516	91711	68402	110794	109016	72185	30416	118023	65337	57604	73355	107065	94150	77889	85522	118511	126329	101029	131914	28050	88387	105849	103217	110121	132659	92672	90622	59478	86036	100736	101927	115510	98721	89638	78230	103649	130850	125116	117452	135763	111155	83116	62867	86908	25189	37744	106884	105476	75055	32689	72310	101900	112323	95870	121448	115614	78054	71034	57406	73444	108934	131031	94034	110247	90676	120699	45837	86111	44170	90629	104447	114818	131486	97689	50511	92292	35035	114540	81964	13467	21847	101930	45916	54472	125010	101082	90742	103860	110150	104770	36851	8716	115982	105235	87354	108544	
74077	115860	119745	87312	115230	129730	105019	54934	33277	92449	54870	47461	77726	96028	20299	45184	98171	0	53583	89159	109580	90653	140763	96258	121335	141613	114751	80524	57956	70112	57118	80083	86302	24701	30548	104007	100490	102091	72578	30895	70367	93337	128269	65748	68437	61251	76118	53499	138605	91769	116994	90007	63345	78937	88719	69630	101250	71277	58864	93068	21205	79751	74560	125796	62278	20730	120012	134888	61796	97147	160613	119780	83760	90591	56555	15445	52634	89101	79826	132742	34329	36151	67791	89496	47093	83650	75439	71481	62368	69106	95234	96726	59589	127819	25924	52223	81280	72523	47881	123724	24692	65259	106221	110768	71687	102572	103024	113467	83758	58459	80779	103316	81372	51911	132766	65773	19693	81664	103220	69273	82872	101235	121989	102278	112826	88110	95868	90892	112264	139831	109914	108338	136386	77541	44338	98875	116276	95985	131474	90232	110340	99357	100053	84444	162771	57571	29215	64176	101688	119865	97957	48609	91357	128946	21966	100979	27320	77484	29878	102144	42546	137031	56941	110630	33556	62693	110869	119249	8522	135443	65076	95667	56324	106909	35666	34744	23383	120437	99612	103692	83145	56889	86453	
34864	80467	85648	115042	82111	101693	55932	13122	72980	53140	108457	69467	38513	62909	46434	61625	98341	53583	0	59410	79832	55346	111517	60952	91587	117276	79445	45218	17997	18805	18088	50335	59775	33796	38269	74259	115505	66785	33548	53324	19059	58030	98521	44829	60498	115239	55199	18193	115024	56462	81687	54701	117333	39908	53412	34324	65944	125265	23558	54039	75193	44444	128548	96048	61308	33062	90264	99581	58060	58117	126708	90032	137748	51561	56225	38422	41988	53795	44519	113552	88317	76296	32485	38188	101081	44620	40133	36175	23339	33800	59927	61420	50665	117209	38256	106211	45974	37217	24041	88418	87648	29953	70915	75462	32657	56341	73276	78161	48452	7151	41749	64287	46065	12882	103018	30467	61290	46358	67914	77200	47566	65929	86682	50970	77520	49081	44561	45687	76957	104525	74608	78590	105899	38512	29431	63569	86528	60679	96168	54926	75033	64051	64747	138432	132863	111559	83203	12869	62659	84559	62651	13303	52328	113992	71740	71231	88961	38454	29472	56922	9876	107283	21635	80882	31516	45825	95123	108640	48885	105695	119064	56638	5016	71602	19809	24803	59156	90689	109213	68386	47838	21583	51146	
27391	43173	44819	74213	41282	60864	75661	48023	55329	80863	105156	51816	35721	22080	87568	43974	57512	89159	59410	0	35995	22581	67680	32250	47750	73439	84120	31582	42809	72932	49213	12072	15938	75908	79355	30422	71668	67642	59982	94411	73187	63789	54684	24411	40080	111446	35157	58398	71187	32693	56809	19593	113616	66341	59171	47955	58294	121547	39232	80472	80726	50203	124830	52211	40890	75175	46427	65143	37642	84551	82871	46195	134031	77995	35807	80534	55190	43246	25411	69715	89010	55878	43500	92316	107534	71054	53764	32578	49773	26464	65686	62278	30246	73372	78271	106905	13861	31417	65127	47411	74881	43584	71773	80137	59091	89976	29440	43723	54210	61279	68183	90721	45934	48684	59181	44098	102376	59989	68771	56782	44193	31491	56911	88912	78377	75514	93825	69216	36378	62571	40170	34754	62063	64945	63538	28316	42691	25571	55161	60685	49132	70410	70505	134714	89026	114066	80294	66996	88053	47295	63508	48738	78761	70156	72990	27395	62202	62509	72880	89548	55750	63446	50354	37045	72602	40025	51286	64803	90998	61858	111132	83072	59144	44004	61922	68212	100242	46852	65376	69244	53597	45416	56905	
47812	68408	40078	69471	36540	53778	100224	68445	75750	101284	100414	72237	56142	14520	107989	64395	52771	109580	79832	35995	0	47821	60477	57490	26023	66236	108814	52022	63249	93372	69653	32512	24576	96348	99795	25712	66958	92883	80422	114851	93627	93929	32957	44851	60520	106736	43794	78838	63984	57933	82049	44834	108905	86781	82781	68395	83534	116837	59672	100913	101166	76225	120120	30484	61330	95615	41717	50681	58083	104991	75668	41485	129320	98435	56247	100974	75630	68486	45851	62512	109450	76318	63940	112756	102824	91494	74204	53018	70213	46904	89296	87518	50687	63810	98711	117288	36106	51857	85567	72652	95321	64024	97013	104831	79531	110416	24729	66364	84351	81719	88623	111161	71174	69124	37454	64538	122816	80429	94012	77222	68140	56732	82151	109352	103618	95954	114265	89656	61618	40844	65410	30043	54860	85385	83978	53557	32926	50812	80402	90825	74372	99950	94116	130004	78743	109356	100735	87436	109533	72536	88749	69178	99201	62953	93430	14277	82642	82949	93320	109988	76191	41720	70794	32335	93042	60465	46576	60093	111438	54655	106422	103512	79584	69244	82362	88652	120682	39649	60666	94484	83737	65856	87046	
25414	22561	56627	86020	53089	72671	53376	36828	56962	63043	110800	53449	33744	33888	83504	45608	69320	90653	55346	22581	47821	0	79502	11638	59572	85261	60935	33112	31312	68622	37139	18320	27760	70974	73915	42244	83490	44457	47908	88971	68877	41504	66506	26019	41689	123268	36389	55371	83009	10408	36197	7229	119636	45222	36886	35881	39344	127567	27736	63752	82335	27918	130850	64033	42499	70240	58249	44531	39251	67742	94693	58017	140051	61274	37415	75600	53482	20962	13246	81537	90619	57487	31426	91202	103383	48172	33913	20356	37699	24756	43401	39092	31855	85194	72831	108514	11801	29710	59688	26799	76489	31510	48587	56952	44729	73167	41261	23111	31926	56969	53522	72455	23649	44374	71003	32024	96936	36893	45586	58391	21909	10879	36299	72102	55192	58705	77016	47950	15765	49475	19558	46575	73885	52871	66609	6032	54513	12795	34549	38400	28520	47225	48221	140734	100848	113862	81903	62686	64868	26683	40323	37241	64084	81978	74598	39216	63811	39413	67440	72738	50816	75268	38858	48867	67162	38318	63108	76625	86063	73680	122954	64715	54834	23392	56988	62772	94802	58674	77198	46058	31312	33919	34620	
79497	100094	44986	60062	32221	12310	131909	100130	107435	132969	91005	103922	87827	49036	139674	96080	43361	140763	111517	67680	60477	79502	0	89144	42909	5759	140467	83676	94902	125026	101306	64165	56230	128002	131448	53772	57569	124536	112075	146504	125280	125583	37143	76504	92174	102749	75448	110491	21433	89587	113702	76487	104918	118435	114435	100048	115188	112849	91326	132566	129947	107878	116132	47370	92984	127268	46672	67566	89736	136644	43440	46440	125333	130088	87900	132628	107283	100140	77504	21148	114354	107971	95593	144409	99643	123147	105858	84671	101866	78557	120950	119171	82340	22446	130364	114107	67760	83510	117221	107695	126659	95677	128666	136484	111185	142070	38205	83249	116004	113373	120276	142814	102828	100778	54340	96191	149505	112082	125665	108876	99793	88385	117195	141005	135271	127608	145919	121310	93271	57729	95919	35344	12308	117039	115631	85210	27551	82465	115445	122479	106025	131603	125769	126017	45598	105369	122213	119090	141186	97861	120402	100831	130855	20401	134880	54326	114295	114602	124973	141641	107844	45373	102447	57136	124695	92119	43992	33698	150699	21669	81911	135165	111237	100898	114016	120305	152335	20828	51277	126137	115391	97509	118699	
35338	26370	66295	95689	62758	82340	46733	50328	66631	56400	120469	63118	43668	43557	89109	55276	78988	96258	60952	32250	57490	11638	89144	0	71124	94930	52809	42781	43035	77175	43587	27989	37429	76331	79272	51913	93159	36331	54356	94328	74235	34881	76175	35688	51358	156243	46058	60728	92678	12046	33876	16898	158337	38598	30263	33872	26983	166268	38736	57128	116197	21295	169551	73702	52168	75598	67918	48341	48920	61118	104362	67686	178752	54651	47084	80957	63151	22600	24246	91206	129320	67155	28189	80583	142084	41549	27289	31356	44146	34425	36778	30966	41524	94863	78188	147215	21470	39378	65045	30609	86158	37957	40461	48825	38106	66544	50930	26921	25302	62327	46899	64329	17026	49732	80672	33271	102293	30269	37460	68060	23547	14689	40108	65479	47066	52081	70393	41327	19575	53284	23367	56244	83553	48161	71967	7670	64182	18981	38359	31777	23167	39098	41598	179436	110517	152563	91572	71239	56741	30493	32197	55839	57460	91646	84267	48885	73480	32789	72798	66115	56173	84937	64171	58536	72520	47987	72777	86294	91420	83349	132623	56589	60191	12692	62345	68129	100160	68343	86867	37932	24689	53592	27997	
59567	66059	35354	64747	22589	36105	111979	80200	87505	113039	95690	83992	67897	26275	119744	76150	48047	121335	91587	47750	26023	59572	42909	71124	0	48665	116189	63751	74977	105101	81381	44240	36305	108077	111523	37441	62278	99712	92150	126579	105356	105658	13873	56579	72249	102056	55523	90566	46413	69662	78585	56562	104225	98510	94510	80123	82780	112157	71401	112641	112895	87953	115440	11400	73059	107343	37037	28419	69811	116720	59068	36805	124640	110164	67975	112703	87358	80215	57579	44941	112854	88046	75668	124484	98144	103222	85933	64746	81941	58632	101025	94347	62415	46239	110439	112607	47835	63585	97296	68549	107049	75752	103842	112206	91260	122145	28570	44103	96079	93448	100351	122889	82903	80853	18370	76266	134544	92157	100841	88951	79868	58245	78048	121080	110447	107683	125994	101385	62088	18583	56773	25709	37288	97114	95706	65285	15354	62540	76299	102554	70908	102479	105844	125324	59659	104676	112463	99165	121261	58714	95577	80906	110930	45381	105158	26006	94370	94677	105048	121716	87919	22635	82523	44064	104770	72194	41896	55412	123166	37083	106891	115240	91312	76073	94091	100380	132410	22078	55986	101313	95466	77584	98774	
85257	105853	50745	65821	37981	18070	137668	105889	113195	138728	91048	109682	93587	54796	145434	101840	49120	141613	117276	73439	66236	85261	5759	94930	48665	0	146227	89435	100661	130785	107066	69924	61989	133761	137208	59531	59841	130296	117835	152263	131040	131342	42902	82263	97933	97176	81207	116250	18724	95346	119462	82246	99345	124194	120194	105808	120947	107276	97085	138325	124374	113638	110559	53129	98743	133028	52431	73325	95495	142404	40731	52199	119760	135848	93659	150740	113043	105899	83263	26908	108780	113731	101353	150169	94070	128907	111617	90431	107625	84317	126709	124931	88099	28206	136124	108534	73519	89270	122980	113455	121085	101436	134426	142243	116944	147829	43964	89009	121764	119132	126036	148573	108587	106537	53529	101951	143932	117842	131424	114635	105553	94144	122954	146765	141030	133367	151678	127069	99031	63489	101679	41104	16505	122798	121390	90969	33311	88224	121205	128238	111785	137363	131529	120443	42889	99795	116640	124849	146945	103620	126161	106590	136614	14828	129307	60085	120055	120362	130733	147401	113603	48516	108207	62896	130455	97878	49751	39457	145126	27428	76338	140924	116997	106657	119775	126064	147966	26587	57036	131897	121150	103269	124458	
66835	50709	117619	147013	114082	133664	23501	60775	104951	31021	168809	101438	70484	94880	107602	93596	130312	114751	79445	84120	108814	60935	140467	52809	116189	146227	0	83741	54633	69414	54020	79880	89320	98751	101692	103804	145050	26854	47665	116748	61508	20937	128066	83351	99021	178663	93721	83148	144569	50990	51538	68789	180757	32662	26081	46367	35794	188689	59195	44487	138617	35733	191971	125593	99831	98018	119809	94536	96583	42110	156253	119577	201172	44306	94747	103377	106943	48323	74944	143097	151740	114818	48612	49141	164504	31204	35737	66599	49086	72322	24038	24202	89187	146754	100609	169635	73361	75739	87465	58268	151072	49555	15151	11364	41407	31074	102821	73116	33880	84747	36554	15294	40593	72152	132563	45766	124714	31202	20002	115723	52165	57310	56533	38950	11914	26625	38719	36052	60011	99480	62622	108135	135445	41536	94387	56832	116073	67736	66018	23445	44884	20008	17832	201856	162408	174983	146627	90464	14154	67612	24698	78259	38791	143538	147416	100776	121142	36090	95218	23738	78593	136828	86591	110427	94940	84347	124668	138185	113840	135240	182488	21437	82611	41453	84765	90549	122580	120234	138758	13311	32748	76012	31325	
11150	53703	60827	90221	57290	76872	65610	33831	42489	66670	96327	38976	18134	38088	73375	31134	73520	80524	45218	31582	52022	33112	83676	42781	63751	89435	83741	0	28768	58892	35173	22471	31912	61868	65315	46396	87642	68204	45942	80370	59147	59449	70658	11228	26898	102750	21598	44357	87161	44145	67408	30193	104844	52301	48301	33915	67363	112776	25192	66432	67543	41745	116059	68185	27708	61135	62401	75743	24460	70511	98844	62168	125259	63955	22624	66494	28562	44372	13993	85689	75828	42695	29460	78276	88592	57014	39724	22780	35733	12424	54816	62839	17064	89346	64231	93722	21466	17377	51087	58011	61698	29543	72334	70350	45051	75936	45413	54323	49871	47239	54143	76680	41261	34644	75155	30058	88336	45949	69333	43600	34171	42091	67510	74872	68591	61474	79785	55176	46977	78544	50770	50727	78036	50905	36910	38916	58664	36171	65761	56345	59731	65470	59636	125943	105000	99070	67112	52956	75052	57895	64069	34697	64721	86129	59807	43368	49019	48469	58840	75508	41710	79420	36314	53019	58562	13548	67259	80776	76957	77831	106575	69031	45104	54604	47882	54172	86202	62826	81350	69805	49257	31376	52565	
21269	62856	72054	101447	68516	88099	45886	9036	59385	46320	112014	55872	24919	49315	50807	48031	84747	57956	17997	42809	63249	31312	94902	43035	74977	100661	54633	28768	0	34187	14819	33761	43201	37668	40609	57685	98931	49661	25588	55665	34441	40906	81947	28255	43925	117579	38625	22065	98450	33835	64564	38127	119674	31947	28630	14244	48820	127605	6997	46079	77533	22073	130888	79474	44734	36934	73690	75876	41487	50157	110134	73458	140089	43601	39651	42294	44416	34062	20815	96978	90657	59722	13733	53570	103421	36660	20053	12470	15379	17226	35145	44296	34091	100635	39525	108552	29400	20643	26382	58144	89988	9190	53791	50679	24697	55582	56702	54456	26450	22534	33789	56327	28942	9939	86444	10387	63630	26278	50790	60627	23861	42224	69559	54518	48920	41120	59431	35505	47111	80820	50903	62016	89326	30551	33303	38212	69954	44105	65894	37802	57910	46927	39965	140772	116289	113900	85543	28251	54699	58028	45527	12047	44367	97418	86333	54657	66046	28798	34134	55154	17510	90709	13664	64308	33856	29251	78549	92066	52757	89121	121404	48678	20398	54479	23682	29466	61496	74115	92639	51262	30715	9209	34023	
51393	96996	102177	131571	98640	118222	61366	29651	89509	47542	124987	85996	55042	79439	62963	78154	114870	70112	18805	72932	93372	68622	125026	77175	105101	130785	69414	58892	34187	0	34618	66864	76305	50325	54798	90789	132034	83314	50078	69854	7907	74560	115050	61358	77028	131768	71728	34722	131554	72992	98217	71230	133863	56437	69942	50853	82473	141794	40087	57089	91722	60974	145077	112577	77838	49591	106793	116111	74590	54712	143237	106561	154278	56125	72754	54951	58517	70324	61049	130081	104846	92825	49014	27035	117610	61150	56663	52704	39868	50329	76457	77949	67194	133738	54785	122741	62503	53746	40571	104947	104177	46482	87444	91991	49187	45188	89806	94690	64981	11653	58013	54748	62595	29411	119547	46996	77819	62887	84443	93730	64096	82458	103212	39817	66577	53931	33408	62217	93487	121054	91137	95120	122429	57280	45960	80098	103057	77208	112697	71455	91563	80580	63344	154961	149392	128089	99732	6656	62525	101088	79180	29832	51393	130522	88270	87761	105490	54984	46001	45769	26405	123812	38164	97412	48045	62354	111652	125169	65414	122224	135593	56504	19668	88132	36339	41333	75685	107218	125742	84915	64368	38112	67676	
27674	63408	78458	107852	74921	94503	39064	4946	65790	36273	111992	62277	31323	55719	49969	54435	91151	57118	18088	49213	69653	37139	101306	43587	81381	107066	54020	35173	14819	34618	0	40282	49723	36538	42708	64206	105452	50262	15529	57764	33721	41277	88468	34776	50446	119678	45146	20935	104971	39939	65164	44129	121773	21889	29213	14827	49421	129704	16725	36020	79632	22657	132987	85995	51255	35804	80211	81431	48008	40099	116655	79979	142188	33543	46172	41164	44730	37272	26369	103499	92756	66243	14334	52850	105520	26601	20636	18024	5320	23747	36381	44897	40612	107156	40998	110651	35921	27164	28480	71895	92087	7163	54392	51915	14639	45524	63224	60011	27033	21813	23730	46268	29542	7353	92965	11265	65729	26861	51391	67148	29416	47779	70159	44459	48692	31062	49373	27668	52665	86374	56457	68538	95847	20493	32173	47045	76475	49695	79645	38403	58510	47610	41200	142871	122810	115998	87642	27530	44640	63583	46127	16045	34309	103940	74482	61179	72567	20436	36233	45095	15322	97230	24377	70829	35955	35772	85070	98587	51627	95642	123503	38619	19678	55079	22551	31565	63595	80636	99160	51863	31315	15442	34623	
18315	38911	41317	70710	37779	57361	70726	38947	46253	71787	100091	42740	26645	18578	78492	34898	54010	80083	50335	12072	32512	18320	64165	27989	44240	69924	79880	22471	33761	66864	40282	0	12436	66832	70279	26920	68166	63367	50906	85335	64111	64413	51182	15335	31005	107944	25705	49322	67685	28417	52533	15318	110113	57265	53265	38879	54019	118045	30157	71397	71650	46709	121328	48709	31814	66099	42925	60868	28567	75475	79369	42693	130528	68919	26731	71458	46114	38971	16335	66213	79934	46802	34424	83240	92698	61978	44688	23502	40697	17388	59780	58002	21171	69870	69195	97829	6590	22341	56051	43136	65805	34508	67497	75315	50015	80900	25937	39448	54835	52203	59107	81645	41658	39608	55679	35022	93300	50913	64496	47707	38624	27216	52635	79836	74102	66438	84749	60141	32102	59069	35894	31251	58560	55870	54462	24041	39189	21296	50886	61309	44856	70434	64600	131212	85524	103177	71219	57920	80017	43020	59233	39662	69685	66653	63914	23892	53126	53433	63804	80472	46675	59944	41278	33543	63526	30950	47784	61301	81922	58356	107630	73996	50068	39728	52846	59136	91166	43350	61874	64968	54221	36340	57530	
27756	48352	33381	62775	29844	49426	80167	48388	52472	81227	93718	48959	36086	10642	87933	41117	46074	86302	59775	15938	24576	27760	56230	37429	36305	61989	89320	31912	43201	76305	49723	12436	0	76293	79739	19004	60250	72827	60366	94795	73571	73873	43266	20657	37098	100028	19218	58782	59769	37877	61993	24778	102197	66725	62725	48339	63479	110129	39617	80857	77744	56169	113412	40793	37908	75559	35009	60989	34660	84935	71453	34777	122612	78379	32824	80918	55574	48431	25795	58297	86028	52896	43884	92700	96116	71438	54148	32962	50157	26848	69240	67462	27264	61954	78655	110579	16050	31801	65511	52596	71898	43968	76957	84775	59475	90360	18021	48908	64295	61663	68567	91105	51118	49069	47763	44482	102760	60373	73956	53800	48084	36676	62095	89296	83562	75898	94209	69601	41562	51153	45354	23335	50644	65330	63922	33501	31273	30756	60346	70769	54316	79894	74060	123296	77608	102648	77312	67380	89477	52480	68693	49122	79146	58737	70007	15976	59220	62893	73264	89932	56135	52028	50738	25627	72986	40410	39868	53385	91382	50440	99714	83456	59528	49188	62306	68596	100626	35434	53958	74428	63681	45800	66990	
54369	96152	105154	107249	101616	121198	85311	35226	50345	72741	74807	64529	58018	82415	13648	62253	118108	24701	33796	75908	96348	70974	128002	76331	108077	133761	98751	61868	37668	50325	36538	66832	76293	0	18169	89858	120427	82383	52870	27719	50659	73629	114119	60427	76097	81188	70797	33791	130622	72061	97286	70299	83283	59229	69011	49922	81542	91214	39156	73360	41142	60043	94497	111646	79346	8351	105862	115180	73659	77439	142306	105630	103698	70883	73624	13710	32926	69393	60118	129150	54266	53220	48083	69788	67030	63942	55731	51773	42660	49398	75526	77018	66263	132807	13545	72161	61572	52815	28173	104016	41761	45551	86513	91060	51979	82864	88875	93759	64050	38751	61071	83608	61664	32203	118616	46065	39631	61956	83512	86341	63164	81527	102281	82570	93118	68402	76160	71184	92556	120123	90206	94189	121498	57833	24630	79167	102126	76277	111766	70524	90632	79649	80345	104381	148461	77508	49152	44468	81980	100157	78249	28901	71649	129591	39034	86830	44389	57776	17499	82436	22838	122881	37233	96481	21177	42985	110721	124238	16179	121293	85013	75959	36616	87201	15958	18583	43320	106287	119549	83984	63437	37181	66745	
