//--------------------------------------------------------------------------------------------------------------------
//-- données sur l'Oise  récupérés par le géocodeur (matrice symétrique)
//-- 
//-- C. Duhamel, P. Lacomme C. Prodhon - juillet 2009 : 23216 kg à collecter, flotte de capa 28000
//--------------------------------------------------------------------------------------------------------------------
136 4 999999 0 0 0
5  100 100 2.5
5 500 80 5.2
10 1000 180 6.2
10 1500 120 9.2
0   // la ville qui represente le depot
0	30564	56890	31820	17895	12489	56418	45929	7329	18712	12405	18142	28815	19338	52398	46560	27811	34923	62562	25942	14503	34418	6711	7726	19680	47017	57796	11852	14605	20169	35429	32663	53873	29012	53655	41590	19272	22743	38232	4200	39450	37582	22798	55132	54499	53122	27417	58799	22966	57116	5591	31933	65597	31344	33411	25162	55529	67735	16971	30811	39889	28619	44301	39408	55352	16687	35990	52120	34535	33806	52918	44114	27679	14049	42362	33304	48965	24676	72444	37445	58884	36100	20243	17957	23767	45657	14889	51728	28714	8319	22930	19416	58686	39699	37532	51658	42545	29499	33142	32048	10986	27741	38783	50957	22916	15835	50646	17360	29601	21078	26613	38936	34844	42269	25147	31367	54068	56350	49908	24804	44767	28863	51569	30169	55959	33182	48810	21799	36699	41326	25661	61176	19869	30155	41979	31660	21788	
30564	0	30933	23073	43913	21840	82436	16353	35673	9793	38423	22926	6647	11608	78416	72577	26337	46251	36605	51960	17501	34677	32729	33744	23738	73035	83814	37870	40623	15697	40129	58681	32803	55030	79673	67608	45289	25482	64249	30204	65468	66497	48815	81150	35980	79140	25944	32842	48984	40473	31608	57951	48954	10050	51511	51180	49758	93752	13621	56829	73707	18793	21984	65426	90622	42704	51058	78138	41384	59824	78935	70132	53697	40067	68380	59321	19389	52127	98462	63463	20834	19457	46261	43975	49784	71675	18169	77745	26731	34665	11382	45433	84704	19552	69960	77676	77332	55516	59160	50350	37004	53759	64801	76975	48934	41853	34630	32414	34005	47096	52631	22292	14698	68287	15061	57385	37613	93757	33265	50822	70785	12219	77587	57620	34889	16539	74828	19503	62717	67344	51678	20785	45887	31680	67996	57678	3237	
56890	30933	0	9081	70232	30262	108755	24874	61992	42984	64742	23835	34136	22759	84375	91067	22095	22792	10366	47826	43820	60996	59048	60063	31146	99354	110133	64189	66942	20873	11680	34287	21346	81349	105992	93927	71608	21241	90568	56523	96989	43038	40092	86942	62299	111037	18073	6897	75303	66792	57927	72139	75272	37539	28052	77499	76077	120071	46812	83147	50247	11287	36775	91381	67163	31367	27598	104457	17925	86143	67853	96451	49562	66386	94698	85674	7024	78446	95249	89782	5255	45776	72580	70294	36757	97994	26590	73701	15629	60984	17668	38655	111023	34344	46500	105017	53873	51382	55587	26890	63323	80078	91120	103294	44799	68172	43151	60011	31229	73415	34442	48611	42187	94242	15175	66395	38436	70298	59584	34212	97104	38538	103905	83939	26611	42858	101147	19205	89036	81497	46032	6334	41753	28974	94315	37761	32525	
31820	23073	9081	0	36709	22086	112556	23032	37949	19699	35367	18625	37937	14584	64175	94868	19436	26592	14678	43814	22879	64797	62848	63864	23983	103155	113933	67990	30524	11736	15112	33303	26422	54036	109792	97727	39308	18581	94369	31144	100790	46839	34473	90743	66100	114838	15413	3142	79103	70592	33884	49819	79073	29208	27068	81300	79878	123872	17245	86948	54048	4048	34933	95182	70964	32195	31399	108257	21726	89944	71654	100252	45550	32863	98499	89475	6141	54402	99050	93583	4333	49576	34527	35828	28106	101794	18415	77502	12970	31126	9492	33036	114823	32501	50301	108817	57674	47370	51014	20927	35157	83878	94920	107094	40787	71973	41309	47086	27104	77216	28823	52412	35398	98043	5951	38375	44292	74099	63384	26669	100905	42339	107706	59895	31687	46658	104947	13995	92837	59630	40413	9418	37741	24779	98116	32142	19212	
17895	43913	70232	36709	0	17645	54694	42796	22625	34137	7588	18217	44241	26691	28768	26434	24108	24697	37336	5433	29929	48821	11135	14224	12731	44796	55575	10964	7656	23534	31726	21223	59246	16039	51434	39369	3621	19040	36011	14369	32356	26142	11358	39933	69925	46404	23715	39725	20745	72542	18561	14203	81023	46770	21972	17132	70955	65513	24324	28590	28449	33381	59727	26748	43912	9407	24550	56408	30832	24090	41478	41893	7553	3846	40141	21041	43150	31821	61005	35224	39689	51526	4337	5303	13541	43436	18255	40288	25011	12453	27692	9190	56465	55125	26092	40383	31105	9373	13017	21823	10429	25520	43103	48736	2424	7678	66072	31763	19376	11095	15173	54361	50270	29609	28512	19927	69494	44911	65334	14579	42546	44289	49348	44063	61332	48608	44499	21873	33153	21200	14221	44546	4648	19929	39757	20221	37214	
12489	21840	30262	22086	17645	0	63382	28360	17281	11616	15909	7072	26930	10732	51075	45236	16740	25369	32333	24619	14797	43476	13675	14779	4788	53981	64760	18816	11329	9099	24358	31339	44810	35976	60619	48554	20113	11672	45195	10476	46414	36258	21474	53809	52614	60086	16347	25289	29930	55231	13216	30609	63712	29459	26997	32126	53644	74698	8364	37775	38565	18945	40261	45549	54028	13000	27579	59084	23464	40770	51594	51078	26355	13668	49326	39843	28714	33734	71121	44409	25253	34215	15331	16633	15979	52621	3819	50404	17643	10458	13256	18092	65650	37829	36208	59185	41221	28175	31819	20731	14489	34705	45747	57921	21592	22799	46637	26419	19837	28042	25289	37050	32959	48411	14076	30043	49620	55027	48023	15916	51731	26978	58533	39228	46896	31297	55774	10729	43663	40002	24337	30110	18546	22083	48942	30337	18259	
56418	82436	108755	112556	54694	63382	0	100551	57056	73333	54025	69051	83437	77999	32129	33326	84718	86036	116794	49925	69125	78583	51535	55404	63566	16637	12594	47785	58491	73622	112465	70240	108495	39328	16084	16015	51466	69875	21807	57024	24158	79835	71939	31562	109121	9556	74550	113421	41573	111738	57756	51481	120219	85965	73218	39205	110150	34195	76056	31012	77558	83469	98922	29966	59309	59761	75924	29199	115350	34799	55528	16022	46434	54697	23147	37403	103586	56984	40289	25285	113506	90722	57109	58006	75986	17079	68342	48802	75846	59443	77780	58033	24371	94320	76714	15269	72486	47533	42067	83161	58664	36614	40968	17224	52956	48030	105267	61526	80715	45352	73398	93557	89466	28783	78600	59921	108690	54371	104530	75918	19989	83485	5981	51370	110580	87804	10609	72708	28478	36258	54982	115798	54987	81268	28596	69780	76409	
45929	16353	24874	23032	42796	28360	100551	0	50982	24680	53732	29253	13030	19565	76351	70512	32664	45492	33577	49895	32810	49986	48038	49053	30065	88344	99123	53179	36605	22023	34892	47923	16450	70339	94982	82917	45389	31809	79558	45513	80777	65738	46750	79085	34503	94449	32271	27448	64293	41354	46917	55886	44118	9541	42921	66489	39767	109061	22226	72137	72948	18918	11901	80735	89864	38276	43503	93447	40625	75133	90553	85441	51631	38944	83688	74630	19514	49161	96397	78772	20959	22208	40608	41909	41255	86984	24496	75680	33058	37207	17370	43368	100012	9470	52792	92985	76573	53451	57095	36655	52313	69067	80110	92284	46868	57162	18277	40735	40332	62405	43601	25043	12366	83596	21388	55319	21260	92999	30497	39897	86094	17057	92895	54654	18536	19290	90137	25830	78026	65279	49613	20909	43822	38007	83305	46920	20345	
7329	35673	61992	37949	22625	17281	57056	50982	0	24954	15713	22986	35057	27447	55706	49867	32654	38230	68804	29250	20745	27244	10018	11034	18165	45819	56598	15159	17912	25013	40273	35970	60115	27814	52457	40392	22579	27587	37034	8415	38252	40889	26105	58440	39638	51924	32261	65041	19449	63358	6696	35240	71839	37586	36719	23964	51741	66537	27676	29613	43196	34860	50543	38210	58659	19994	39297	45882	39379	32608	56225	42916	30986	17356	41164	32106	55207	17502	75752	36247	65126	42342	23550	21264	27074	44459	19733	55035	33558	11949	29171	22723	57488	45941	40839	50460	45852	32806	36450	35355	14293	25169	32545	49759	26223	19143	56888	10186	32908	24386	29920	45178	41086	41071	29991	34674	60310	59658	56150	28111	43569	35105	50371	22995	62201	39424	47612	26643	33161	44633	28968	67418	23177	33462	33669	34968	28030	
18712	9793	42984	19699	34137	11616	73333	24680	24954	0	27812	17076	15684	6120	67805	61967	26744	35373	49431	41349	5279	40065	22118	23133	14793	62424	73203	27259	21333	13763	28224	48070	41133	44419	69062	56997	34679	21677	53639	19593	54857	52989	38204	70539	41368	68529	26351	22766	38373	43985	20997	47340	52466	18213	37001	40569	42398	83141	4177	46218	55296	16422	31170	54815	70759	23004	37583	67527	54210	49213	68324	59521	43086	23672	57769	48711	27718	41516	87851	52852	22730	22969	35650	33364	25983	61064	13198	67134	26082	18320	10733	34822	74093	26568	52939	67065	57952	44905	48549	30735	26393	43148	54190	66364	38323	31242	37515	26964	29841	36485	42020	25804	21713	57676	14412	46774	40937	71757	36777	25920	60174	15732	66976	47009	43219	20051	64217	17569	52106	56733	41067	29114	35276	32087	57385	47067	7013	
12405	38423	64742	35367	7588	15909	54025	53732	15713	27812	0	16871	36722	25345	33990	31656	22762	28831	35990	12338	22410	41301	5600	8689	11386	42796	53574	7630	6311	22189	30380	26571	61780	17298	49433	37368	8524	17695	34010	7582	35229	31490	16706	49041	62406	48901	22369	66706	18744	65023	11041	21300	73504	39251	27320	20941	63436	63513	22978	26589	33797	32035	52207	35186	49260	8061	29898	47898	29487	29585	46826	39892	14075	3697	38140	21888	56871	28487	66353	33224	38343	44007	5361	11865	17675	41435	16909	45636	23666	5673	26347	13324	54464	47605	31440	47436	36453	16470	20114	25956	4894	23519	34561	46735	9967	8019	58552	24244	23510	11435	20521	46842	42751	38048	27166	25275	61975	50259	57815	18713	40545	36770	47347	37053	63866	41089	44588	20527	32477	26423	19569	69083	13778	24063	37757	25569	29694	
18142	22926	23835	18625	18217	7072	69051	29253	22986	17076	16871	0	29012	15032	47599	45585	10894	19523	18949	24967	20110	56827	20847	20360	5137	61153	71932	25988	11678	8805	18512	26153	46014	35190	67791	55726	20462	6341	52368	16057	51506	27929	21823	50333	58130	65555	10501	21036	37102	60545	18797	30958	69026	32414	21151	36283	58958	81871	13678	44947	33378	17628	41464	45898	50552	13349	21733	66256	17618	43241	48118	58250	26704	14017	56498	40192	25874	39315	67645	51581	24066	39529	15680	16982	12824	59793	5495	46928	11797	12880	13093	18441	72822	39033	31022	59534	36034	28524	32167	14885	16745	41877	52919	65093	21941	22191	47840	31999	18562	30763	21831	42364	41929	48760	13783	26567	50823	51551	53337	12761	58903	32292	65705	44808	48100	36611	62946	4630	50835	40351	24686	28564	18894	16237	56115	25150	22044	
28815	6647	34136	37937	44241	26930	83437	13030	35057	15684	36722	29012	0	16919	75107	69269	31648	49691	40045	48651	14192	32985	29420	30435	27800	69726	80505	34561	37314	21007	43569	55372	28148	51721	76364	64299	41981	30793	60941	26895	62159	69937	45507	77841	22679	75831	31255	36282	45675	32959	28300	54642	41440	5619	54951	47871	31372	90444	17184	53520	62598	24005	16405	62117	78061	39396	54497	74829	44824	56515	75626	66823	50388	36758	65071	56013	24600	36834	95153	60154	26046	11944	42952	40666	46476	68366	23479	74437	32042	31356	16693	42124	81395	13973	60241	74367	65254	52208	55851	53789	33695	50450	61492	73666	45625	38544	24920	28409	39316	43787	49322	14779	9119	64978	20372	54076	28343	79059	25751	47513	67476	4707	74278	42327	30234	9025	71519	24814	59408	64035	48369	25996	42578	36991	64687	54369	8476	
19338	11608	22759	14584	26691	10732	77999	19565	27447	6120	25345	15032	16919	0	61919	56080	18232	26861	27883	35463	9300	45367	26602	27617	15633	66908	77687	31743	22173	7592	23108	33491	36018	45685	73546	61481	30957	17378	58123	17496	59341	35268	32318	64653	46671	76050	17839	17651	42857	49735	20235	41454	58216	20954	28489	45053	60448	87626	3666	50702	40717	10736	31469	56394	64873	23845	29071	72011	24957	53697	62438	64005	37199	24512	62253	50687	22603	40754	81965	57336	17615	28719	26176	27478	26823	65548	10064	61248	19136	17477	5618	28936	78577	29037	38360	70030	43373	39019	42663	22223	21509	47632	58674	70848	32437	35726	37844	32013	25900	40969	29169	31554	25603	59255	9297	40888	40827	65871	42527	25466	64658	21482	71460	46247	38104	25801	68701	11398	56590	50847	35181	23999	29390	23575	61869	32488	10584	
52398	78416	84375	64175	28768	51075	32129	76351	55706	67805	33990	47599	75107	61919	0	4521	46262	47581	79717	25458	59692	69151	42103	45972	44001	34702	41015	38353	38926	54804	57333	32978	105974	16541	43738	26906	27170	46377	23682	45240	17397	37351	33484	12909	99689	24127	50519	87013	32140	102306	48324	20988	110786	76533	35955	20586	100718	57818	55593	18118	32985	64651	89490	12503	31947	35898	38661	53082	55734	13956	28166	29431	22571	32742	29753	14644	90080	55792	31700	22563	87098	81290	34730	34143	37530	32257	49524	21727	52348	43324	58962	37667	48769	84888	33399	17407	35409	21386	15578	44706	42572	28564	39776	41040	29093	28217	95835	52094	42259	24365	34942	84125	80033	8776	59782	21765	99257	27009	95098	37462	31421	74052	33883	50178	111239	78372	24758	53002	23342	9720	27045	89390	31124	42812	29328	31324	66977	
46560	72577	91067	94868	26434	45236	33326	70512	49867	61967	31656	45585	69269	56080	4521	0	47666	48984	85442	22407	56641	66100	39052	42921	40950	34049	41981	35302	35875	51753	81113	34381	111699	13489	40687	27872	24119	47780	25264	42189	18363	38754	30081	14969	96638	25093	51923	92738	29089	99255	45273	22485	107735	73482	37358	17535	97667	54766	52542	15067	34389	61600	86439	9452	33790	32847	40065	50030	57137	10905	30009	30397	19520	29691	29394	11593	95805	52741	33543	23529	92823	78239	31679	31092	38933	33223	46473	23571	53751	40273	55911	31119	45718	81837	34802	18373	41135	18335	13071	46109	39521	25513	36725	37989	26042	25166	92784	49043	43662	21313	36345	81074	76982	5725	56731	23169	96206	28852	92046	38865	31799	71001	34849	47127	98097	75320	25724	50092	20291	6668	25986	95115	28073	44215	29010	32727	63926	
27811	26337	22095	19436	24108	16740	84718	32664	32654	26744	22762	10894	31648	18232	46262	47666	0	8038	19311	24309	27583	60042	27153	30383	15168	73681	84460	32294	15690	12020	13701	15248	43429	34531	80319	68254	25255	5263	64896	25773	50848	17024	16576	49011	61345	64897	4246	19318	39238	65838	28512	31921	74318	35629	10246	35625	75123	94399	23394	57475	22473	20843	44679	45240	49231	15389	10828	81167	12807	42583	46797	70778	26046	20322	69026	39534	24824	49031	66324	64109	22421	44822	20510	18656	13241	72321	13096	45607	6986	19186	16308	15139	85350	42248	20117	58876	25129	27866	32070	3980	23051	56650	67862	77621	21283	28698	51055	41715	7657	30105	10926	47657	45144	48155	16998	20478	54038	50230	58630	10696	71431	37584	78233	54524	51314	41904	75474	7640	63363	41733	22515	26845	18236	5332	68642	14245	25259	
34923	46251	22792	26592	24697	25369	86036	45492	38230	35373	28831	19523	49691	26861	47581	48984	8038	0	14965	28824	59812	76988	34114	37344	27214	78196	88974	39255	24706	24066	9752	15102	43632	39046	84833	72768	29770	17309	69410	32679	55363	13488	21090	53526	78291	69411	13152	24672	43752	82784	36870	36436	91265	53531	8867	40139	92069	98913	35440	61989	23035	29998	65465	49755	45280	22357	8414	85682	8153	47097	51311	75292	30560	27520	73540	44048	27739	57389	70838	68624	24757	61768	25024	23170	17755	76835	25142	50121	12596	30763	29804	19653	89864	63034	16951	63390	25691	32380	36585	7888	30011	61164	72376	82135	25797	33212	63866	50073	12227	34620	15440	64603	58179	52669	26099	22296	60722	46278	75576	15210	75945	54530	82747	62882	48898	58850	79988	19687	67877	46247	27030	27049	22751	9972	73157	16063	48517	
62562	36605	10366	14678	37336	32333	116794	33577	68804	49431	35990	18949	40045	27883	79717	85442	19311	14965	0	40212	45174	62350	60402	61417	25064	100708	111487	65543	25586	20226	5736	26673	27212	82703	107346	95281	41158	15159	91922	57877	98343	44392	32479	88296	63653	112392	11991	7616	76657	68146	59281	73493	76627	38893	20438	78853	77431	121425	27191	84502	51601	13578	41070	92735	68517	25285	19985	105811	10312	87497	69207	97805	41949	67740	96053	87028	11318	79800	96603	91136	8336	47130	36413	34559	29144	99348	24780	75055	9547	62338	19438	31041	112377	38638	47855	106371	55227	43768	47973	19277	64677	81432	92474	104648	37186	69526	47446	61365	23615	74769	26829	49965	43541	95596	15733	36381	44302	71652	60938	26599	98458	39892	105260	85293	32477	44212	102501	14364	90390	57636	38418	10628	34139	21360	95669	30148	33879	
25942	51960	47826	43814	5433	24619	49925	49895	29250	41349	12338	24967	48651	35463	25458	22407	24309	28824	40212	0	36690	55581	13749	17617	19891	41094	51872	10057	14816	30694	35319	22093	66406	12336	47731	35666	3060	26200	32308	21130	28653	27012	12228	36231	76686	42702	28506	46885	17042	79303	25321	9619	87784	53530	22841	13429	77716	61811	31483	24887	27987	40541	66487	23045	38404	11788	25420	52705	33720	20388	35969	38191	3851	8632	36438	17339	50309	36664	55496	31522	46849	58287	10619	10033	14411	39733	25414	34779	32171	19214	34852	10060	52762	61885	26962	36681	31921	4788	8432	22692	18462	21817	39400	45033	3573	6594	72832	38524	20246	7910	16043	61122	57031	25906	35672	16360	76255	39402	72095	15449	38844	51050	45645	40360	68491	55369	40796	29033	29451	17498	13120	83363	7014	20799	36055	21090	43974	
14503	17501	43820	22879	29929	14797	69125	32810	20745	5279	22410	20110	14192	9300	59692	56641	27583	59812	45174	36690	0	40487	17799	18814	17964	58105	68884	22940	25692	16934	53377	43751	41164	40100	64743	52678	30359	24848	49319	15274	50538	48670	33885	66220	41790	64210	29523	46090	34054	44407	16678	43021	52888	18635	44499	36250	42820	78822	7349	41898	50976	19594	31592	50496	66439	27774	47078	63208	54632	44894	64005	55202	38766	25136	53449	44391	36256	30897	83532	48533	46175	23391	31331	29045	34854	56744	16370	62815	29254	19735	13905	30503	69773	26990	48620	62746	53632	40586	44230	33906	22074	38828	49871	62045	34003	26923	37937	22472	40689	32166	37701	26226	22135	53357	17583	42455	41359	67438	37199	35892	55855	16154	62656	36391	43250	20473	59897	20741	47787	52414	36748	48467	30957	41242	53066	42748	9016	
34418	34677	60996	64797	48821	43476	78583	49986	27244	40065	41301	56827	32985	45367	69151	66100	60042	76988	62350	55581	40487	0	36032	37047	44179	55930	67397	37251	43926	49876	70376	61984	66669	49860	65616	59929	46017	59662	56571	34429	56646	96744	52119	81414	16047	71461	60124	63089	38905	36350	32710	57223	46015	38198	81758	46010	29825	68189	43991	51659	103953	52659	44461	60256	84673	46008	81304	47962	71631	54654	82238	62453	51294	43370	55509	54152	53255	23690	101765	53208	63174	31145	49564	47278	53088	57299	52348	81049	77569	37963	45562	48737	59990	46553	66853	68854	107579	52393	56037	80596	40307	42690	41285	57597	52237	42581	50598	19546	84935	41835	55934	28310	41698	63117	49241	60688	57214	85671	36687	54125	54530	24395	69908	28638	68755	29022	67149	53683	50683	57172	54982	65466	49190	82680	51769	60981	37345	
6711	32729	59048	62848	11135	13675	51535	48038	10018	22118	5600	20847	29420	26602	42103	39052	27153	34114	60402	13749	17799	36032	0	3869	15822	40306	51085	5141	10747	22087	34817	28806	56959	22301	46944	34879	12561	22131	31521	5489	32739	33725	18940	51275	57586	46411	26806	61885	16255	60203	6221	22406	68683	34430	29554	18451	58615	61024	24520	24100	36031	31934	47387	32697	51494	12829	32133	45409	33923	27095	49060	37403	23821	7090	35651	26593	52051	26739	68587	30734	61970	39187	8753	14099	19909	38946	16807	47870	28102	7907	26245	15558	51975	42785	33675	44947	38687	17575	21219	28191	7128	21030	32072	44246	19058	9124	53732	19423	25744	14367	22756	42022	37930	35558	27065	27509	57154	52493	52994	20947	38056	31949	44858	32232	59045	36268	42099	24964	29988	29614	21803	64262	16012	26297	35267	27803	24874	
7726	33744	60063	63864	14224	14779	55404	49053	11034	23133	8689	20360	30435	27617	45972	42921	30383	37344	61417	17617	18814	37047	3869	0	11951	45110	55889	9945	6876	19160	30946	24934	58299	28435	51748	39683	12765	18260	36325	3317	37543	29853	15068	47403	58926	51215	22934	63226	21059	61543	7561	24204	70024	35770	25682	23255	59955	65828	19227	28904	32160	29007	48727	39144	47623	8958	28261	50213	30052	31899	45188	42207	19950	6320	40455	33438	53391	28079	64715	35538	35315	40527	12514	10228	16038	43750	13880	43998	24231	3387	23318	11686	56779	44125	29803	52780	34816	21769	25413	24319	3257	25834	36876	49050	15187	12695	55072	20764	21872	19171	18884	43362	39270	42006	24138	23638	58495	48621	54335	17075	42860	33289	49662	33573	60385	37609	46903	21093	34792	33597	17931	65602	12140	22425	40072	23931	26214	
19680	23738	31146	23983	12731	4788	63566	30065	18165	14793	11386	5137	27800	15633	44001	40950	15168	27214	25064	19891	17964	44179	15822	11951	0	56016	66795	20851	6541	10803	22771	26551	46515	30052	62654	50589	15325	10086	47231	11262	46369	31470	16685	49020	55842	60418	14760	26994	31965	58459	18467	25821	66940	32687	27299	31146	56872	76734	11592	39810	33777	20650	41965	40761	49240	8212	29878	61119	21878	38104	46805	53113	21567	8879	51361	35055	30418	34520	66332	46444	26958	37443	10543	11845	14392	54656	5523	45615	16057	7743	14961	13303	67685	39534	31420	54397	36433	23386	27030	19144	11608	36740	47782	59956	16804	17054	48341	27204	18250	25626	20501	40278	36187	43622	15781	25255	51324	50238	51251	14329	53766	30206	60568	40013	48600	34525	57809	9142	45698	35214	19548	31814	13757	20496	50977	25548	21487	
47017	73035	99354	103155	44796	53981	16637	88344	45819	62424	42796	61153	69726	66908	34702	34049	73681	78196	100708	41094	58105	55930	40306	45110	56016	0	11989	36413	47119	62250	101093	58869	97123	31683	7849	10581	40094	58503	10850	45652	18179	68463	60568	39198	97749	22951	63178	102049	30201	100366	46384	43405	108847	74594	61846	27833	98779	21928	64684	19640	66186	72097	87550	23838	66375	48870	64552	16712	103978	23427	63940	13105	37476	43325	6125	28673	92214	32498	57230	18168	102134	79350	45737	49048	64614	6873	56970	62750	64474	48071	66408	49074	12879	82948	65342	24956	61115	38575	37633	71790	47292	25242	15320	4277	43998	36658	93895	42270	69343	33980	62026	82185	78094	30234	67228	48549	97318	67373	93158	64546	3853	72113	10859	26883	99209	76432	18639	61336	17106	31109	46907	104426	46029	69896	10485	58408	65037	
57796	83814	110133	113933	55575	64760	12594	99123	56598	73203	53574	71932	80505	77687	41015	41981	84460	88974	111487	51872	68884	67397	51085	55889	66795	11989	0	47384	58090	73221	112064	69840	108094	42654	4141	14366	51065	69474	25022	56623	24342	79435	71539	45361	82893	19467	74149	113020	41172	111337	57355	54376	119818	85565	72817	38804	109750	19070	75655	30611	77157	83068	98521	34809	77346	59841	75523	20921	114949	34398	74911	14373	48447	54296	18394	39644	103185	46640	53968	29139	113105	90321	56708	60019	75585	10765	67942	73721	75445	59042	77379	60045	9246	93919	76313	25179	72086	49546	48604	82761	58263	36213	29462	9261	54969	47629	104866	61125	80314	44951	72997	93156	89065	36717	78199	59520	108289	78344	104129	75517	14639	83084	6986	41025	110180	87403	20519	72307	28078	42080	57878	115397	57000	80867	21012	69379	76008	
11852	37870	64189	67990	10964	18816	47785	53179	15159	27259	7630	25988	34561	31743	38353	35302	32294	39255	65543	10057	22940	37251	5141	9945	20851	36413	47384	0	12162	27293	36232	34011	62165	18406	43049	30984	8110	23546	27626	10695	28844	38930	24146	49960	62791	42516	28220	67091	12360	65408	11427	17955	73889	39636	34760	14556	63821	57129	29726	20205	59637	37140	52593	28802	59826	13912	37338	41514	35338	23200	57392	33508	11657	8368	31756	22698	57257	22436	76919	26839	67176	44392	10779	19305	25115	35051	22013	56202	29517	13113	31451	20764	48080	47991	38880	41052	54566	13124	16768	33396	12334	17135	28177	40351	11810	4673	58938	21042	30950	10472	27961	47228	43136	31663	32271	42000	62360	60824	58200	26153	34161	37155	40963	25522	64251	41474	38204	26379	26093	23077	27009	69468	13749	31503	31372	33009	30080	
14605	40623	66942	30524	7656	11329	58491	36605	17912	21333	6311	11678	37314	22173	38926	35875	15690	24706	25586	14816	25692	43926	10747	6876	6541	47119	58090	12162	0	17342	25534	21365	53054	24866	57468	45403	10139	12848	42045	9090	41183	26284	9006	43834	64646	55232	17523	33533	26779	67263	13281	20635	75743	41490	22113	25960	65675	71548	18132	34624	28591	27189	54447	35575	44054	3622	24692	55933	24640	32918	41619	47927	16381	3693	46175	29869	36958	33799	61146	41258	33497	46247	7199	5345	10417	49470	12063	40429	18819	7174	21500	6066	62499	49845	26234	49211	31247	18200	21844	18699	6422	31554	42596	54770	11618	11868	60792	26483	16252	20440	15315	49082	44990	38436	22320	20069	64214	45052	60055	11455	48580	39009	55382	39292	55140	43329	52623	15681	40512	30028	14362	38354	8571	16805	45791	20362	31934	
20169	15697	20873	11736	23534	9099	73622	22023	25013	13763	22189	8805	21007	7592	54804	51753	12020	24066	20226	30694	16934	49876	22087	19160	10803	62250	73221	27293	17342	0	19268	27275	38585	40984	68234	56169	26256	11162	52811	18092	57300	29052	27617	59951	50702	71349	11624	15742	38213	55194	20832	36752	63675	24985	22274	40409	64479	82314	12791	45390	34501	10299	34036	51692	60171	19143	22855	66699	18685	49035	57737	58693	32498	19811	56941	45986	18545	41350	77264	52025	16737	34178	21474	22776	20687	60236	5362	56547	12864	18074	5664	24235	73265	31604	32144	65328	37157	34318	37961	16007	22105	42987	53362	65536	27735	27985	40411	34034	19685	36557	22954	37013	34500	54554	5786	32505	43395	61169	47986	19250	59346	26941	66148	46843	40671	31260	63389	5183	51278	46145	30480	21121	24688	17360	56558	26273	14615	
35429	40129	11680	15112	31726	24358	112465	34892	40273	28224	30380	18512	43569	23108	57333	81113	13701	9752	5736	35319	53377	70376	34817	30946	22771	101093	112064	36232	25534	19268	0	21357	32919	45118	107596	95531	35842	12830	92173	33340	61435	19743	27162	59598	72466	75484	9663	13323	49824	76958	36080	42508	85439	47705	15122	46211	86243	121675	25956	84752	40797	17179	46777	55827	57713	22957	14669	108444	4995	53170	58402	98055	36633	27890	96303	50121	17025	56598	85798	91386	14043	55942	31097	29243	22356	99598	20663	64250	7679	26753	18203	25725	112627	44345	23206	69463	31946	38452	42657	13961	30618	83926	95139	104898	31870	39285	53152	49282	18299	40692	21513	58777	52353	58741	14498	31065	50009	60848	69750	21283	98708	48705	105510	62091	38184	53024	102751	14800	90640	52319	33102	16335	28823	16044	95919	24832	42692	
32663	58681	34287	33303	21223	31339	70240	47923	35970	48070	26571	26153	55372	33491	32978	34381	15248	15102	26673	22093	43751	61984	28806	24934	26551	58869	69840	34011	21365	27275	21357	0	55222	34280	65990	53925	23489	18388	50567	27766	45933	6563	11001	34683	83322	55092	19077	36261	37472	85939	31958	19054	94420	60167	6829	33859	84352	80070	38120	43146	8312	35674	73124	35436	30557	18424	7785	66838	19743	37667	29085	56449	24280	22607	54697	34618	39328	52476	56506	49780	36346	64924	20112	18258	14828	57992	32051	34958	21640	25851	31138	16696	71021	68522	5955	49072	10968	23488	26496	13762	25099	42321	53533	63292	19517	26932	79469	45160	10816	28339	7991	67759	63667	34865	32740	11020	82891	31555	78731	12532	57102	57686	63904	63935	60487	62005	61145	22471	49034	28444	16941	38638	16470	11369	54314	5415	50611	
53873	32803	21346	26422	59246	44810	108495	16450	60115	41133	61780	46014	28148	36018	105974	111699	43429	43632	27212	66406	41164	66669	56959	58299	46515	97123	108094	62165	53054	38585	32919	55222	0	86875	111518	99453	61926	41980	96095	62049	97313	63409	60464	107314	49961	110985	38812	27269	80829	53793	63454	92510	57640	25000	48423	83025	52206	125598	38762	88674	70619	24026	24340	111753	103019	54813	47970	109983	38297	91669	103708	101977	68168	55480	100225	106046	18908	64619	131104	95308	22929	37666	57144	58446	57129	103520	41032	109556	36369	53743	28276	59027	116549	21909	66872	125388	74244	69987	73631	47262	68849	85604	96646	108820	63405	73698	27419	56194	51601	78941	54814	40502	24805	114614	28157	86766	17381	106154	42936	54584	102630	32516	109432	70112	6856	34748	106673	36042	94562	101869	66403	18069	60358	49346	99841	58133	36882	
29012	55030	81349	54036	16039	35976	39328	70339	27814	44419	17298	35190	51721	45685	16541	13489	34531	39046	82703	12336	40100	49860	22301	28435	30052	31683	42654	18406	24866	40984	45118	34280	86875	0	37059	24994	14040	36717	21636	28105	19490	43289	22744	26267	80201	33538	39023	87544	12653	82818	28837	14907	91299	57046	33358	4895	81231	51139	47136	12013	41012	51058	70003	13882	41200	22304	35937	44836	44237	7851	38766	27519	8978	19149	25766	5009	74667	32275	58293	20850	87629	61802	21136	20550	24928	29061	35931	37576	42688	29731	45369	20577	42090	65401	40168	27518	35940	10077	12299	33209	29744	13587	31531	34361	15500	10332	76348	32606	30762	6118	26560	64638	60546	13298	46189	23374	79770	42199	75610	25965	28172	54565	34973	41932	81661	58884	31633	39550	20287	7535	18409	89921	17531	31316	25383	33234	47490	
53655	79673	105992	109792	51434	60619	16084	94982	52457	69062	49433	67791	76364	73546	43738	40687	80319	84833	107346	47731	64743	65616	46944	51748	62654	7849	4141	43049	57468	68234	107596	65990	111518	37059	0	13773	46925	65334	20881	52482	23749	75294	67398	44767	104579	22957	70008	108879	37031	107196	53214	50235	115677	81424	68676	34663	105609	17228	71514	26470	73016	78927	94380	30668	73205	55700	71382	19104	110808	30257	70770	13779	44306	50155	14253	35503	99045	42499	62799	24998	108964	86180	52567	55878	71444	10473	63801	69580	71304	54901	73238	55905	8179	89778	72172	30526	67945	45405	44463	78620	54122	32073	25321	5120	50828	43488	100725	56984	76173	40810	68856	89015	84924	37064	74058	55379	104148	74203	99988	71376	10498	78943	9931	36884	106039	83262	18988	68166	23937	37939	53737	111256	52859	76726	16871	65238	71867	
41590	67608	93927	97727	39369	48554	16015	82917	40392	56997	37368	55726	64299	61481	26906	27872	68254	72768	95281	35666	52678	59929	34879	39683	50589	10581	14366	30984	45403	56169	95531	53925	99453	24994	13773	0	35702	54111	6043	41260	10234	64071	56176	31253	93357	15006	58786	97657	25809	95974	41992	39013	104455	70201	57454	23441	94387	29041	60292	15248	61794	67705	83158	16711	61983	44478	60160	28602	99586	19035	50418	2782	33084	38933	7383	24281	87822	41220	49284	9521	97742	74958	41345	44656	60222	9012	52578	43980	60082	43679	62016	44682	19993	78556	60950	17011	56723	34183	29791	67397	42900	20850	25204	11378	39606	32266	89503	45762	64951	29588	57634	77793	73702	22609	62836	44157	92926	49261	88766	60154	6046	67721	10237	35606	94816	72040	10693	56944	12714	23982	42515	100034	41637	65504	12832	54016	60645	
19272	45289	71608	39308	3621	20113	51466	45389	22579	34679	8524	20462	41981	30957	27170	24119	25255	29770	41158	3060	30359	46017	12561	12765	15325	40094	51065	8110	10139	26256	35842	23489	61926	14040	46925	35702	0	21631	31506	17337	29600	28121	13337	37178	69434	43649	26306	42316	16241	72051	18069	11448	80532	46278	23951	14376	70463	61009	26914	24085	29816	35972	59235	23992	40233	12897	26529	53652	33423	21335	37798	37389	4798	6437	35636	18285	45740	32197	57325	30720	42280	51035	8424	11142	15520	38931	20845	36608	27602	15044	30283	11169	51960	54633	28071	37628	44756	6617	10261	23802	13020	21015	40347	44232	4336	4693	65580	31272	21355	8110	17152	53870	49779	26853	31103	18188	69003	41231	64843	16558	38042	43798	44843	31173	70893	48117	41743	24464	30397	18445	14949	76111	6275	21908	35253	22200	36722	
22743	25482	21241	18581	19040	11672	69875	31809	27587	21677	17695	6341	30793	17378	46377	47780	5263	17309	15159	26200	24848	59662	22131	18260	10086	58503	69474	23546	12848	11162	12830	18388	41980	36717	65334	54111	21631	0	63097	20688	49049	22281	14770	47212	60508	63098	4853	18481	38323	65176	23428	30122	73657	34792	15503	33825	63589	92599	18309	55676	27730	20006	43842	43441	47432	10305	16084	79368	11970	40784	44997	68979	24247	15238	67227	37735	23987	43946	64524	62310	21583	44160	15984	14130	9704	70522	10850	43807	6149	14102	15471	13339	83551	41411	25374	57077	30386	26066	30264	9236	17966	43098	66063	75822	19484	23412	50218	36630	12914	28306	16183	46995	44307	46355	16160	23447	53201	48430	57968	8266	69632	36923	76434	49440	50477	41242	73675	6803	61564	39933	20710	26008	16437	10589	66843	19502	24422	
38232	64249	90568	94369	36011	45195	21807	79558	37034	53639	34010	52368	60941	58123	23682	25264	64896	69410	91922	32308	49319	56571	31521	36325	47231	10850	25022	27626	42045	52811	92173	50567	96095	21636	20881	6043	31506	63097	0	36978	11110	59789	51893	32129	89075	15882	54504	93375	21527	91692	37710	34731	100173	65919	53172	19159	90104	35843	56010	10966	57512	63423	78876	15164	57700	40196	55878	22453	95304	14753	55266	6874	28802	34651	5121	19999	83540	36938	50160	5057	93460	70676	37063	40374	55940	8416	48296	54076	55800	39397	57734	40400	26794	74274	56668	17887	52440	29901	28959	63115	38618	16568	14852	19065	35324	27984	85221	41480	60668	25306	53352	73511	69420	21560	58554	39875	88644	58699	84484	55871	7820	63439	14328	31324	90534	67758	11569	52662	8432	22434	38233	95751	37354	61222	6683	49734	56363	
4200	30204	56523	31144	14369	10476	57024	45513	8415	19593	7582	16057	26895	17496	45240	42189	25773	32679	57877	21130	15274	34429	5489	3317	11262	45652	56623	10695	9090	18092	33340	27766	62049	28105	52482	41260	17337	20688	36978	0	38211	32252	17467	49802	55912	51883	24720	60211	21726	58529	4346	26603	67009	32756	28081	23923	56941	66495	17539	29571	34558	27319	45713	38168	50022	11356	30660	50881	31838	32567	47587	42875	22349	8719	41122	35836	50377	24864	67114	36206	33627	37513	14913	12627	18436	44417	12192	46397	26017	4408	21630	14085	57446	41111	32202	50419	37214	24168	27812	29104	5656	26501	37543	49717	17586	13929	52058	17548	24271	19839	21283	40348	36256	41030	22450	26037	55480	51020	51320	19474	43528	30275	50329	30357	57371	34594	47570	19102	35460	35996	20330	62588	14539	24824	40739	26330	23200	
39450	65468	96989	100790	32356	46414	24158	80777	38252	54857	35229	51506	62159	59341	17397	18363	50848	55363	98343	28653	50538	56646	32739	37543	46369	18179	24342	28844	41183	57300	61435	45933	97313	19490	23749	10234	29600	49049	11110	38211	0	59841	38647	21876	89127	19373	54925	93426	21578	91744	37762	30810	100225	65971	49261	19210	90156	37864	56062	11018	57564	63475	78928	9081	44823	38207	51840	28557	60139	14805	41041	12890	24880	34703	13213	18921	83592	36612	42399	6023	93512	70728	37039	36452	40830	15717	48348	34603	58590	39448	57786	36479	28815	74326	56720	14255	52492	25979	22161	49112	38670	16620	20596	20213	31402	28036	85273	41532	46665	25358	42463	73563	69471	13232	58606	39927	88696	39884	84536	41868	14880	63490	20345	30997	90586	67810	14856	55452	7722	16352	34311	95803	33433	47218	12787	49786	56415	
37582	66497	43038	46839	26142	36258	79835	65738	40889	52989	31490	27929	69937	35268	37351	38754	17024	13488	44392	27012	48670	96744	33725	29853	31470	68463	79435	38930	26284	29052	19743	6563	63409	43289	75294	64071	28121	22281	59789	32252	59841	0	16066	39038	99627	59448	20824	46007	55948	104119	37022	23410	112600	74866	8607	53581	113405	90121	43184	53197	5869	51334	86801	39792	29516	23489	5946	76890	17994	47718	28044	66501	29344	27672	64748	44669	49074	57541	55465	59832	46092	83103	25176	23322	19893	68043	37115	33917	20269	30915	34340	21761	81072	84369	4161	53427	9927	28553	31367	14297	30163	52372	63584	73343	24582	31997	85202	50225	15881	33404	13056	85939	79515	39221	31369	16374	82058	30515	96911	17597	67154	75866	73955	73986	70233	80185	71196	25672	59085	32799	22005	48384	21535	15793	64365	12135	69853	
22798	48815	40092	34473	11358	21474	71939	46750	26105	38204	16706	21823	45507	32318	33484	30081	16576	21090	32479	12228	33885	52119	18940	15068	16685	60568	71539	24146	9006	27617	27162	11001	60464	22744	67398	56176	13337	14770	51893	17467	38647	16066	0	36187	73542	53350	21179	36251	27691	76159	22177	11638	84640	50386	12104	24078	74572	81574	28339	44650	18581	37397	63343	33694	36407	8644	14683	68343	26393	31036	33972	57954	14499	12827	56201	27987	45979	42696	53499	51285	43705	55143	10331	8477	7872	59496	22270	32782	23919	16070	31708	3104	72525	58741	16225	47330	21237	13148	16155	15365	15318	43825	55037	64796	9736	17152	69688	35380	12919	18559	4939	57978	53887	30262	32528	12422	73111	37405	68951	7804	58607	47906	65408	48189	65347	52225	62649	24573	50539	28908	6600	45289	6690	13472	55818	10353	40830	
55132	81150	86942	90743	39933	53809	31562	79085	58440	70539	49041	50333	77841	64653	12909	14969	49011	53526	88296	36231	66220	81414	51275	47403	49020	39198	45361	49960	43834	59951	59598	34683	107314	26267	44767	31253	37178	47212	32129	49802	21876	39038	36187	0	108526	23296	53240	89390	42621	111143	57161	30052	119624	85371	37483	35287	109556	58906	63323	32061	34513	72381	98327	23202	24138	43628	40189	49600	50396	27210	20357	33933	30959	41130	34255	23032	92457	57654	21563	27066	89475	90127	45315	43461	40251	36759	57254	13918	55069	51054	66692	40388	49858	93725	34927	16576	37787	29774	24870	47427	50302	37663	41638	41255	37481	36605	104672	62574	44980	32752	37663	92962	88871	17164	67512	24186	108095	19199	103935	40183	35923	82890	33053	52040	125601	87209	23927	55723	28764	18107	35381	91767	41674	45533	33830	34045	75814	
54499	35980	62299	66100	69925	52614	109121	34503	39638	41368	62406	58130	22679	46671	99689	96638	61345	78291	63653	76686	41790	16047	57586	58926	55842	97749	82893	62791	64646	50702	72466	83322	49961	80201	104579	93357	69434	60508	89075	55912	89127	99627	73542	108526	0	97256	62116	65081	54504	21255	49724	76067	30920	27024	83750	69296	14730	83787	38609	74945	105945	54652	29366	83542	99486	60820	83296	63560	73623	77940	97051	88248	71813	58183	71108	77437	55247	39288	116578	81579	65166	16050	64377	62091	67900	89791	54340	95861	79561	52781	47554	63549	75589	31812	81666	95792	109571	73632	77276	82589	55120	58289	56884	95091	67050	59969	35503	29309	86927	65212	70747	13215	30524	86403	51233	75501	42119	100484	21592	68938	88901	20019	95703	44237	51639	18146	92944	55675	66281	85460	69794	67458	64003	84672	67367	75794	39337	
53122	79140	111037	114838	46404	60086	9556	94449	51924	68529	48901	65555	75831	76050	24127	25093	64897	69411	112392	42702	64210	71461	46411	51215	60418	22951	19467	42516	55232	71349	75484	55092	110985	33538	22957	15006	43649	63098	15882	51883	19373	59448	53350	23296	97256	0	72629	109079	37231	107396	53414	43191	115877	81623	58065	34863	105809	39237	71714	26670	55095	79127	94580	21676	46218	51809	60771	40024	77843	25685	42437	16724	38482	48653	18805	29113	99244	52642	39252	20943	109164	86380	50640	50054	54432	19210	64000	35999	74457	55101	73438	50081	29413	89978	55508	6979	60987	39581	33777	66815	54322	32272	36626	22266	45004	43688	100925	57184	64368	41010	57052	89215	85124	20493	74258	43875	104348	41280	100188	59572	20473	79143	11023	47028	106239	83462	5106	69054	24136	27968	46692	111456	47035	64922	24254	53434	72067	
27417	25944	18073	15413	23715	16347	74550	32271	32261	26351	22369	10501	31255	17839	50519	51923	4246	13152	11991	28506	29523	60124	26806	22934	14760	63178	74149	28220	17523	11624	9663	19077	38812	39023	70008	58786	26306	4853	54504	24720	54925	20824	21179	53240	62116	72629	0	14879	42257	64687	27362	36178	73168	34479	15933	39882	73973	98656	22243	61732	26730	16974	43529	49497	53488	14239	15916	85424	8369	46840	51054	75035	30303	19172	73283	43791	20385	47880	70580	68366	17982	43672	19918	18064	13638	76578	11945	49864	2548	18036	15158	19395	89607	41098	24374	63133	29386	32122	36327	9792	21900	60906	72119	81878	25540	27346	49905	40564	11914	34362	15183	46507	43994	52412	14294	24735	52888	54486	57479	12200	75688	36434	82490	53374	44255	40753	79731	6490	67620	45990	26772	22406	22493	9589	72899	18502	24109	
58799	32842	6897	3142	39725	25289	113421	27448	65041	22766	66706	21036	36282	17651	87013	92738	19318	24672	7616	46885	46090	63089	61885	63226	26994	102049	113020	67091	33533	15742	13323	36261	27269	87544	108879	97657	42316	18481	93375	60211	93426	46007	36251	89390	65081	109079	14879	0	76942	68431	59567	73778	76912	39178	29691	79138	77716	121710	20387	84787	51887	7190	38075	93020	68803	28569	29238	106096	19564	87782	69492	98090	43804	36005	96338	87314	9237	80085	96888	91421	6834	47415	34247	32393	27967	99633	21557	75340	12831	34268	12634	32897	112662	35644	48140	106656	55512	45624	49829	20788	64962	81717	92759	104933	39041	69811	44451	61651	26965	75054	28684	50250	43826	95882	9093	68034	44805	71938	61223	26530	98743	40178	105545	85578	32980	44497	102786	16407	90675	83136	40274	11131	35995	24640	95954	32003	34165	
