//--------------------------------------------------------------------------------------------------------------------
//-- données sur les YVELINES récupérés par le géocodeur (matrice symétrique)
//-- 
//-- C. Duhamel, P. Lacomme C. Prodhon - juillet 2009 : 5400 kg à collecter, flotte de capa 8000
//--------------------------------------------------------------------------------------------------------------------
189 4 999999 0 0 0
25 20 50 0.7
5 100 165 2.2
10 200 185 2.4
10 500 250 2.5
0   // la ville qui represente le depot
0	70430	69733	72076	24121	52334	46394	52037	54815	97046	42916	40879	18846	93302	69195	52093	70352	49872	86016	19103	64306	62133	24147	63780	68300	67283	47335	59858	46620	30251	29209	74893	49681	54838	29010	68644	36253	76517	49556	72520	90830	43060	58588	97957	38222	44935	78298	16331	84863	41937	72275	45848	63302	79073	34528	47020	80935	54685	51497	37948	32331	50509	58427	32825	54119	21851	52558	57973	52284	46414	26719	48241	68938	32194	85282	98656	64339	50135	84519	38605	62560	86577	82095	53294	48486	51234	51047	74653	32871	63128	35523	71428	77916	73505	60212	34678	39179	62384	39214	56223	76486	56335	60789	40738	61227	79144	16701	46384	49128	90659	9292	42448	41011	67090	29045	58105	29345	33036	63947	54540	8577	35384	68014	73816	53030	67693	64932	44867	60333	46174	38227	51618	41528	36802	62736	54298	84224	43030	102235	57663	13578	35523	61542	15495	74541	89815	73909	35811	100839	54222	37918	93141	88552	25385	79095	51437	31958	25085	55463	81261	32495	29050	29201	44330	42456	102800	100432	37501	68531	53703	14814	11211	25209	4497	26526	13942	22577	8585	91883	12203	44153	86588	55205	73352	43989	45938	46675	86748	21066	48034	
70430	0	6457	25603	46911	33078	20152	55523	29846	50573	30061	27429	54335	46829	20632	16139	51526	27685	39543	56776	9626	13822	46149	12385	8129	19379	35360	15074	19642	41144	37184	4463	25279	17173	41856	17892	33725	30044	18158	26046	44357	24004	11037	51483	55664	49665	31825	58271	38389	30638	30103	60953	10775	32599	36805	37407	35318	13894	17494	46709	36054	19894	11116	35701	12362	46179	12618	15449	18431	21962	40832	37274	22465	39298	38809	52182	47920	16240	38046	35751	7093	40104	35622	11388	29147	16029	33547	7862	39650	14006	44618	29434	31443	32074	12212	48295	29455	15746	29298	18524	34686	52144	14152	27389	10175	32671	50430	61644	19357	44185	66235	24132	27607	3808	53338	15911	44374	41643	9251	48264	58547	31246	10019	16487	39412	17905	14787	24550	12359	19604	31228	27200	31805	62490	14116	43664	37751	35989	55761	38647	56456	60345	47401	64690	16323	42197	30686	45287	54769	35085	49181	46668	40800	61584	31228	36209	67797	53492	31976	34539	39115	48612	39041	34497	58806	56326	53959	34146	52112	31968	56755	62376	56513	65916	64038	63887	60648	72639	45410	68608	35373	40115	55029	26273	24695	37839	30624	40275	47834	40661	
69733	6457	0	20058	49402	23347	27199	48861	22274	48885	26223	29919	56826	45141	17012	18123	49837	39160	37855	59267	6743	20080	48639	10576	1672	9857	37850	17388	19354	43634	39674	5668	19553	17227	44347	14272	36215	28356	14320	20898	32820	31879	12631	49795	49002	43003	23915	60761	36701	33128	16643	54291	17033	30911	30143	39898	21858	15877	19477	40047	38544	26175	16412	38191	14345	48669	14602	15503	16327	24232	43322	39764	12640	41788	37121	50494	46232	18223	36357	38241	13351	38415	33933	13371	23421	18012	24691	5012	42140	7548	37956	12279	29755	18614	18471	41633	31946	12127	25460	20507	20556	50456	12536	23551	8487	30983	52920	54982	24794	42497	68726	30720	23768	10067	46676	17895	46865	44134	15509	46576	61037	33736	3562	11963	41903	8382	8330	33139	10275	21587	27389	32086	34295	55829	11077	41976	36063	32151	54073	36959	58947	53683	45713	67180	11799	28067	17334	38625	52677	33397	42519	44980	26669	64075	23165	34520	61135	55982	30288	25331	32453	51103	35202	29056	52145	54638	52271	30308	50424	30279	59245	64867	59003	68407	66529	66377	63138	75129	43722	71098	31534	38427	53341	15702	20856	28983	43063	38586	50324	31806	
72076	25603	20058	0	54357	5208	32155	26485	5895	29005	14352	34875	61781	25261	3988	32682	29958	44115	17975	64222	19242	36884	53594	17441	18238	10202	42805	35727	20882	48589	44629	25339	13683	35459	49302	6126	41170	4275	17280	3739	22789	36834	19495	29915	37776	20346	7627	65717	12801	38084	9112	37228	35617	8401	24275	44853	10263	38419	32118	22421	43499	31130	28546	43147	22190	53625	33148	36577	10613	25760	48278	44720	6629	46744	17241	30614	26352	30725	16477	43196	26797	18535	14053	21216	10358	31823	9709	24591	27233	13417	22787	8264	6816	10342	38435	26464	36901	8771	22282	36845	13323	21565	12188	25078	16738	8473	57876	34298	29750	22617	73681	35675	17954	22347	31508	23023	28348	49089	37372	17684	65993	38691	17952	14008	46858	11367	12644	38094	12553	24882	19462	37041	39251	44603	16397	13084	16183	16934	34193	17079	63902	42457	25833	72135	11377	21773	10746	27400	32797	9316	25076	25100	12447	43226	15932	10439	49910	60938	4810	18097	24555	33217	27661	14074	40919	34758	32391	20816	30544	4098	64201	69822	37203	73362	45680	71333	68094	80085	23842	76054	16318	18547	33461	10189	19344	14001	48018	18706	55279	16824	
24121	46911	49402	54357	0	35956	27459	35659	38437	78111	26538	21944	14053	74367	50260	33158	53974	27016	67081	10011	45371	43198	5789	44845	49365	48347	21413	40923	27685	13698	10273	55958	33303	35903	10653	49708	17317	57582	30621	53584	71895	24124	39653	79021	22594	28557	59363	17207	65927	24182	53340	30220	44367	60137	16352	33055	62000	35749	32562	21569	13396	31573	39492	17358	35183	5421	33623	39038	35906	27479	5275	26692	50003	12698	66347	79720	47961	31200	65584	20248	43625	67642	63160	34359	32108	32299	34668	55718	13935	44193	19145	52493	58981	54570	41277	18300	20243	43448	22836	37288	57551	39957	41854	21803	42292	60209	9366	30756	30193	71723	18088	23513	24633	48155	13417	39170	11168	16482	45012	38162	17483	16449	49079	54881	35060	48758	45997	25932	41397	27239	21849	32683	20296	20985	43801	37920	65289	26652	83300	41285	14215	19895	45164	23626	55605	70879	54974	19433	81903	37844	21240	74206	69616	18503	60160	35059	24724	6727	39085	62326	14319	9119	12823	27952	26828	83864	81497	21123	52153	37325	15691	21313	12480	24853	20957	15171	20328	31575	72948	27544	27775	67653	38827	54417	27611	29560	23819	67813	3170	31656	
52334	33078	23347	5208	35956	0	24073	23695	3786	28044	9849	25680	49741	24300	7340	39794	28997	51227	17014	44727	26675	43996	39871	22030	21589	13554	49917	42839	16379	55701	28309	37261	9180	42571	37370	9478	26650	4685	14796	8625	21828	25522	25133	28954	28817	15276	8588	46520	13763	45196	13997	31565	42729	9363	19772	51965	11225	21685	39230	17351	50611	38242	35658	50259	27828	32140	40260	43689	6905	21257	28271	51832	11515	31565	16280	29653	25391	37837	15517	50308	33909	17575	13092	23982	5855	26565	2939	27943	22730	16768	17718	13150	7777	15227	31157	21394	44013	12122	17780	20041	13883	18338	11106	20576	23850	9435	38679	23704	36862	21656	54484	28053	13451	29459	26438	18520	23845	56201	44484	18260	46796	26271	21304	18894	53970	16252	15996	45206	22400	20379	14959	44153	46363	35644	20572	13494	15222	11864	33232	16118	44706	33498	24872	52939	16263	20812	15631	18441	31836	9726	20006	24139	13409	38156	17746	8628	40950	41443	3084	18465	20052	28714	23158	9004	31960	33797	31430	16313	29583	2400	45004	50626	32133	54166	40610	52136	41650	60888	22881	56857	11248	17586	20981	15075	14841	8931	55130	17746	35784	11754	
46394	20152	27199	32155	27459	24073	0	40217	34698	55426	24017	7418	39029	51682	27574	7599	56378	13793	44396	41470	22686	14755	30843	13205	26679	25662	20054	12480	9903	25838	21878	22681	15416	9163	26550	27023	18419	34897	12583	30899	49210	4144	11857	56336	40358	34359	36678	42965	43242	15229	30654	45647	15925	37452	21499	22102	39314	6758	5822	31403	20748	4834	11828	20395	7520	30873	6721	10595	18290	9776	25526	21968	27318	23992	43661	57035	52773	6131	42898	20445	15961	44956	40474	7033	19283	3874	23683	26080	24344	21507	29312	29807	36296	31884	12834	32989	14150	20763	21877	3894	34866	44515	19168	19505	19606	37524	35124	46338	3915	49038	50929	5205	18101	14842	38032	8336	29068	26338	16570	53116	43241	15940	26394	32196	24106	26073	23311	8417	18712	9853	24537	11747	16499	47185	14936	48516	42604	32436	60614	43500	41150	45039	52253	49384	32920	48194	32289	29981	59218	39937	33875	51521	46931	46279	37475	27672	52491	38186	36829	39640	23809	33306	29433	28315	43501	61179	58811	25888	56965	36820	41449	47071	41207	50611	48732	48581	45342	57333	50263	53302	34446	44968	43385	31732	15189	27975	16731	45127	32528	38434	
52037	55523	48861	26485	35659	23695	40217	0	26935	38705	23444	28025	45831	34961	59037	41935	23985	40738	27675	44227	44177	51975	39371	41096	58142	57125	39428	49700	32280	45361	28105	53800	30209	44680	46074	58486	28241	22187	35216	62362	32257	32221	44198	39616	3815	9869	31249	25846	20128	34706	62117	8605	53144	29231	24043	41476	34087	44527	41339	11256	31063	40351	48269	31892	43961	21293	42400	47815	32812	28893	28067	41343	58780	31361	26709	40314	17972	39977	22758	39969	52402	26421	22414	43136	29014	41076	22212	64495	23875	52970	14426	61270	22864	37510	50054	16287	30849	52226	19742	46065	36544	5690	50631	26398	40442	28123	24523	4250	38970	29111	43276	32746	21539	45997	13629	37687	23641	45498	53789	12301	35588	27863	57856	63658	43481	57535	54774	37115	50175	31980	18755	41104	36023	11883	39638	14620	19974	17050	43894	18725	33497	9737	15033	33117	64383	31241	63751	10696	42498	17747	9474	34568	29978	21579	41126	16597	17190	40943	26087	38771	19848	20535	22659	19953	7491	44459	42091	18029	22164	25823	33795	39417	19806	42957	23310	40928	29323	49680	33310	45648	19059	21142	3336	63194	30296	15762	44641	18643	25789	12759	
54815	29846	22274	5895	38437	3786	34698	26935	0	33464	11749	25517	51642	29720	6288	37141	34416	48574	22434	46627	21542	41343	41771	19740	20537	12502	47264	40186	16216	53048	49088	27639	9017	39918	53761	8425	26486	8280	12800	8198	27248	25358	21795	34374	35174	17421	11633	48421	16807	42543	13571	33710	40076	12407	21672	49312	14269	21522	36577	19496	47958	35589	33005	47606	24490	34040	37607	41036	5683	21093	30171	49179	11088	51203	21700	35073	30811	35184	20936	47655	31256	22994	18512	23819	7756	36282	6784	26891	24630	15716	19862	12723	10821	14801	42894	23539	41360	11070	19680	19878	17782	20483	9884	20412	17187	12479	40580	25849	34209	27076	56385	40134	16959	26806	28583	18356	25745	53548	41831	20405	48697	43150	20252	18467	51317	15826	14944	42553	14853	20215	16859	41500	43709	42001	17222	16479	20642	14009	38652	21538	46606	39855	30292	54839	15836	26232	15205	24798	37256	13321	22150	29559	24969	43254	20391	10773	47307	43343	6651	22556	21952	30615	25059	11149	38317	39217	36850	18213	35003	4891	46904	52526	37231	56066	45708	54036	46748	62789	28301	58757	13393	23006	23126	14648	16245	11076	52477	23165	37685	13899	
97046	50573	48885	29005	78111	28044	55426	38705	33464	0	37442	59256	86162	11751	31438	57064	13775	68496	16482	88603	43944	61266	77975	43897	46725	33516	67187	60108	51115	72971	69010	54531	36773	59841	73683	33346	65552	25265	46080	29416	18347	61216	45951	5006	45758	35851	23711	90098	19982	62465	36067	35284	59998	21693	68632	69234	26549	62800	56500	38757	67881	55511	52927	67528	48646	78006	57529	60958	37833	64570	72659	69101	32730	71125	19171	3513	19155	55106	15489	67578	51178	14207	17266	47672	33449	56205	32800	53036	71477	42386	42625	35220	23304	29972	62816	46302	61282	36354	69009	61226	27459	33773	41159	66638	41119	20585	82257	37494	54131	10217	98062	60057	41044	46728	51346	63107	76201	73470	61753	29892	90374	63073	48048	40964	71239	37083	37130	62476	39669	64624	42552	61422	63632	53031	42853	25292	19380	36772	10004	20276	88283	50885	24844	96517	38332	19785	31702	77114	4202	24399	42523	22875	22440	93411	28329	31429	58338	85319	27197	25975	47645	80439	50752	37164	44400	10122	7754	40505	16226	27189	88582	94203	88340	97743	64458	95714	92475	104466	16494	100435	36156	17558	36657	37144	42434	37092	72399	21903	79661	32329	
42916	30061	26223	14352	26538	9849	24017	23444	11749	37442	0	17396	40442	33934	15865	30209	32654	30108	26648	35428	22351	33205	30571	19271	23646	18738	28799	30930	10455	27600	19010	31975	9307	31773	28070	14267	17103	14870	14922	17423	31462	16736	22373	38588	23974	13431	18222	37221	18313	24077	22796	29263	39674	18997	10473	30846	20859	21812	28432	15020	19925	27443	29655	20754	25069	22840	31771	29045	9779	12091	18972	30713	20313	22266	25914	39287	26641	29348	25151	29339	28622	27209	22726	24109	5982	26692	9606	30000	13431	18825	12928	21949	17411	24026	31284	15989	19711	14418	8480	20168	23517	16920	15342	10147	18617	19069	29380	29955	26525	31290	45185	18717	4152	24172	21649	18647	14546	30906	30551	16842	37497	16725	23361	27692	32851	25051	19161	26485	19094	13860	5660	30474	25393	30801	17813	16600	24856	6340	42866	19965	35406	28655	23844	43640	25061	30446	24430	13598	41470	14740	17492	33773	23043	32055	27380	11955	36108	32144	12958	28099	10753	19415	13859	4848	27117	43431	41064	7014	30833	11198	35705	41326	26031	44866	34509	42837	35548	51589	32515	47558	5724	27220	19562	23873	5541	6664	34012	22263	26485	10336	
40879	27429	29919	34875	21944	25680	7418	28025	25517	59256	17396	0	31664	56256	32148	15046	60952	13849	48970	31674	27259	25086	23478	26733	31253	30236	12539	22811	9261	18473	13931	37846	18332	17791	19185	31597	7117	39470	17021	35473	53784	3491	16122	60910	29056	23058	41251	35018	47816	7818	35228	34345	26256	42026	10198	14587	43888	13421	14450	20102	12801	13462	21380	12448	17072	22926	15512	20926	28021	6846	17579	14454	31892	16045	48235	61609	57347	13089	47472	13080	25513	49530	45048	16247	22199	14187	26599	37606	15000	26081	18010	34381	40870	36458	23165	21687	4709	25337	10575	11861	39440	33214	23742	8204	24180	42098	27177	35037	12082	53612	42982	4898	13422	30044	26731	10968	17553	18609	26900	34248	35294	6966	30968	36769	16592	30647	27885	10226	23286	6606	13236	14215	9134	35883	25689	34006	47178	21135	65188	48074	33204	33737	56827	41437	37494	52768	36862	18680	63792	44511	22574	56094	51505	38449	42048	31144	41190	28390	41403	44214	12508	25360	18132	24038	32199	65753	63385	14587	61539	41394	33502	39124	32426	42664	40903	54997	37395	49386	54837	45355	23144	49542	32084	36306	12102	25646	17752	49701	24581	27132	
18846	54335	56826	61781	14053	49741	39029	45831	51642	86162	40442	31664	0	83390	59282	42181	88086	23634	76104	4024	54394	52269	11232	53867	58387	57370	18031	50029	43508	15425	24358	64980	47754	44926	13788	58731	26167	66605	46443	62607	80918	32443	48676	88044	42418	43596	68386	24335	74950	27317	62363	50044	54823	69160	30436	28638	71022	39667	41585	36609	21801	31185	48514	20494	44206	22300	42646	50878	50628	35798	19359	23311	59026	19083	75370	88743	84481	40223	74606	19314	52648	76664	72182	43381	47147	41322	49708	64741	25290	53215	34184	61515	68004	63593	50299	33339	25860	52471	39997	38468	66574	54997	50876	37626	51314	69232	20746	50580	39216	80746	9633	29935	39672	57178	33241	40349	25252	13251	56578	53201	15853	28367	58102	63904	34648	57781	55020	32844	50420	35558	36889	38878	23431	40998	52824	52959	74312	41691	92322	75208	12424	39719	60203	26494	64628	79902	63997	34472	90926	52883	42114	83229	78639	31145	69183	50098	41649	7308	68537	71348	28403	25998	27863	42991	46652	92887	90520	36163	88673	68528	24926	22210	29405	24637	32286	4919	28337	19529	81971	16604	42814	76676	53866	63440	41524	44600	20437	76835	18725	46695	
93302	46829	45141	25261	74367	24300	51682	34961	29720	11751	33934	56256	83390	0	28155	53781	15715	65214	13200	85321	40662	57983	74693	40615	43442	30234	63904	56826	47832	69688	65728	51248	33491	56558	70401	30064	62269	21982	42798	26133	21436	57933	42669	14585	42475	32569	20429	86815	16699	59182	32785	37142	56716	18411	65349	65952	23267	59518	53217	35474	64598	52229	49645	64245	45364	74724	54246	57676	34551	61288	69376	65819	29448	67843	15888	14501	22081	51823	12206	64295	47895	14090	13984	44390	30166	52922	29517	49754	68194	39103	39343	31937	20021	26689	59534	43020	58000	33072	65727	57943	25724	30490	37877	63355	37837	17302	78974	34212	50848	20016	94780	56774	37762	43446	48063	59825	72919	70188	58471	26610	87091	59790	44766	37681	67957	33801	33848	59193	36387	61342	39270	58140	60349	49749	39571	22010	16097	33490	8932	16993	85001	47603	21562	93234	35050	20421	34419	73832	16684	21116	39241	23747	19158	90129	30306	28147	55055	82037	23914	27951	44363	77157	47469	33882	41118	19428	17061	37223	19663	23906	85299	90921	85057	94461	61175	92431	89192	101184	22490	97152	32873	14276	33375	33862	39152	33809	69117	18621	76378	29046	
69195	20632	17012	3988	50260	7340	27574	59037	6288	31438	15865	32148	59282	28155	0	29674	32615	41106	20633	61213	16238	33875	50585	14436	15233	5454	39796	32718	19310	45580	41620	22334	11769	32450	46293	3121	38161	7549	14276	4422	25447	33826	16490	32573	60100	21857	12915	62708	19479	35075	8004	39886	32608	13689	41242	41844	15551	20718	29109	23932	40491	28121	25537	40138	19186	50616	30139	33568	7609	24188	45269	41711	4668	43735	19899	33272	29010	27716	19135	40187	23788	21193	16711	18211	11868	28814	11220	21586	44087	10412	24298	7157	12533	9234	35426	27975	33892	5766	23793	33836	12216	33234	9183	23507	11883	13761	54867	36956	26741	25275	70672	32667	19506	19338	33018	20533	48811	46080	34363	29354	62984	35682	14948	12901	43849	9021	9640	35086	9548	37234	20972	34032	36242	66927	13392	24754	18841	18445	36851	19737	60893	64781	28491	69126	10270	24431	9638	49724	35455	12590	26586	27758	23168	66021	14825	13714	72234	57929	8085	16990	26065	34728	29171	15584	63243	37416	35049	22326	33202	7373	61192	66813	60949	70353	68475	68324	65085	77076	26500	73045	17828	21205	36119	9082	18792	15512	45009	21364	52270	18334	
52093	16139	18123	32682	33158	39794	7599	41935	37141	57064	30209	15046	42181	53781	29674	0	59025	11998	47042	44117	14014	8113	33489	11064	17423	28308	22700	5821	15684	28484	24524	20539	21196	2546	29197	29669	21065	37543	18364	33545	51856	12518	9716	58982	43004	37006	39324	45612	45888	14517	33301	48293	12274	40098	24146	13456	41961	9173	1987	34050	23394	4387	10145	23042	5246	33520	5225	4637	24070	18149	28173	13323	29964	26639	46308	59681	55419	2992	45545	23091	13773	47603	43121	6855	25063	5722	29463	23939	26990	24154	31958	32454	38942	34531	9524	35635	16796	23409	24523	12235	37512	47162	21815	22151	12952	40170	37771	48985	5140	51684	53576	11271	23881	12701	40679	14116	31715	23161	12936	55763	45888	18586	18118	23237	15465	28719	25958	8862	21358	15633	27183	12046	19145	49831	12795	51163	45250	35083	63261	46146	43797	47685	54900	52030	35566	50840	34935	32628	61864	42584	36522	54167	49577	48925	40121	43708	55137	40833	39475	42287	26455	35953	32080	37986	46147	63825	61458	28535	59611	39467	44095	49717	43853	53257	51379	53870	47989	59980	52909	55948	37092	47614	46032	34378	20969	33755	14936	47774	35174	41080	
70352	51526	49837	29958	53974	28997	56378	23985	34416	13775	32654	60952	88086	15715	32615	59025	0	72341	14914	63873	47789	65110	59016	47742	50569	37361	71031	63953	54959	76815	72855	58375	40618	63685	77528	37191	69396	29109	49925	33260	21999	65060	49796	16000	26701	27159	27556	50263	21603	66310	39912	22135	63843	25538	38918	73079	30394	66645	60344	37019	71725	59356	56772	71373	52491	45710	61374	64803	41678	44466	46264	72946	36575	74970	18001	15506	6006	58951	16344	71422	55023	15214	20550	51517	37293	60049	29449	56881	41875	46231	35364	39064	27148	33816	66661	42050	65127	40199	36925	65070	32851	22486	45004	52161	44964	24430	48940	19735	57976	10397	67693	63901	36263	50573	38046	66952	41837	77315	65598	16199	60005	66917	51893	44808	75084	40928	40975	66320	43514	68469	34547	65267	67476	34645	46698	19847	18111	29511	11901	18806	57914	32499	10584	59291	42177	22123	41546	36459	17689	24443	32359	25383	26285	44340	32008	25064	39951	60588	31042	29653	38045	47860	42304	28045	24521	20311	17944	33244	3077	31033	58212	63834	44223	67374	46072	65344	53740	74097	24125	70065	28895	14302	21247	40989	37653	26127	76244	16258	50206	25068	
49872	27685	39160	44115	27016	51227	13793	40738	48574	68496	30108	13849	23634	65214	41106	11998	72341	0	57150	26703	35440	20226	21140	34913	39433	38416	5295	17934	24979	13554	21701	46026	29225	14659	17583	39777	18011	47651	27915	43653	61964	11926	29722	69090	39950	33951	49432	42789	55996	4493	43409	45239	24387	50206	21091	3819	52068	18802	11318	30995	20572	8571	29560	20219	25252	30697	23692	16749	32099	15791	25350	1865	40072	23816	56416	69789	65527	21269	55652	12560	33694	57710	53228	24427	33092	16412	37492	45787	25894	34261	28904	42561	49050	44639	31345	32581	13973	33517	21468	17228	47620	44107	31922	19097	32360	50278	34948	45930	10133	61792	40932	9564	24315	38224	37624	19109	28892	11619	35081	45141	43065	15763	39148	44950	10738	38827	36066	5865	31466	15551	24129	7243	7422	46776	33870	44899	55358	32028	73368	56254	40974	44631	65008	49208	45674	60948	45043	29573	71972	52692	33467	64275	59685	46102	50229	42038	52083	26531	49583	52394	23401	33130	29025	34931	43092	73933	71566	25480	69719	49574	41273	46894	41031	52562	48556	38227	45166	48630	63017	45942	34038	57722	42977	44486	22995	36539	3395	57881	28633	38026	
86016	39543	37855	17975	67081	17014	44396	27675	22434	16482	26648	48970	76104	13200	20633	47042	14914	57150	0	77352	32693	50014	66724	32646	35473	22265	55935	48857	39863	61719	57759	43279	25522	48589	62432	22095	54300	14013	34829	18164	13467	49964	34700	11940	31761	24600	12460	78846	8730	51213	24816	28081	48747	10442	57380	57983	15298	51549	45248	27505	56629	44260	41676	56276	37395	66755	46277	49707	26582	53319	61407	57850	21479	59874	7919	17746	13054	43854	3179	56326	39926	3848	3824	36421	22197	44953	21548	41785	60225	31134	31374	23968	12052	18720	51565	35051	50031	25103	57758	49974	17755	22521	29908	55386	29868	9334	71005	23498	42879	6243	86811	48805	29793	35477	41138	51856	64950	62219	50502	18641	79122	51821	36797	29712	59988	25832	25879	51224	28418	53373	31301	50171	52380	39035	31602	12382	5778	25521	21325	9024	77032	36889	12535	85265	27081	12452	26450	65863	19929	13147	31272	13351	11189	48730	22337	20178	44341	74068	15945	19982	36394	69188	39500	25913	30404	16251	13883	29254	13559	15937	77330	82952	77088	86492	50462	84462	81223	93215	12094	89183	24904	5249	22661	25893	31183	25840	61148	7668	68409	21077	
19103	56776	59267	64222	10011	44727	41470	44227	46627	88603	35428	31674	4024	85321	61213	44117	63873	26703	77352	0	54140	51967	8672	53614	58134	57117	21203	49692	43254	13487	20138	64727	43168	44672	13535	58478	25914	66351	46190	62354	80665	32190	48422	87791	32459	38422	68132	19554	74697	27064	62109	40085	66331	68907	26217	40145	70769	39414	41331	31434	21548	40343	48261	20241	43953	15286	42393	47807	45771	35544	15140	26482	58773	18829	75116	88490	57826	39970	74353	19860	52394	76411	71929	43128	41973	41068	44533	64487	23800	52962	29010	61262	67751	63339	50046	28165	25607	52218	32701	38214	66321	49822	50623	37372	51061	68979	15965	40621	38963	80493	9708	29682	34498	56925	23282	40096	21033	16272	53781	48027	14396	26314	57849	63650	46155	57528	54766	32590	50167	35305	31714	50386	23178	36217	52570	47785	74059	36517	92069	51150	7771	29760	55029	28080	64375	79649	63743	29298	90673	47709	31105	82975	78386	26363	68930	44924	36868	3284	48950	71095	24184	18984	22688	37817	36693	92634	90266	30988	62018	47190	20145	25766	24624	24956	27504	5160	23556	19776	81718	16851	37640	76423	48692	63187	41271	39425	23608	76582	11711	41521	
64306	9626	6743	19242	45371	26675	22686	44177	21542	43944	22351	27259	54394	40662	16238	14014	47789	35440	32693	54140	0	16928	44403	6341	4646	10190	33615	13153	15119	39398	35438	13780	17205	12992	40111	13668	31980	24120	10085	20123	38433	27644	8395	45560	44766	38768	25901	56526	32466	28893	14929	50055	13881	26676	25908	35662	19403	11642	15242	35812	34309	21939	12177	33956	10110	44434	10366	11268	12507	19997	39087	35529	12974	37553	32885	46259	41997	13988	32122	34006	10428	34180	29698	9136	21073	13777	25473	11129	37905	6944	33720	12612	25520	16159	15319	37397	27710	11522	21224	16271	19153	46221	8228	19316	4251	26747	48685	50747	20559	38262	64490	26485	19533	5978	42441	13659	42629	39898	12357	42340	56802	29501	4542	9660	37667	8716	7725	28904	6436	17352	23154	27850	30060	51593	6841	37740	31827	27915	49838	32723	54711	49447	41477	62945	11745	37418	16576	34390	48442	29161	38284	40744	36155	59839	21762	30285	56900	51747	26052	23928	28218	46867	30967	26423	47909	50403	48035	26072	46189	26044	55010	60631	54768	64171	62293	62142	58903	70894	39487	66863	27299	34191	49105	15649	16621	29765	38827	34351	46089	32587	
62133	13822	20080	36884	43198	43996	14755	51975	41343	61266	33205	25086	52269	57983	33875	8113	65110	20226	50014	51967	16928	0	42086	12989	18733	32372	31297	3281	19014	37081	33120	32866	24526	6387	37793	33733	29662	41607	28155	37609	55920	20151	12105	63046	51601	45602	43388	54208	49952	26575	37365	56890	2307	44162	32742	21089	46025	12327	9620	42646	31991	12021	8640	31638	7785	42116	8555	5214	30373	21333	36769	20956	34028	35235	50372	63745	59483	12177	49608	31688	6240	51667	47184	10204	28394	11488	49142	20587	35587	28433	40555	36517	43006	38595	4708	44232	25392	27689	33119	17895	41576	55758	26582	30748	23648	44234	46367	57581	12773	55748	61729	18904	27212	9351	49275	15283	40311	38117	5203	59827	54484	27183	19429	24547	22628	23603	30237	16495	25638	18976	35780	20151	27742	58427	14720	55227	49314	43679	67324	50210	52393	56282	58964	60627	39630	54904	38999	41224	65928	46648	45118	58231	53641	57521	51748	47772	63734	49429	43539	55059	35052	44549	40676	53506	54743	67889	65522	37131	63675	43531	52692	58313	52450	61853	59975	59024	56585	69427	56973	66739	45688	51678	54628	46793	24299	53434	22569	51837	43771	49677	
24147	46149	48639	53594	5789	39871	30843	39371	41771	77975	30571	23478	11232	74693	50585	33489	59016	21140	66724	8672	44403	42086	0	45444	49964	48947	15624	41522	35084	7908	15296	56557	39330	36502	5365	50308	17744	58181	38020	54184	72494	24020	40252	79621	28241	33579	59962	15336	66527	18894	53939	35867	44966	60737	21374	24789	62599	31244	33161	26592	13378	32173	40091	12071	35783	11068	34222	39637	42205	27374	10297	20903	50602	10659	66946	80320	52983	31799	66183	14960	44224	68241	63759	34958	37131	32898	39691	56317	18958	44792	24167	53092	59581	55169	41876	23323	17437	44048	27859	30044	58151	44980	42453	29202	42891	60808	11747	36403	30793	72323	16752	21512	29655	48754	19064	31926	16191	10693	45611	43185	15094	19944	49678	55480	30786	49357	46596	24420	41997	27135	26872	28409	15008	31999	44400	42943	65888	31675	83899	46308	13225	25542	50186	23862	56205	71479	55573	24456	82503	42866	26887	74805	70216	22145	60759	40082	32650	5391	60113	62925	19341	14766	17846	32975	32475	84464	82096	26146	57175	42347	15927	21549	20406	25089	23287	12190	19338	31811	73548	23953	32797	68252	43850	55016	33101	34583	18029	68412	7493	36678	
63780	12385	10576	17441	44845	22030	13205	41096	19740	43897	19271	26733	53867	40615	14436	11064	47742	34913	32646	53614	6341	12989	45444	0	10133	14139	31741	12350	12321	37525	33565	16842	14407	12083	38238	11198	30106	23373	7286	19376	37687	19031	4694	44813	41968	35969	25155	54653	31719	27019	19131	47257	15794	25929	23109	33789	27791	8921	12521	33014	32435	20066	11975	32082	7389	42561	7645	10465	13046	17198	37213	33656	15795	35680	32138	45512	41250	11267	31375	32132	13453	33433	28951	6415	18274	11055	22674	20241	36031	9796	30922	18284	24773	20361	12704	34599	25837	9052	18426	13550	23343	45474	7486	16517	4061	26001	46812	47948	18686	37515	62617	24611	16734	9003	39642	10938	40756	38025	15382	41593	54929	27627	10829	15947	35794	15003	11601	27030	7001	14631	20356	25977	28186	48795	1994	36993	31081	25117	49091	31977	52838	46649	40730	61071	18032	36671	20765	31592	47695	28414	35486	39998	35408	57966	25952	29538	54101	49874	25306	28117	25419	44994	28169	23625	45111	49656	47288	23274	45442	25297	53136	58758	52894	62298	60420	60269	57030	69021	38740	64989	24501	33445	44995	20209	13822	26966	36954	33604	44215	29789	
68300	8129	1672	18238	49365	21589	26679	58142	20537	46725	23646	31253	58387	43442	15233	17423	50569	39433	35473	58134	4646	18733	49964	10133	0	8370	39250	17568	19534	45034	41074	7286	17744	17407	45747	12463	37616	28261	14500	19187	31108	33280	12811	49701	59555	53556	22204	62162	36607	34529	14931	64843	18651	22923	40696	41298	20147	16057	19657	50600	39945	27575	16592	39592	14526	50070	14782	15683	14518	24412	44723	41165	11153	43189	37026	50400	46138	18404	36263	39642	14969	38321	33839	13551	21611	18192	22882	6630	43541	5739	48509	13768	29661	16903	20089	52185	33346	10317	25640	20687	18845	50362	10726	23731	8667	30889	54321	54083	26195	42403	70126	32121	23948	10393	57229	18075	48265	45534	17127	46481	62438	35136	2075	10252	43303	6895	6520	34540	8466	21768	27570	33486	35696	66381	11257	41881	35969	30008	53979	36865	60347	64235	45618	68581	10087	26356	15622	49178	52583	33302	53072	44886	24958	65475	21454	34426	71688	57383	30194	23619	43006	52503	35382	27246	62697	54544	52176	30488	50330	30185	60646	66267	60404	69807	67929	67778	64539	76530	36220	72499	29392	38333	53246	13991	21036	27174	44463	38492	51725	29996	
67283	19379	9857	10202	48347	13554	25662	57125	12502	33516	18738	30236	57370	30234	5454	28308	37361	38416	22265	57117	10190	32372	48947	14139	8370	0	38579	31501	20520	44363	40403	15174	13553	31233	45076	4905	36945	13834	15486	9836	28147	32609	15357	35273	58884	28518	15615	61491	22179	33858	8831	42585	31391	16389	40025	40627	13305	34193	27893	49929	39274	26904	21976	38921	18052	49399	28922	32351	9392	35963	44052	40494	5494	42518	22598	35972	31710	26499	21835	38971	20227	23893	19411	17077	15153	27598	17881	13998	42870	5759	47838	7984	15233	10061	34209	51514	32675	6010	40402	32619	13043	35934	8049	38031	12512	16461	53650	39655	25524	27975	69455	31450	21289	15777	56558	19908	47594	44863	33146	32053	61767	34465	6416	10818	42632	5343	3953	33869	8415	36017	24257	32815	35025	65710	12258	27453	21541	25106	39551	22437	59676	63565	31190	67910	12902	27131	10465	48507	38155	18874	52401	30458	25868	64804	15651	19998	71017	56712	15766	17817	42335	51832	47959	22245	62026	40116	37748	25611	35902	15757	59975	65596	59733	69136	67258	67107	63868	75859	29200	71828	24489	23905	38818	9908	22022	22173	43792	24064	51054	24995	
47335	35360	37850	42805	21413	49917	20054	39428	47264	67187	28799	12539	18031	63904	39796	22700	71031	5295	55935	21203	33615	31297	15624	31741	39250	38579	0	30067	24055	8004	16415	45102	28301	25047	15810	38853	17087	46727	26991	42729	61040	12991	28797	68166	39026	33027	48508	37503	55072	6121	42485	44314	33512	49282	20167	7263	51144	20214	21707	30071	13314	12758	28636	15161	24328	25411	22768	28182	31175	16345	20063	4883	39148	18530	55491	68865	64603	20345	54728	7017	32770	56786	52304	23503	32168	21443	36568	44863	18881	33337	27980	41637	48126	43715	30421	31656	7354	32593	20544	19015	46696	43183	30998	18173	31436	49354	29662	45006	19338	60868	38734	10482	23391	37300	36700	20896	23606	6070	34157	44217	37779	9861	38224	44026	17570	37903	35142	11572	30542	16105	23205	11430	5759	45852	32945	43975	54434	31104	72444	55330	29193	43707	64084	43921	44750	60024	44119	28649	71048	51767	32543	63351	58761	40816	49305	41114	51159	20982	48659	51470	22477	27844	27995	34007	42168	73009	70642	24556	68795	48650	35986	41608	35744	50364	38877	23974	34928	46432	62093	43744	33113	56798	42053	43562	22071	35615	2106	56957	23083	37101	
59858	15074	17388	35727	40923	42839	12480	49700	40186	60108	30930	22811	50029	56826	32718	5821	63953	17934	48857	49692	13153	3281	41522	12350	17568	31501	30067	0	16745	33738	29778	36176	22257	3367	34451	31583	26320	39457	26005	35459	53770	17772	9836	60896	48259	42260	41238	50866	47802	19772	35215	53547	5273	42012	29400	18710	43875	10058	7241	39304	28649	9642	8187	28296	5515	38774	6286	2161	28223	19064	33427	18577	31878	31893	48222	61595	57333	7946	47458	28346	8921	49517	45034	7935	26124	9219	46992	22979	32245	26283	37213	34367	40856	36445	2784	40889	22050	25539	29777	15626	39426	52416	24432	27406	21498	42084	43025	54239	10394	53598	59579	16525	24942	12032	45933	13014	36969	35967	8170	57677	51142	23840	17159	22278	20478	30848	28087	14116	23488	16706	32438	17300	24400	55085	12451	53077	47164	40337	65174	48060	49051	52939	56814	57285	37480	52754	36849	37882	63778	44498	41776	56081	51491	54179	42035	45622	60392	46087	41389	44200	31710	41207	37334	51356	51401	65739	63372	33789	61525	41381	49350	54971	49108	58511	56633	56874	53243	67277	54823	64589	42346	49528	51286	36292	22030	51284	20190	49687	40428	46334	
46620	19642	19354	20882	27685	16379	9903	32280	16216	51115	10455	9261	43508	47832	19310	15684	54959	24979	39863	43254	15119	19014	35084	12321	19534	20520	24055	16745	0	24281	21270	25100	7972	17685	24994	16176	13784	21504	6516	27053	45363	8072	10654	52490	33161	27162	32831	42357	26586	19495	26808	38449	20286	33606	14302	26265	35468	7724	14344	24206	16605	13356	16637	17434	12023	28342	12279	14957	10847	4833	24918	26132	23471	23384	39815	53189	48927	14654	39052	24758	21747	41110	36628	10021	11840	12604	16240	28500	19105	17473	22115	25961	24045	28038	17196	25791	16391	15226	9618	6080	31020	37318	12876	7710	11742	33677	34516	39141	12437	45192	50321	10053	7927	17298	30835	4559	20048	30287	20931	26811	42633	13405	19581	24700	28270	22039	19278	13295	14678	3812	11548	20269	20812	39987	10939	26570	38757	16310	56768	39653	40542	37841	48407	48776	26785	44348	28442	22784	55372	23013	26678	47674	43085	42553	33628	20228	45294	37578	19592	35794	16612	24917	19361	14817	36303	57333	54965	14467	53119	17832	40841	46462	36530	50003	45007	66675	44734	56725	46417	52694	15693	41121	36188	27885	5015	16634	29430	41281	31920	20305	
30251	41144	43634	48589	13698	55701	25838	45361	53048	72971	27600	18473	15425	69688	45580	28484	76815	13554	61719	13487	39398	37081	7908	37525	45034	44363	8004	33738	24281	0	11824	51607	34380	31552	5164	45357	12793	53231	33070	49233	67544	19070	35302	74670	45105	39106	55012	23244	61577	13944	48989	50394	40016	55786	16609	16947	57649	26294	28211	36150	10085	27222	35141	7120	30832	18976	29272	34687	37254	22424	11618	13062	45652	8940	61996	75369	71107	26849	61233	6439	39274	63291	58809	30008	38247	27948	42647	51367	14200	39842	34059	48142	54630	50219	36926	25706	12486	39097	26623	25094	53200	49262	37503	24252	37941	55858	19655	51085	25842	67372	21084	16562	29470	43804	24758	26976	17512	3650	40661	50296	23003	14993	44728	50530	23249	44407	41646	19470	37046	22184	29284	23459	10058	39907	39450	50054	60938	37183	78949	61834	21133	33450	70588	31770	51254	66528	50623	34728	77552	58272	38622	69855	65265	30054	55809	47193	40558	13300	55163	57975	20662	20078	20229	40086	48247	79513	77146	24974	75299	55155	23835	29457	28314	32997	31195	16292	27246	30980	68597	28055	39193	63302	48132	50066	28150	41694	10188	63462	15401	43181	
29209	37184	39674	44629	10273	28309	21878	28105	49088	69010	19010	13931	24358	65728	41620	24524	72855	21701	57759	20138	35438	33120	15296	33565	41074	40403	16415	29778	21270	11824	0	46943	22916	26888	10157	40693	8302	48567	21606	44569	62880	15109	30638	70006	28446	20869	50348	22385	56912	13987	44325	33735	35352	51122	8763	24040	52985	26734	23547	19491	4381	22558	30477	4875	26168	10293	24608	30023	37118	18464	4946	23907	40988	4244	57332	70705	66443	22185	56569	14509	34610	58627	54145	25344	24420	23284	26981	46703	4206	35178	14057	43478	49966	45555	32262	18354	11228	34433	14427	28273	48536	26369	32839	12788	33277	51194	14544	34426	21178	62708	30349	14498	16945	39140	17407	30155	5973	15027	35997	30475	22661	7434	40064	45866	26045	39743	36982	16917	32382	18224	14162	23668	13578	32220	34786	30233	56274	18964	74285	57170	20570	30941	37476	28803	46590	61864	45959	18069	72888	30156	21591	65191	60601	25698	51145	27371	32871	17606	50499	53311	9124	12726	12877	20265	31588	74849	72482	13436	70635	50491	20869	26490	20626	30030	28152	28001	24762	36753	63933	32722	20087	58638	31473	45402	16686	21873	19456	58798	11947	23968	
74893	4463	5668	25339	55958	37261	22681	53800	27639	54531	31975	37846	64980	51248	22334	20539	58375	46026	43279	64727	13780	32866	56557	16842	7286	15174	45102	36176	25100	51607	46943	0	25927	24171	48855	20646	40723	36376	22340	31259	43851	31003	18035	57815	62662	56663	34276	65269	44721	37636	27004	67951	17773	34995	43803	44406	32219	20892	24492	53707	43052	26892	18114	42699	19360	53177	19616	22447	22701	28960	47830	44272	28243	46296	38748	54942	54252	23238	44377	42749	14091	46435	41953	18386	29795	23027	31065	6150	46648	13922	51616	26335	37775	28975	19211	55293	36454	18501	33480	25522	31587	58476	18910	31571	16507	39003	57428	68642	26355	50517	73233	31130	31788	10806	60336	22910	51373	61816	16249	54596	65545	38244	9936	16404	46328	14756	14704	31548	16649	26602	35410	34198	38803	69489	21114	49996	44083	40171	62093	44979	63454	67343	53733	71688	16239	39098	27587	52286	51670	41417	56180	49258	37701	68583	28129	42540	74795	60490	38308	31440	46113	55611	43222	38679	65805	62658	60291	38328	58444	38299	63753	69375	63511	72915	71037	82723	67646	79637	50349	75606	39554	46447	61361	23174	28876	35357	37622	46606	54832	38180	
49681	25279	19553	13683	33303	9180	15416	30209	9017	36773	9307	18332	47754	33491	11769	21196	40618	29225	25522	43168	17205	24526	39330	14407	17744	13553	28301	22257	7972	34380	22916	25927	0	23161	29375	8632	18164	14226	6310	16779	30818	17037	16647	37944	30573	19599	17578	43819	19309	23876	18362	35862	31005	18353	17071	30646	20215	13200	19820	21618	20986	18832	23929	21815	19342	29439	19599	20433	4145	12772	25570	30512	15025	27765	25270	38643	34381	20130	24506	29138	22896	26565	22082	15497	4562	18080	8962	23485	20029	12311	19527	17514	16767	19592	22672	22587	20772	7904	11135	11556	22873	22661	7466	12023	12891	18424	35978	36553	17913	30646	51784	19568	8132	18446	28247	10035	21144	34667	24825	22583	44095	17786	16847	22649	32650	17374	12647	26284	10609	11894	12258	25745	25192	37400	12087	18657	24212	15087	42222	21696	42005	35254	33862	50238	20627	29802	19996	20196	40826	15736	24090	33129	22399	38653	26736	12951	42706	38742	12314	27455	17351	26014	20457	13594	33716	42787	40420	13612	38573	10554	42303	47925	32630	51465	41107	49435	42146	58188	31871	54156	14470	26576	25304	19439	7417	13254	33811	26735	33084	16077	
54838	17173	17227	35459	35903	42571	9163	44680	39918	59841	31773	17791	44926	56558	32450	2546	63685	14659	48589	44672	12992	6387	36502	12083	17407	31233	25047	3367	17685	31552	26888	24171	23161	0	31170	31642	23038	39516	16217	35518	53829	14490	9559	60955	44977	38978	41297	47584	47861	16490	35274	50266	10040	42071	26118	15429	43933	9781	3960	36023	25367	6360	7910	25014	5239	35492	6009	2402	26043	20122	30145	15295	31937	28611	48281	61654	57392	4665	47517	25064	11539	49575	45093	7659	27036	7394	31436	22703	28963	19285	33931	34426	40915	36504	7289	37608	18769	17323	26496	14207	39485	49135	15756	24124	12331	42143	39743	50957	7112	53657	55548	13244	25854	12112	42651	12737	33688	25133	10702	57736	47860	20559	16883	22001	17438	21057	20066	10835	15272	17606	29156	14019	21118	51804	12174	53136	47223	37056	65233	48119	45770	49658	56873	54003	24086	52813	36908	34601	63837	44557	38495	56140	51550	50898	42094	45680	57110	42805	41448	44259	28428	37926	34053	39958	48120	65798	63431	30507	61584	41439	46068	51690	45826	55230	53352	55843	49961	61952	54882	57921	39065	49587	48004	36351	22942	35728	16909	49746	37147	43053	
29010	41856	44347	49302	10653	37370	26550	46074	53761	73683	28070	19185	13788	70401	46293	29197	77528	17583	62432	13535	40111	37793	5365	38238	45747	45076	15810	34451	24994	5164	10157	48855	29375	31170	0	46002	13437	53875	33714	49878	68188	19714	35946	75315	45749	39750	55656	20208	62221	14588	49633	51038	40660	56430	17253	24475	58293	26938	28855	36794	9071	27867	35785	7764	31476	15940	29916	35331	37898	23068	9032	24342	46296	6353	62640	76013	71751	27493	61877	10654	39918	63935	59453	30652	38892	28592	43292	52011	12561	40486	23964	48786	55274	50863	37570	23119	13130	39742	27268	25738	53844	49906	38147	24896	38585	56502	16619	51729	26486	68016	19446	17206	30114	44448	22172	27620	14925	8814	41305	39426	19966	15637	45372	51174	26480	45051	42290	20114	37690	22828	26668	24103	10702	36871	40094	39184	61582	37827	79593	62478	18097	30414	71232	28734	51898	67173	51267	35372	78197	58916	26356	70499	65909	27017	56453	36323	37522	10263	55807	58619	18076	17491	17642	29216	48892	80158	77790	22388	75943	55799	20799	26420	25278	29960	28158	14655	24210	29343	69241	26418	39837	63946	48776	50710	28794	30824	17572	64106	12365	43825	
