//--------------------------------------------------------------------------------------------------------------------
//-- données sur la SAONE_ET_LOIRE récupérés par le géocodeur (matrice symétrique)
//-- 
//-- C. Duhamel, P. Lacomme C. Prodhon - juillet 2009 : 6200 kg à collecter, flotte de capa 7500
//--------------------------------------------------------------------------------------------------------------------
185 3 999999 0 0 0
10 50 20 1
20 100 35 2.1
10 500 50 3.2
0   // la ville qui represente le depot
0	33940	64014	87389	51204	45414	52109	50539	118185	72838	49016	106075	53049	77464	24983	120289	61258	111783	87221	9400	52343	65166	46202	34784	59421	20308	19530	51069	57591	68791	48530	53274	112004	124792	93293	70247	95058	33116	22969	92976	56989	111986	91566	19231	43974	40475	80943	38064	22304	31086	64657	62597	78537	53463	91911	92724	128657	97201	49367	100912	33006	86152	68613	31886	55638	106803	71884	57996	19185	89670	48258	76776	108557	44123	64426	69719	60174	89959	104563	26535	41257	82267	61653	69515	58956	65122	62782	25454	13436	9938	89950	92501	72159	63871	80800	9347	96506	67819	101006	59094	45714	72189	111738	110554	64774	119983	119158	90824	10325	53706	105147	54994	95014	102609	91480	44250	52579	87618	100518	49232	85004	67835	89344	59428	15157	59706	82706	63539	109209	12995	59425	93390	100018	101927	59892	14909	92902	105358	78352	62633	60618	94862	86357	51255	86234	60621	98279	74321	37386	70709	66743	66445	48987	73440	25013	55424	108224	84009	34560	68603	60754	58900	107846	23565	31226	125687	18045	63388	65069	115034	95558	108451	80979	14161	92786	89983	57835	114594	97137	80472	49038	88988	116819	98911	71783	71515	
33940	0	63467	70887	31088	43750	43358	45139	63752	40200	40211	73741	17876	44417	30624	71062	49212	100274	68477	44500	60716	47149	37619	14667	45458	43545	34848	43340	22127	59284	34478	38494	66224	75565	60960	56296	62011	17568	16530	81468	41371	65897	65838	20234	37087	37713	69435	5017	12336	10679	50693	27424	43364	22386	80403	59677	79430	78457	43967	89404	7797	74644	54649	28292	44130	88059	60376	37879	25391	78162	11693	48739	89813	12234	52380	49603	40058	71216	85819	10862	26477	63523	46036	64469	54073	67260	51273	62828	27504	35784	56903	60167	58195	52363	62056	27635	84998	56143	68672	47586	44835	60681	63720	78220	66785	62796	100414	57777	46601	45560	79419	50988	83506	91101	60527	11203	48602	54571	74790	38072	66260	56327	77836	39312	49712	26659	63962	43423	62284	39384	47917	64875	66971	76200	35429	27485	74158	86614	64388	47853	49110	61815	51185	16082	67491	45841	86771	60151	13809	37662	55235	50827	28871	59477	23826	30277	75890	51675	12490	39078	80041	43282	72673	30099	34194	76461	18244	33438	32023	103526	66523	89708	69471	49261	59739	71239	38830	95850	64803	47950	34259	55941	67609	64872	42476	36342	
64014	63467	0	128498	88699	101361	100969	102750	113744	64607	97823	89896	47497	102433	88183	121054	106823	208681	126088	71627	118327	36347	95230	72279	103069	82535	50670	100951	44989	116895	92089	26860	116215	125557	77114	30505	112003	75179	70026	139079	98982	115889	58418	68833	94698	95324	127046	54878	65832	68291	108305	43316	49770	41063	138014	109668	129422	136068	101579	147015	65357	132255	112260	85903	101741	130174	117987	95491	73990	135773	53236	43628	124996	49569	109991	107214	97669	128827	143430	68473	39413	121134	103647	122080	111685	124871	108885	74181	76636	73138	115581	76322	115806	109974	119667	63783	142609	10204	84827	105197	102446	118292	122398	87372	16224	112788	201185	87332	71343	103172	71999	108600	141117	148712	80734	61188	18886	113249	67370	28415	123871	113938	135447	96923	57903	66779	121574	101034	120811	52519	105528	123553	95824	68009	91338	57759	128040	144225	122000	16033	106721	109795	51257	51256	125102	34207	144382	22815	52862	77453	112846	108438	86482	117088	78058	82369	85216	67830	70101	50560	137652	100893	73502	80421	91806	126452	66308	38483	77302	210994	62411	131822	127082	76388	100622	109240	33472	157713	80958	69670	30950	113908	117600	123550	38635	54113	
87389	70887	128498	0	46404	51432	35637	40002	70206	98984	39779	125270	85873	63296	62924	72310	38573	26452	20800	87072	49707	115146	42364	58823	25576	77831	91456	46771	90124	45087	40792	102705	64026	76813	120364	124293	67823	66310	69481	7645	34490	57168	127136	76842	43618	47040	18210	73641	69223	62444	21279	95420	111361	90383	33527	76674	80678	20114	50452	15581	63710	19531	18454	55472	29098	48235	26533	33605	77759	11821	81082	116736	53738	80230	41741	27291	34505	19239	4645	64243	92831	30025	27935	37750	44609	42068	28644	111108	77706	78444	53605	122298	14780	30281	32402	84243	11175	120354	128539	29920	54187	33962	47515	132295	133139	72004	28576	101292	92622	43260	146463	39980	21828	17278	113728	73350	114956	56095	136089	104426	24334	19264	28048	37733	100811	82506	26492	37790	52297	95992	28702	41148	102682	137498	40540	84094	38522	17494	6208	112063	29167	83738	111141	84079	26053	110052	21616	128147	80164	83910	23117	27103	48218	11120	74236	49508	129965	107487	59265	107075	49462	31455	131865	69932	62692	77708	78529	101434	65930	29703	125789	46066	9384	82078	95396	35602	105184	21617	118766	94198	100613	58223	68840	44531	110472	104338	
51204	31088	88699	46404	0	25924	16574	21349	72657	54236	16421	80036	46320	36086	32649	74761	22428	73491	41693	56085	33932	75132	13829	18795	18674	50512	52098	19550	50110	32500	10687	62690	66477	79264	66792	84279	53680	26952	30123	54684	14587	66458	82388	37484	13296	16766	42651	33627	29865	23086	26491	55406	66937	50369	53619	51345	83129	51673	20177	62620	23522	47860	30421	25198	17346	61275	33592	11096	39687	51378	41068	76722	63029	40216	25596	20102	11825	34473	50742	24885	52806	36739	18576	37685	27290	40476	24490	80078	44754	48169	42121	68726	30010	25579	23406	44885	58214	80339	74967	20802	27841	33897	66210	84515	93114	74455	73630	57250	63851	21770	95969	24205	56722	64317	62027	28602	74931	46240	91340	64401	39476	29543	51052	8067	66962	37758	37179	13922	63681	56634	21133	47862	58640	92749	16673	44735	47374	59830	40160	72049	22326	53484	66392	42752	40707	70038	59987	88133	40139	39162	28451	23368	11155	35248	38948	14860	82185	62739	19237	67061	53257	15436	78294	33910	32417	80160	39171	61420	31282	76742	81041	62924	42687	54760	51407	44455	65159	69066	69083	49449	60588	47609	71291	53384	70458	64324	
45414	43750	101361	51432	25924	0	17086	13346	81812	83450	17739	136877	61126	60592	24107	83916	18696	76760	50848	37957	13487	90399	15243	32364	24398	28716	62442	8506	65377	18373	17571	77958	75632	88419	91299	99546	79429	33455	37128	57953	22365	75614	109088	44497	13014	11835	45921	48894	40713	37698	29634	70674	86614	65636	47758	88281	92285	60828	5729	65890	38964	51129	33590	18805	20615	70431	36862	22947	38943	54647	56335	91990	72184	55484	15650	36075	24833	53587	68190	39496	68085	45894	27029	26407	12243	20792	27759	68366	38890	38553	81284	93233	37136	28849	44427	54483	61483	95607	99474	24071	4567	37166	75365	109021	107686	83610	82785	112899	43507	11144	122669	12432	59991	67586	86533	52314	90209	81552	118040	79680	48631	32812	54321	27075	58069	62264	46334	34802	72836	55908	24403	57017	114288	119450	37553	51749	56529	68985	43329	87317	25595	95344	94435	59332	49862	85305	63256	103401	55417	63668	31720	31821	27562	38417	35420	39367	106691	87246	38608	82328	15854	24276	102800	31116	17120	89315	48654	76688	55788	80011	105547	72079	45957	32963	107002	53610	80437	78221	93590	73956	75866	81934	80446	62539	85726	79592	
52109	43358	100969	35637	16574	17086	0	4801	69609	80460	4460	124673	58136	51938	27605	71713	5315	60210	38645	51871	14939	87409	7045	31087	7887	42630	62609	11570	62387	13499	10995	74968	63428	76216	82665	96556	67226	36953	40625	41404	6557	63410	106098	47994	8300	11721	29371	45904	41486	34708	13123	67684	83624	62647	40338	76077	80081	48625	15133	49340	35974	34580	17079	20154	4104	58227	20312	5727	42440	38097	53346	89000	59981	52494	8483	20266	7755	25087	41382	36506	65095	33691	11221	21533	10400	21475	11209	75789	42388	43125	69080	84599	20625	12299	32224	55396	44934	92617	90840	7521	19605	20616	63162	131698	105403	71407	62334	100695	57421	8059	119679	5212	43442	51036	77900	45234	87220	69348	115050	76690	36428	16262	37772	9997	65492	53631	34130	18994	60633	63331	7892	44814	102085	116460	21744	55246	44326	56782	26818	84327	9046	83141	91445	56342	37658	82315	46706	100411	52427	55035	15170	16013	20482	21906	38917	30713	129368	78612	31528	79339	23956	8468	94167	34614	27373	77111	50793	73698	47134	63461	96914	59875	29407	46877	94799	41407	77448	55375	118169	65323	72876	69730	68243	50335	82736	76602	
50539	45139	102750	40002	21349	13346	4801	0	72666	73192	6490	127731	59666	55042	26371	74771	6718	64501	41703	48442	14375	88939	5811	34627	12178	39201	61375	8141	63917	14251	12020	76498	66486	79274	85749	98086	70284	35719	39391	45694	10772	66468	107628	46760	7066	10487	33661	47434	43016	36237	17414	69213	85154	64176	44629	79135	83139	51683	13899	53630	37503	38870	21369	18920	8395	61285	24602	13801	41206	42388	54875	90529	63038	54023	9886	24482	15687	44441	59045	38036	66624	36748	15436	22284	7733	22227	15500	78851	41154	41891	72138	87683	24915	16589	35282	54162	49224	94147	93923	11812	16175	24907	66220	103471	106932	74465	73640	103753	53992	4630	121209	4648	47732	55327	80983	46764	88749	72406	116580	78219	39486	20553	42062	17929	68554	56714	37188	23209	63691	66393	12182	47871	105142	117989	25960	54012	47384	59839	31109	85856	13336	86198	85349	57872	40716	83845	50997	101940	53957	58118	19461	20228	22011	26197	37683	33816	101141	81695	33058	80868	23391	12683	97250	33380	26139	80169	50918	75227	50238	67752	99997	62933	33697	43448	97857	44464	78977	69075	121227	68406	74406	72788	71301	53393	84265	78132	
118185	63752	113744	70206	72657	81812	69609	72666	0	52867	71422	57349	63134	20261	94567	9367	72797	83723	49761	117220	81762	75389	74007	87568	68716	107979	120201	76919	68106	80330	69537	82400	5182	13869	52443	84536	7741	95055	98226	72504	64629	4420	81019	105587	75262	78684	92694	62511	75342	91189	63313	72871	64815	74875	103661	5406	17735	59741	80991	81901	65226	97902	61345	87116	67388	14993	83634	62350	104477	79162	61351	71276	9918	70802	75965	50807	64236	52499	67103	92988	88279	44806	57605	88364	75120	88306	74532	147630	109350	110087	18049	54377	58958	75621	43340	112988	83182	100740	60618	70844	84954	83939	15120	64375	126855	3873	76226	33371	122770	73408	78542	72035	100630	78318	45807	53779	98583	14260	89971	99874	47544	79585	101094	66478	137333	47179	45246	52487	10005	124737	71175	26959	34761	91381	60580	112839	26099	52973	66901	92450	72368	13349	65024	59566	48774	85760	96657	88390	69782	46589	78493	54780	76963	68144	105879	43279	62045	61370	61997	67318	101087	59010	63945	101576	96384	14765	81250	72533	32740	86035	79672	17368	92730	112227	22892	28594	95030	74218	50846	46233	87184	10687	6413	23231	70715	63017	
72838	40200	64607	98984	54236	83450	80460	73192	52867	0	69636	34555	22792	42448	66180	61068	84767	148696	72112	80883	96271	26572	67044	50223	81013	79928	57412	72765	17791	94839	63903	27881	56230	65571	21773	35719	52017	53123	52913	94855	76926	55903	31758	56617	66512	73268	104991	32822	48719	46235	77651	18127	15999	22421	115958	49683	69436	82092	73392	146874	43302	110199	81581	63847	79685	70188	95932	73435	61775	113717	31180	22459	65010	30134	87935	73386	66696	74851	89454	46417	35825	63804	69737	100024	89629	102815	86829	94715	63887	72168	53307	20980	83294	87919	95041	64018	148155	52392	29485	83141	80390	96236	60125	39033	78038	52802	141199	27346	81694	74985	45339	86544	119061	143291	19959	34060	50234	50976	40711	47420	69895	91882	113391	62938	72276	22248	67598	67206	60825	61948	83473	61280	28665	42120	56989	61540	65767	90249	91320	44101	84665	49810	15763	27607	71126	28475	161630	39574	41309	16631	90790	74528	64426	86409	60210	44858	36703	12489	48045	18502	115596	71142	32812	65655	69750	66467	54627	18755	31970	151008	30411	71836	105027	85644	40636	69211	43611	95440	25616	8951	37414	53922	57615	61277	21899	12017	
49016	40211	97823	39779	16421	17739	4460	6490	71422	69636	0	94677	55351	50727	24815	72994	9046	64488	39926	48251	18011	84623	4255	28301	12126	43658	59819	12598	59601	16579	6811	72182	64709	77497	81433	93770	68507	34163	37836	45681	8688	64691	103312	45205	5510	8932	33648	43119	38701	31922	17362	64898	80839	59861	44616	77358	81362	49906	12343	53617	33188	38857	21318	17364	8343	59508	24589	6525	39650	42375	50560	86214	61261	49708	12214	22398	7569	42664	57268	33720	62309	34971	13353	24613	11369	24555	15486	73000	39598	40335	70361	83367	24863	16576	33505	52606	49211	89831	89608	11799	20007	24894	64443	99156	102617	72688	71863	101976	58449	6892	116893	8284	47719	55314	76668	42449	84434	70629	112265	73904	37709	20540	42049	9810	62703	52399	35411	21126	61914	60541	12130	46094	103365	113674	23876	52457	45607	58062	31057	81541	13323	84421	81033	53556	38939	79529	50984	97625	49641	53803	19448	18144	17696	26145	36128	29501	96826	77380	28742	76553	27027	10599	92935	31824	24583	78392	49362	70912	45923	67739	95682	61156	33684	47905	96080	42687	74662	67298	83724	64091	70091	71011	69524	51616	79950	73816	
106075	73741	89896	125270	80036	136877	124673	127731	57349	34555	94677	0	56059	47418	99447	51195	132619	156816	109583	114150	141584	51585	92231	83490	128538	113195	90679	136741	51058	140152	89090	58596	61200	48987	13129	60732	56988	86390	86180	132325	124451	60873	27776	89884	91699	95168	152515	66089	81986	79502	123135	49067	41012	55688	163483	54653	44997	119563	98579	154994	76568	157724	121167	97114	127210	78308	143456	122172	95042	138984	64447	40764	69980	63401	135787	110629	124058	112321	126925	79684	69092	80569	89631	148186	134942	148128	134354	127982	97154	105434	60565	13147	118779	135443	103162	97285	156275	76937	6512	130666	106244	143761	67382	7491	103052	57772	149320	28349	114961	133230	22598	131857	173723	151411	21340	64057	74779	58233	25010	80687	107366	139407	160916	88125	105542	47435	105068	84977	65796	95215	130997	68538	24787	31761	76884	94807	73024	127719	126722	68647	132190	46761	32814	60874	108596	61957	169750	64587	74576	40850	138315	114602	97693	127966	93477	70436	5161	26814	76787	43515	160909	91036	9233	98921	103017	46796	87894	48730	57157	159128	25352	79957	152551	118911	37218	76469	71226	102698	14088	38668	63380	58892	62585	68535	46912	39214	
53049	17876	47497	85873	46320	61126	58136	59666	63134	22792	55351	56059	0	43638	45781	70283	64368	109335	71385	60484	75872	34558	52775	29824	60614	59529	44774	58496	6933	74440	49634	22105	65445	74786	43248	43705	61232	32724	32514	96624	56527	65118	53247	36218	52243	52869	84591	12232	28320	25836	65850	14832	30773	9783	95559	58898	78651	81366	59124	104560	22902	89800	69805	43448	59286	68001	75532	53036	41376	93318	10778	36148	66922	9628	67536	62103	55413	74124	88727	26018	23187	63077	60577	79625	69230	82416	66430	82078	43488	51768	56124	42455	72011	67519	65407	43619	100154	39754	50960	62742	59991	75837	62941	60508	60456	62017	102821	41832	62585	60717	66828	66145	98662	106257	41434	22759	37596	53792	62199	34782	69168	71483	92992	51655	59638	23167	66871	55923	61505	49310	63073	64096	50324	63608	45279	43470	68583	89522	79545	31464	64266	61036	38593	5197	70399	29452	101927	47559	20258	21601	70391	65368	44027	74633	39811	36311	58178	33963	27646	26487	95197	58438	54287	45255	49351	75682	34228	20846	31243	118682	51886	67752	84627	65245	55121	63182	30973	98257	47091	30426	24776	55162	66830	64093	29884	20457	
77464	44417	102433	63296	36086	60592	51938	55042	20261	42448	50727	47418	43638	0	67143	28093	58209	65793	42438	88032	77503	64631	48322	48482	55211	85005	78380	54043	44961	76071	45181	63871	20351	32596	41685	73778	19043	52985	60062	65181	47439	22928	70261	63765	47790	51259	78432	43036	55867	47056	50914	52613	54057	51549	89400	16708	36461	44065	54671	75637	45752	78363	54844	59691	53127	24459	69373	47245	68923	71839	41876	60518	23380	51327	61377	44526	45536	43594	59780	53633	64953	32586	43000	73466	70861	84047	60270	106360	71036	79316	12582	43619	50052	61360	38068	71167	67650	81520	49860	56583	62335	69678	19399	53616	116097	19827	59279	22613	90133	56264	67784	67776	79364	66050	35049	34305	79362	10250	79213	76548	38638	58616	86833	40614	93244	27705	36340	38346	17963	82916	56914	20554	24003	80623	30252	71017	25041	54598	64583	73229	58107	18846	54265	40091	41451	75002	90393	77632	50307	25138	55800	47791	44211	59672	68635	23805	51286	50612	42523	56560	96828	44405	53186	63596	66911	33492	61776	61775	13266	79771	68914	24210	71761	92793	16770	28486	72739	54715	40087	35475	66542	11620	24640	20551	59957	52259	
24983	30624	88183	62924	32649	24107	27605	26371	94567	66180	24815	99447	45781	67143	0	96123	32175	87616	63055	24252	30060	79010	22036	20974	35255	19504	37748	21788	53988	39708	24364	59117	87838	100626	92820	76089	91636	13282	15765	68810	32822	87820	97699	23134	19807	16309	56777	37505	19350	19904	40491	59284	75225	48733	67745	100487	104491	73035	25201	76746	27574	61986	44446	7720	31472	82637	47718	30871	17579	65504	44946	80600	84390	44094	35343	46532	37039	65793	80397	19804	47099	58100	37487	47742	34498	43988	38615	49001	15600	16337	93490	92028	47992	39705	56634	30535	72340	76766	100533	34928	23431	48023	87572	110081	88321	95817	94992	82457	32774	26794	111280	31539	70848	78443	85207	38278	69224	93758	106651	58694	60838	43669	65178	34620	38704	52566	58540	45222	85043	36542	35259	69223	91651	108060	47973	30385	68736	81191	54186	68475	36452	107550	83045	47943	62068	66464	74112	80163	34432	62342	42577	42279	27251	49274	13093	45752	107751	83536	25282	70939	34718	34734	104534	9161	7139	101521	27291	65298	56702	90868	98384	84285	56813	21923	84419	65816	59452	90427	92264	72630	54881	94140	92653	74745	74337	68203	
120289	71062	121054	72310	74761	83916	71713	74771	9367	61068	72994	51195	70283	28093	96123	0	74576	86926	51541	119000	83541	83169	75787	89348	70495	109759	121981	78699	75886	82109	71317	90180	14459	4497	60223	92316	18868	96834	100006	74283	66409	10159	88799	107366	77041	80463	94473	70291	99747	92969	65093	80651	72595	82655	105440	10837	8362	61521	82771	85104	94235	99682	63124	88895	69168	20266	85414	64130	106257	80941	69130	79056	13121	78581	77744	52586	66016	54279	68882	94767	96059	46586	59384	90143	76899	90086	76311	149409	111130	111867	28135	62157	60737	77401	45119	114768	86385	108520	60447	72623	86733	85718	25201	61426	134635	8841	79430	41151	124550	75188	76533	73814	103833	81521	53587	61559	106363	24345	97751	107654	49323	81365	102874	68258	139112	54959	47026	54266	22672	126517	72955	37400	42541	99161	62360	114618	32901	69677	68680	100230	74148	17881	72804	67346	50554	93540	99860	96170	77562	54369	80272	56560	78743	69924	107659	51059	59097	69150	89789	75098	102867	60790	63168	103355	98163	5392	109054	80313	40520	89238	87452	21914	94509	114006	25264	35397	102810	77421	58625	54013	94964	20772	3781	30033	78495	70797	
61258	49212	106823	38573	22428	18696	5315	6718	72797	84767	9046	132619	64368	58209	32175	74576	0	63175	41461	53921	15804	95100	11595	38778	10852	44680	71411	13620	70078	8892	15545	82659	66245	79032	90356	104247	70042	41503	49436	44368	12744	66226	113789	56796	12850	16272	32336	53595	49177	42399	16088	75375	91315	70338	38139	78894	82897	51441	17692	52304	43665	37544	20044	24704	7069	61044	23277	13560	46990	41062	61037	96691	62797	60185	3416	26454	15446	28052	44346	44197	72786	36507	17409	15491	5453	15434	14174	84331	46938	47675	71897	92290	23589	15264	35040	64198	47898	100308	98531	10486	20283	23581	65978	134515	113094	74223	65299	103512	59471	10109	127370	6077	46406	54001	85591	52925	94911	72165	122741	84381	39244	19227	40736	17688	74034	61322	36947	25182	63449	71872	10856	47630	104901	124151	27932	64048	47142	59598	29783	92018	12010	85957	99136	64033	40475	90006	49671	108102	60118	62726	18135	22200	28173	24871	43467	36900	132185	86303	39219	87030	20183	14656	101858	39164	33085	79928	58484	81389	53322	66426	104605	62692	32372	48928	97615	44223	85139	58340	120986	73014	80567	72547	71059	53152	90427	84293	
111783	100274	208681	26452	73491	76760	60210	64501	83723	148696	64488	156816	109335	65793	87616	86926	63175	0	40504	111685	74320	171301	66976	88570	51688	102443	121203	71383	110852	66945	70539	132452	86052	96561	148356	180448	94530	96057	99228	22196	63566	84536	176932	106589	68231	71653	40068	103388	98970	92191	51637	125167	160728	120130	52739	92662	100426	32714	75064	14262	93457	35378	44565	80085	57890	50925	51146	63352	102371	28854	110829	167188	81107	109977	66353	57701	65238	46330	25023	93990	122578	47857	54047	59608	69221	63926	53256	135720	102319	103056	56296	150290	39939	54894	50234	113990	15543	150101	156530	54532	78799	55820	50206	160287	162886	91582	7784	129284	117235	67872	174455	64593	34122	10680	141719	100195	144703	58785	185884	134173	44229	43877	47260	67480	125423	93595	44955	59381	87937	125740	52322	50346	130673	187293	67474	113841	45847	23059	32320	141810	53780	100604	160936	105982	41497	181673	30149	184303	109911	91028	48422	53215	77965	37231	98849	68492	157957	157283	89012	163231	71320	57567	159857	94545	87304	97456	108276	168446	79212	19527	175584	48756	31242	106691	110148	48343	134931	15455	146758	142145	130360	97035	96832	47221	166628	158930	
87221	68477	126088	20800	41693	50848	38645	41703	49761	72112	39926	109583	71385	42438	63055	51541	41461	40504	0	86636	51178	122650	43423	56984	24285	77395	89617	46335	76442	49746	38953	100865	43366	56153	99704	131797	47163	64470	67642	22882	34045	36508	99845	75002	44677	48099	40180	71802	67384	60605	19988	93581	112076	88544	53425	56014	60018	12004	50407	33079	61871	36065	16660	56532	36804	27575	33368	31766	73893	29541	79243	118537	33078	78391	45381	19209	33652	6673	17482	62403	90992	9365	26007	57779	44535	57722	43947	117045	78766	79503	32945	101638	13132	45037	11742	82404	25970	118514	107879	40260	54370	53355	26855	111635	131300	51344	33961	80632	92186	42824	125803	41450	37066	32073	93068	62242	113117	35435	108797	102587	4572	24596	47946	35894	106748	57232	6463	20889	31637	94153	26610	20488	82022	110206	28982	82254	17862	20160	21075	110224	41784	63078	83849	68029	5389	108212	36854	135651	78324	56618	23376	21789	46379	20142	75295	30000	109305	80196	57425	114579	70503	27412	111205	70992	65799	57049	76690	99595	40721	44498	98497	25406	31355	81642	74736	14942	103345	29396	98106	66906	98774	37563	48180	23871	117976	110278	
9400	44500	71627	87072	56085	37957	51871	48442	117220	80883	48251	114150	60484	88032	24252	119000	53921	111685	86636	0	46055	73678	45475	45278	60672	14020	26524	44780	66102	62503	47803	61785	111906	124693	101805	78758	115703	32388	33463	94227	58639	111888	100077	24819	43246	39748	82195	48558	32798	41580	65908	73090	89031	61974	85800	124555	128559	97103	40651	102164	43499	87404	69864	31159	56889	106705	73136	59221	24773	90921	58752	85287	108458	59211	58138	72349	61107	89861	104464	37029	49768	82168	63304	63227	52668	58834	64033	32449	19024	8892	117558	101012	73410	65123	80701	18566	97758	74813	109517	60345	39425	68132	111639	119065	71769	119885	119060	101318	5788	47418	113658	48706	96265	103860	104068	54744	59573	117826	109029	56226	84905	69086	90596	63349	22152	70199	82608	74033	109111	19990	60677	93291	110512	110439	70386	23757	92804	105259	79603	71144	61870	131618	96851	61749	86136	69132	99530	82832	47880	81203	67994	68095	59481	74691	24286	65918	116735	92520	45054	77115	54466	60550	118340	22838	27600	125589	32164	71900	75563	116285	104070	108353	82231	7873	103280	89884	64830	114495	105648	88983	57549	118208	116720	98813	80294	82008	
52343	60716	118327	49707	33932	13487	14939	14375	81762	96271	18011	141584	75872	77503	30060	83541	15804	74320	51178	46055	0	104061	20548	38403	22059	36787	70513	17464	79039	17176	26170	91620	75205	87993	99317	113208	79003	39494	43167	55575	23951	75187	122749	50536	21802	20435	38015	62556	58138	51359	27294	84335	100276	79298	40848	87854	91858	60402	14329	63511	52625	45542	31250	24844	18275	70004	34483	22520	44982	52269	69997	105651	71757	69145	14452	37661	24406	39259	55553	53158	81746	45467	28616	18275	11046	13882	25380	76437	44929	46624	80857	101250	34796	26470	44001	62554	59105	109269	107491	21693	6629	23180	74939	143475	115757	83184	82359	112472	51578	14632	136331	10465	54404	65208	94551	61886	103871	81125	131702	93341	48205	30434	46416	26648	66140	70282	45907	36388	72410	63979	22063	56590	113861	133111	39139	57788	56103	68558	40989	100978	23217	94917	108096	72994	49435	98967	57668	117062	69079	71686	29342	33407	37133	36078	41459	47384	141145	95263	48180	95990	8944	25862	110818	37155	23160	88888	54693	90349	63806	77633	113565	71652	43578	41034	106576	53183	94099	69547	129946	81974	89528	81507	80020	62112	99387	93253	
65166	47149	36347	115146	75132	90399	87409	88939	75389	26572	84623	51585	34558	64631	79010	83169	95100	171301	122650	73678	104061	0	81985	59034	89824	84778	49304	87707	28185	103650	78844	14084	77687	87028	38586	11776	73475	61934	56558	125834	85737	77361	29467	60261	81453	82079	113802	41633	52363	55046	95060	19320	11142	25634	124769	71140	90894	132900	88334	168331	52113	119010	99016	72658	88496	91645	104743	82246	65419	122528	39991	14677	86468	34140	96746	93969	84424	125658	140262	55228	25944	86098	90402	108835	98440	111626	95640	86607	67531	75381	77052	37793	102562	96730	116499	59455	169612	32424	46299	91952	89201	105047	83870	55846	49899	74259	162657	48804	73586	89927	43048	95355	127872	164749	42206	47943	30267	74721	38419	33379	120703	100693	122202	83678	64167	44542	118405	87789	82283	53840	92284	85025	57296	39829	79283	53432	89512	141057	108755	24134	93477	71267	18962	38019	121933	8556	131137	15631	39393	38925	99601	95194	73237	103843	63854	67152	53516	29302	56856	10317	124407	87649	41444	74466	78561	87924	56427	12402	54264	172466	33460	93294	113838	78631	62093	92956	26714	119185	42430	31142	18868	75379	79072	85022	8496	15584	
46202	37619	95230	42364	13829	15243	7045	5811	74007	67044	4255	92231	52775	48322	22036	75787	11595	66976	43423	45475	20548	81985	0	30285	14689	39892	57033	8929	57464	19142	4316	70045	67272	80059	79295	91633	71069	31377	35049	48244	12256	67254	101175	42418	2723	6145	36211	40981	36563	29784	19925	62760	78701	57723	47179	79921	83925	52469	9557	56180	31050	41420	23880	14578	10906	62071	27152	14587	36864	44938	48422	84076	63824	47570	14777	25966	16473	45227	59831	31583	60171	37534	16921	27175	13931	27118	18049	70213	36812	37549	72924	81229	27426	19139	36067	49820	51774	87694	87470	14362	17221	27456	67005	97018	100479	75251	74426	69754	53986	6228	114756	10973	50282	57876	74530	40311	82296	73192	110127	71766	40271	23103	44612	15823	59916	50261	37974	26426	64477	57754	14693	48657	71143	111536	29176	49670	48170	60625	33619	79403	15886	86984	78896	51419	41502	77392	53546	95487	47504	51665	22010	21713	15558	28708	33341	27363	94688	75242	26605	74415	28508	14168	90797	29038	21797	80955	46576	68774	43785	70301	93544	63719	36247	44139	63911	45250	72524	69861	81586	61953	67953	73574	72087	54179	77812	71678	
34784	14667	72279	58823	18795	32364	31087	34627	87568	50223	28301	83490	29824	48482	20974	89348	38778	88570	56984	45278	38403	59034	30285	0	34000	35591	35740	30044	34407	47826	23020	46988	81803	94591	69064	68576	65783	7238	13765	70011	29914	81785	78118	21126	28064	24565	57978	17925	13507	6728	43703	39704	55644	34667	68945	63448	98456	67000	33457	77947	7994	63187	47633	15144	32672	76602	48919	26422	22729	66704	25366	61020	78355	24514	40922	37315	30624	51685	67954	8526	37115	52065	35788	53011	42616	52244	39816	63720	28396	31019	58071	72447	47223	40906	40619	28527	73541	64637	80952	36128	31687	49223	81537	90500	77423	89782	88957	61549	47493	35050	91699	39531	72049	79643	64299	17541	59240	58342	87070	48710	54803	44869	66379	26866	50604	40030	52505	31134	79008	40276	36460	63188	70743	88480	27487	28377	62701	75156	57372	56347	37653	65586	63465	28362	56033	54335	75313	72431	24447	41434	43777	40580	17414	52460	21990	24843	88170	63956	3979	51359	42974	31825	84953	16952	21047	95486	22813	45718	35794	92068	78803	78250	58014	38010	63510	59781	49468	84392	71355	51721	44897	59712	86618	68710	54756	48622	
59421	45458	103069	25576	18674	24398	7887	12178	68716	81013	12126	128538	60614	55211	35255	70495	10852	51688	24285	60672	22059	89824	14689	34000	0	55816	66317	24756	64984	21229	15652	77565	62144	74931	85262	99153	65941	41170	44342	32949	8679	62125	108695	51702	17211	20633	28522	48501	44083	37305	5672	70281	86221	65243	39489	74792	78796	35466	24045	40886	38570	31692	9628	29065	3958	56942	19463	8465	51352	35210	55942	91596	58696	55090	15262	18224	10352	17636	29949	39103	67691	32406	12354	23555	18130	27873	10360	84701	51300	52037	67796	87196	13174	11450	30939	59103	36479	95214	93437	6672	32791	19767	61877	130413	107999	70122	53880	99410	70607	21245	122276	13501	40554	42582	80496	47831	89816	68063	117647	79287	22732	13375	36922	12593	74404	56227	32845	21116	59348	70853	5102	43529	100800	119056	23867	58954	43041	43623	19367	86924	6851	81856	94041	58939	36374	84912	43818	103008	55024	57631	10558	11522	23078	14455	47829	32835	128083	81209	34125	81935	31976	10590	96763	43525	36285	75827	53390	76294	49257	55007	99510	58591	26519	60063	93514	40122	80044	46921	116884	67919	75473	68446	66958	49050	85333	79199	
20308	43545	82535	77831	50512	28716	42630	39201	107979	79928	43658	113195	59529	85005	19504	109759	44680	102443	77395	14020	36787	84778	39892	35591	55816	0	37432	34467	65922	52189	42179	72693	101592	114380	104754	89666	105390	29045	27395	83914	48325	101574	109633	27497	38498	34999	71881	49439	32275	35223	55595	71218	87159	61658	75486	114241	118245	86789	30337	91850	39508	77090	59550	26410	46576	96391	62822	48907	24183	80608	56880	92534	98145	58688	47824	62035	50793	79547	94151	35124	60676	71854	52990	52913	42354	48520	53719	43357	19578	13543	107244	103962	63096	54809	70388	29473	87444	85721	112467	50032	29112	57818	101326	122014	82677	109571	108746	97074	16965	37104	123214	38392	85952	93547	99824	54221	70481	107512	118585	67134	74592	58773	80282	53035	33060	64500	72294	60763	98797	30898	50363	82978	140248	119994	63513	34665	82490	94946	69290	82052	51556	121305	94979	59877	75822	80040	89216	93740	47356	76959	57681	57782	48595	64378	20943	60368	119684	95470	38592	82873	44152	50237	116468	19494	17287	115275	34842	77232	71319	105972	110318	98039	71917	7954	132963	79570	75738	104181	106880	87246	68457	107894	106407	88499	86270	80136	
19530	34848	50670	91456	52098	62442	62609	61375	120201	57412	59819	90679	44774	78380	37748	121981	71411	121203	89617	26524	70513	49304	57033	35740	66317	37432	0	56796	41724	74716	55541	37407	114324	127111	77427	54380	95123	30234	23915	102531	62434	114305	75699	18435	54816	51317	90498	38981	23251	32033	71756	49309	65249	37596	101466	92788	130976	99520	60209	110467	33952	95707	75712	41896	65193	109122	81439	58942	23593	99225	50441	60909	110876	32537	73443	70666	61121	92279	106882	27482	25390	84586	67099	85532	69506	82435	72336	39450	25705	28224	90014	76634	79258	73426	83119	13385	106061	55056	85139	68649	63027	81744	114057	94687	50991	95907	121477	83000	26429	61802	89280	66548	104569	112164	75613	44315	38796	87683	84651	29596	87323	77390	98899	60375	17010	63515	85025	64486	111528	6682	68980	95709	84319	86060	60838	7362	95221	107677	85451	46766	70173	94927	68538	48460	88554	44754	107834	58454	31071	62152	76298	71890	49934	80540	27661	56371	92357	68142	35506	52736	78067	64345	88466	33664	44826	128007	15911	47521	65134	124589	79691	110771	90534	31474	96290	92302	37742	116913	81270	64605	33171	89052	119138	101230	55916	58227	
51069	43340	100951	46771	19550	8506	11570	8141	76919	72765	12598	136741	58496	54043	21788	78699	13620	71383	46335	44780	17464	87707	8929	30044	24756	34467	56796	0	63111	21115	11214	75692	70518	83305	84943	97280	74315	34018	37691	52840	17251	70500	106822	45060	6658	5479	40807	46628	42210	35431	24520	68407	84348	63370	51774	83167	87171	55715	4727	60776	36697	46016	28476	17219	15501	65317	31748	17833	39506	49533	54069	89723	67070	53217	16750	30961	19719	48473	63077	37230	65818	40780	21916	29149	11280	29091	22645	74103	39454	40191	76170	86877	32022	23735	39313	52461	56370	93341	93117	18957	11427	32052	70251	102665	113423	78497	77672	107785	49244	6030	120403	7318	54878	62472	80177	45958	87943	76438	115774	77413	43517	27698	49208	21961	63806	55908	41220	32073	67723	61644	19289	51903	109174	117183	34823	52312	51416	63871	38215	85050	20482	90230	84543	57066	44748	83039	58142	101135	53151	57312	26606	26707	21205	33303	35983	33010	100335	80889	32252	80062	22715	19162	96444	31679	22857	84201	49218	74421	49432	74897	99191	66965	40843	38700	101889	48496	78171	73107	87234	67600	73600	76820	75333	57425	83459	77326	
57591	22127	44989	90124	50110	65377	62387	63917	68106	17791	59601	51058	6933	44961	53988	75886	70078	110852	76442	66102	79039	28185	57464	34407	64984	65922	41724	63111	0	79592	54786	19496	70128	79470	38247	37642	65916	37876	37667	101777	61680	69802	47184	41370	57396	58022	89744	17708	33472	30988	71002	8238	24710	7174	100711	63581	83335	86210	64276	109713	28055	94953	74958	48601	64438	84086	80685	58188	46528	98471	14310	30086	78909	14887	72688	69912	60366	78969	93572	31170	20578	67922	66344	84777	74382	87569	71582	79469	48641	56921	57425	37454	78504	72672	82365	48772	105307	37145	45959	67894	65143	80989	64243	55507	57847	66700	104123	41245	66448	65869	60765	71297	103815	111409	36433	29311	34987	55094	56136	32173	74013	76635	98145	59621	57029	22377	71715	63731	62807	46701	68226	65398	45139	57546	51830	46293	69885	94367	84697	28855	69419	63708	29276	11748	75244	26843	107079	41497	26062	21014	75543	71136	49180	79785	44963	42862	53177	28963	32798	20425	100350	63591	49286	50408	54503	80365	39381	14411	36088	164907	46885	69054	89780	70398	54534	73329	28364	99558	42090	25425	22167	56463	71513	65395	23822	15456	
68791	59284	116895	45087	32500	18373	13499	14251	80330	94839	16579	140152	74440	76071	39708	82109	8892	66945	49746	62503	17176	103650	19142	47826	21229	52189	74716	21115	79592	0	23095	90209	73795	86582	97906	111797	77592	49053	56986	49119	21961	73777	121339	64346	20400	23822	27195	61146	56727	49949	25305	82925	98865	77888	30728	86444	90448	58992	25242	56103	51215	34722	29261	32254	16286	68594	18136	21110	54540	42982	68587	104241	70347	67735	6800	35671	22996	37269	48145	51747	80336	44057	26626	8080	8233	8023	15395	91881	54488	55225	79447	99840	32806	12079	42590	71748	51697	107858	106081	17892	21603	13059	73528	142065	120644	81773	69097	111062	67022	17659	134920	10660	43584	57799	93141	60475	102461	79715	130291	91931	46794	22149	35596	25238	81584	68872	44497	34399	70999	79422	20073	55180	112451	131701	37149	71598	54692	58015	36812	99568	21072	93507	106686	71583	48025	97556	46849	115652	67668	70276	24643	31418	35723	31900	51017	45974	139735	93853	46769	94580	12772	23873	109408	46714	40635	87478	66034	88939	62396	70224	112155	70242	35952	56478	105165	51773	92689	62138	128536	80564	88118	80097	78609	60702	97977	91843	
48530	34478	92089	40792	10687	17571	10995	12020	69537	63903	6811	89090	49634	45181	24364	71317	15545	70539	38953	47803	26170	78844	4316	23020	15652	42179	55541	11214	54786	23095	0	66711	63598	76385	75962	88299	67395	30316	33488	51805	11708	63579	97841	40848	4952	8421	39772	37647	33229	26451	21031	59427	75367	54389	50740	76246	80250	48794	11832	59741	27717	44981	24986	16853	14467	58396	30713	8216	39140	48499	45088	80742	60150	44237	18720	25418	11154	41553	56156	28249	56838	33860	16373	34806	17875	31062	21610	72489	39087	39825	51290	77896	28532	22700	32393	48250	55335	84360	84137	17923	19497	31018	63331	93685	97146	71576	70751	66420	56262	10586	111422	14790	53843	61438	71196	36977	78962	69518	106793	68433	36597	26664	48173	9614	62192	46927	34299	23092	60802	59999	18254	44983	67810	108203	25843	48100	44495	56951	34725	76070	19447	83310	75562	48085	37828	74058	57108	92154	44170	48331	25572	21164	12225	29814	35617	24030	91355	71909	23271	71081	30784	13619	87463	31313	24072	77281	42536	65441	40452	73863	90210	60045	39808	46415	60577	41576	69190	66187	78253	58619	64619	69900	68412	50504	74479	68345	
53274	38494	26860	102705	62690	77958	74968	76498	82400	27881	72182	58596	22105	63871	59117	90180	82659	132452	100865	61785	91620	14084	70045	46988	77565	72693	37407	75692	19496	90209	66711	0	84326	93667	45225	18386	80114	49833	44681	113734	73637	84000	40521	48384	69352	69979	101701	29532	40486	42945	82959	17424	24573	15718	112668	77779	97533	110723	76233	121670	40012	106910	86915	60558	76395	98284	92642	70145	53542	110428	27891	25731	93106	24224	84645	81869	72323	103481	118085	43127	14067	95788	78301	96734	86339	99526	83539	74731	55654	63504	76482	44432	90461	84629	94322	47578	117264	19062	52937	79851	77100	92946	83299	62485	39765	80898	132680	55443	61709	77826	54102	83254	115772	123366	45719	35842	16905	74150	49473	20017	98526	88592	110102	71578	52291	41434	96228	75688	88922	41963	80183	84454	63935	50883	65992	41555	88941	118880	96654	10772	81376	77906	33361	25910	99756	7818	119036	22460	27516	40071	87500	83093	61137	91742	51977	57024	60155	35940	44755	17559	112307	75548	55605	55076	66460	94563	44550	12344	51956	179104	44514	99932	101737	66755	68732	83895	13352	128116	49068	37781	5605	82018	85711	84452	20738	20584	
112004	66224	116215	64026	66477	75632	63428	66486	5182	56230	64709	61200	65445	20351	87838	14459	66245	86052	43366	111906	75205	77687	67272	81803	62144	101592	114324	70518	70128	73795	63598	84326	0	19110	53592	85685	7477	89086	92258	91697	58661	3674	82169	99618	69293	72715	86725	63291	91999	85221	57345	74020	65965	71803	97692	8011	22976	39601	75022	83764	86486	91934	55376	81147	61419	10536	77666	56382	98508	98355	62130	72425	4946	71581	69996	44838	58268	46531	61134	87019	85207	38838	51636	82395	69151	82338	68563	141661	103381	104119	14040	55526	52989	69653	37371	107019	85045	101890	61767	64875	78985	77970	10711	65524	128004	8437	78090	34521	116802	67440	79691	66066	102493	80181	46956	54559	99732	10638	91121	96802	41575	73616	95126	60509	131364	47959	39278	46518	5595	118769	65207	19756	35910	92530	54611	106870	23259	50134	60932	93599	66400	15953	66173	60346	42806	86910	98520	89540	70561	45392	72524	48812	70995	62176	99911	44059	63194	62519	82041	68467	95119	53041	65094	95607	90415	20006	82030	73682	33520	87898	80821	12185	86761	106258	24042	25755	96179	76081	51995	47382	88333	11021	10977	14893	71865	64167	
124792	75565	125557	76813	79264	88419	76216	79274	13869	65571	77497	48987	74786	32596	100626	4497	79032	96561	56153	124693	87993	87028	80059	94591	74931	114380	127111	83305	79470	86582	76385	93667	19110	0	50934	96817	23369	101336	104507	78785	70910	14660	75636	111868	81543	84964	98974	74792	104249	97470	69594	85152	77096	87157	109942	15339	5070	66022	87272	89605	98736	104183	67626	93397	73669	24767	89915	68631	110758	85443	73632	83557	17623	83083	82246	57088	70517	58780	73384	99269	100561	51087	63886	94645	81401	94587	80813	153911	115631	116368	32636	52868	65239	81902	49621	119269	90886	113022	55447	77125	91235	90220	29702	56427	139136	13343	83931	35011	129051	79689	71534	78316	108334	86023	45491	66060	110864	28847	73946	112156	53825	85866	107375	72759	143613	59460	51527	58768	27173	131018	77456	41901	33251	80697	66861	119119	37402	74178	73181	104731	78649	19493	77305	71847	55055	98042	104361	100672	82063	58871	84774	61061	83244	74425	112160	55560	54097	73651	94291	79599	107368	65291	58168	107857	102664	3923	113555	84814	45021	93739	72327	26416	99010	118508	21635	39898	107311	81922	49336	58514	99465	25274	8282	34534	82997	75298	
