//--------------------------------------------------------------------------------------------------------------------
//-- données sur le GARD récupérées par le géocodeur (matrice symétrique)
//-- 
//-- C. Duhamel, P. Lacomme C. Prodhon - juillet 2009 : 2100 kg à collecter, flotte de capa 7000
//--------------------------------------------------------------------------------------------------------------------
111 3 999999 0 0 0
20 50 35 1
20 100 50 2.2
20 200 80 2.2
0   // la ville qui represente le depot
0	43662	36243	105017	95247	97762	47191	51303	108727	120171	153863	75986	48746	71644	50254	135488	76826	104488	62755	124988	77682	58757	50495	59556	112622	58799	42193	78349	52499	106140	67765	42573	72676	52374	75166	77155	122350	55045	113220	40455	33019	116543	79632	103933	120115	120370	68179	72426	83114	54689	130240	104703	98171	110488	93471	52696	67143	136812	77924	109829	77304	81103	89522	99635	95306	63361	104628	114670	118244	129162	82311	105582	123624	107401	82973	74014	58164	101872	91004	108601	110167	143621	112945	28533	106984	67246	110546	124911	140800	107591	98954	111929	79684	111599	82058	109970	96325	82620	57868	110799	106881	110530	47847	92729	84979	41275	44004	95057	46588	95412	114879	58126	
43662	0	9747	66555	50360	59300	6555	15853	51969	81709	115401	51884	16405	40850	11842	97026	38364	48944	31961	86526	39220	27964	7830	16891	74160	16134	5020	50515	9834	67678	56033	3131	34215	17740	47331	38693	83889	12794	74759	12102	33424	75631	41170	65472	81653	81908	37385	33964	44652	14749	91778	66241	59709	72027	55009	10031	28681	98350	39462	71367	32416	42641	51060	46238	56844	32567	66166	76209	79782	90700	43849	50426	85162	68939	32115	35552	27467	63410	46116	63714	71705	105159	74483	23473	68522	24581	72084	86449	102338	69130	60492	73467	41222	73137	37170	71508	57863	44158	14509	65912	68419	72069	9435	54267	59207	19719	5592	56595	9073	56950	76417	15461	
36243	9747	0	71152	61382	63897	13326	17438	74862	86306	119998	48813	14881	37779	16389	101623	42961	70623	28890	91123	43817	24892	16630	25691	78757	24934	8328	44484	18634	72275	38358	8708	38812	18510	41301	43290	88486	21180	79356	6591	24602	86654	45767	70069	86250	86505	34314	38561	49249	20824	96375	70838	64306	76624	59606	18831	33278	102947	44059	75964	43439	47238	55657	65770	61441	29496	70763	80806	84379	95297	48446	71717	89759	73536	49108	40149	24299	68007	57139	74736	76302	109756	79080	16176	73119	33381	76681	91046	106935	73727	65089	78064	45819	77734	48193	76105	62460	48755	24003	76934	73016	76665	13982	58864	63804	16551	10139	61192	12723	61547	81014	24261	
105017	66555	71152	0	16099	82481	49770	54130	8803	49258	34165	75184	62179	64150	52298	32198	61545	11551	55261	20159	51382	51264	46699	50307	7793	43816	60014	64594	46374	48019	79333	65646	57515	57499	61411	29092	17522	50098	54227	74309	95631	65072	64351	88652	16825	15541	56962	57145	55323	49131	26950	9523	28059	65562	56658	52630	41536	58449	48261	76225	33144	57876	48242	11993	80025	51397	68975	11381	43783	25872	32872	5658	20334	64168	26407	58733	69175	5588	36205	28204	6550	59044	9656	85679	55925	37958	7256	51691	58240	4302	39440	53008	37399	8309	29753	73627	81044	51194	43218	55352	58240	47509	54573	30954	68738	81926	58834	42326	57751	10761	81275	40942	
95247	50360	61382	16099	0	85514	44725	57163	7224	64187	49094	78218	68002	67184	52936	47127	64578	6567	58294	33677	54415	54297	44615	51767	21250	43778	55349	67627	44290	63130	82366	48703	60548	60532	64444	32125	31039	48495	69156	62055	75854	51112	67384	91686	31754	29059	59995	60178	70866	52165	41879	22877	40246	98241	81223	50187	44570	73378	51295	97581	18604	60910	77274	12049	83058	54430	92380	26310	58712	40801	35906	9839	35263	95153	27945	61766	72208	17776	22244	15283	12584	73973	24584	69494	70854	32002	22185	66620	73169	19231	45359	66271	40432	23238	18163	97722	84077	63382	37404	41392	70428	62438	52818	43142	78582	69673	53869	54514	59402	21186	102631	38858	
97762	59300	63897	82481	85514	0	63622	52082	88086	38735	72937	22894	58908	27853	47910	84722	19442	83847	29024	104347	26524	44798	55735	48874	91981	55962	63630	14003	71580	30932	32045	59004	51049	57333	17137	56514	101710	48665	31785	67666	88988	117880	21423	10744	73072	99729	24153	35024	14389	44743	79474	61302	38168	29053	9967	51197	46503	64389	40522	21011	74665	22717	16075	78994	11472	27085	22876	75132	43036	72073	61670	84941	79130	25965	62333	21945	42585	59682	88365	99712	89526	71198	92304	79037	25548	58028	89905	43985	68377	86951	37646	31479	44183	70119	79419	21644	12491	16427	72379	108160	18240	35323	50184	32726	11977	75284	64203	21610	53362	74771	17295	75569	
47191	6555	13326	49770	44725	63622	0	21298	50242	84617	118309	54792	21850	43758	17288	81669	41271	42989	34869	68219	42128	30871	7938	16999	55792	16242	10465	53423	3880	70586	58940	5120	37122	23185	50239	41601	65582	12902	77666	15927	35072	70219	44077	68379	66296	63601	40293	36872	47560	20194	76421	51874	62616	74934	57917	10443	31589	101258	42370	74275	27004	45548	53968	40284	59751	35475	69074	60852	82690	75343	46757	44472	69805	71846	30203	38460	31292	49354	40704	58302	55602	108066	59127	27298	71430	22669	56727	89357	105246	53773	63400	76375	44129	57780	31758	74415	60770	47066	9097	60499	71327	74976	13919	57174	62115	23544	11038	59503	14518	42268	79325	9507	
51303	15853	17438	54130	57163	52082	21298	0	57573	70277	103969	33638	7817	22604	4373	84334	24598	53333	13715	73834	25455	9717	13953	14156	61468	15925	11995	29309	16148	56246	28012	19331	14753	5827	26125	26001	71196	9072	63326	15585	39031	87367	27404	54039	68961	69216	19139	19709	28654	5648	79085	53549	46576	60594	32078	10224	13678	86918	26180	59935	44152	22591	39628	48481	45411	14321	54734	63516	68350	78008	31157	54428	72470	57506	31819	21786	20043	50718	57852	69198	59013	93726	61791	30605	57090	27514	59392	75016	90906	56437	47359	62035	28529	60445	48906	60075	46430	30393	34627	77647	56987	60636	5752	41134	40264	20862	11117	45163	7093	44257	64985	21775	
108727	51969	74862	8803	7224	88086	50242	57573	0	57493	42400	78915	65910	67881	56028	40433	65275	4050	58992	26983	55113	54994	42738	54037	14556	37652	53472	68325	42413	56435	83063	54160	61245	61229	65141	32822	24345	53828	62461	78039	81311	56799	68081	92383	25060	22365	60692	60875	71563	52862	35185	16183	33552	73797	62152	48311	45267	66683	51992	98278	24061	61607	53735	6769	83755	55127	93078	19615	52017	34107	36603	3145	28569	72402	26815	62463	72906	11082	27931	19931	12243	67279	17890	89410	64160	30872	15491	59925	66474	12536	38665	59577	41130	16544	23621	98419	84774	56688	42862	47079	63734	55744	58303	36448	74232	85656	51993	47820	61481	14492	103328	36981	
120171	81709	86306	49258	64187	38735	84617	70277	57493	0	33969	52585	79779	78555	68780	59426	38520	60164	69666	69845	38780	65668	76606	69744	56990	76832	84501	40543	92450	10818	93737	79874	71919	78203	42878	46718	70605	69535	10885	88537	109859	113319	33678	31383	47776	65226	49893	55895	36182	65614	54178	43993	29735	16581	37517	72067	67373	11775	45682	27244	70104	44510	27769	60606	28183	59248	19994	49837	11921	46778	44328	54270	53835	15186	50700	38996	83580	49817	83804	76817	55763	19925	55947	99907	16536	56225	53548	5017	15462	47447	24634	15806	44425	46922	74858	24646	32142	32052	93249	103599	22055	6405	71055	30065	45686	96154	85074	28227	74233	51410	32294	96439	
153863	115401	119998	34165	49094	72937	118309	103969	42400	33969	0	84643	85938	82716	84477	26849	70578	45027	73827	50124	61960	72874	84105	82486	42595	75996	117289	72600	82131	42875	88124	112662	76602	110991	74935	61271	40705	82277	43673	121325	142647	98548	65736	64171	23015	45506	76882	65335	68239	81311	21601	30439	39493	49369	69574	84809	67338	32757	58839	60032	68902	70525	59826	45469	60971	71317	52782	27347	33797	18835	56816	39134	26493	47975	49410	63437	116368	37768	69681	61680	39351	25848	31456	132696	49324	70137	33828	33744	29415	30969	41028	47864	56913	25024	63229	57434	64930	64110	78976	88828	54843	38462	86752	41776	78474	128942	117862	53148	89930	42941	65082	76699	
75986	51884	48813	75184	78218	22894	54792	33638	78915	52585	84643	0	40669	11508	36141	93002	24513	86974	19431	107474	29166	25511	58863	52001	95109	59089	44175	14177	48025	43297	15700	62299	24599	29069	14116	59641	104837	40503	55299	44744	69101	121007	24916	29423	81352	102856	12514	27098	19461	34043	87754	69583	46449	52567	16848	42101	32592	63108	33793	36968	77792	19830	25125	82121	32405	24064	46707	97157	55401	80353	64797	88069	87410	49479	65460	24925	26240	84358	91492	102839	92653	71258	95432	55151	49063	61155	93032	56350	66794	90078	47232	43844	62170	78399	82546	40323	29455	21498	75675	111287	41387	47688	37629	41007	14339	38330	43298	29890	39273	77898	35974	69219	
48746	16405	14881	62179	68002	58908	21850	7817	65910	79779	85938	40669	0	25182	15066	92385	32650	61385	19907	81885	33506	17769	20696	24202	69520	26618	11982	37361	22700	64297	30691	19319	17870	7089	34177	34052	79248	19765	71378	12311	39019	91781	35456	62091	77012	77267	24795	27761	36706	13700	87137	61600	54627	68646	40130	17762	21730	94969	34232	67986	48566	30643	47679	56532	53463	22372	62785	71568	76401	86059	39209	62480	80521	65558	39871	29838	16632	58769	62266	77250	67064	101778	69843	26316	65141	35566	67443	83068	98957	64489	55411	70086	36581	68496	53320	68127	54482	38444	34614	82061	65038	68688	13290	49185	45918	9000	11105	53214	10607	52309	73036	28327	
71644	40850	37779	64150	67184	27853	43758	22604	67881	78555	82716	11508	25182	0	24429	93350	16920	62350	10758	82850	20451	13798	34238	27377	70484	34464	32462	15224	36312	44442	8884	39376	12886	22131	10994	35017	80212	28791	65821	36052	55393	96383	22322	34437	77977	78232	7294	20954	18194	22330	88102	62565	47821	63089	17993	30388	20879	89412	27426	41982	53168	12131	26270	57497	47906	15566	57228	72532	56546	81725	40173	63444	81486	60001	40835	16211	16501	59734	66868	78215	68029	96221	70807	41443	59584	36530	68408	77511	93400	65453	48604	44989	37545	69461	57922	45337	34469	22643	52751	86663	59481	48833	25916	42379	22379	28590	31585	31035	27560	53273	40988	44595	
50254	11842	16389	52298	52936	47910	17288	4373	56028	68780	84477	36141	15066	24429	0	82438	25036	51438	15748	71938	25893	11751	11682	10125	59573	11894	7966	31343	12921	54350	30045	13184	16786	9278	28159	24105	69301	5041	61431	16409	38430	78374	27842	52144	67066	67320	21172	20636	31324	3157	77190	51653	43444	58699	41681	7193	14094	85022	26134	58039	35159	24625	37732	46585	43516	16354	52838	61621	66454	76112	29262	52533	70574	55611	29924	22224	29434	48822	48859	67303	57117	91831	59896	30003	55194	21197	57497	73121	89010	54542	42063	60140	26634	58549	39913	58180	44535	30830	29379	68654	55091	58741	2525	35838	42298	21686	6786	43267	5703	42362	63089	18548	
135488	97026	101623	32198	47127	84722	81669	84334	40433	59426	26849	93002	92385	93350	82438	0	78753	42389	84802	26073	72230	80805	81466	79848	29968	73357	89555	80776	79493	57742	108874	95187	87056	87040	83111	58633	21617	79639	63949	103850	125172	95910	73911	90087	18070	26997	87151	75605	76415	78673	6274	33947	49763	75285	77750	82171	71078	58231	69109	85948	66264	80795	69333	42831	77913	81586	78698	22402	53505	13077	62414	36496	14703	73890	55948	73706	98717	35130	67042	53151	35733	51323	26511	115220	65648	67499	25627	59218	54889	29375	51297	62730	67183	29008	60591	83350	81297	72285	76338	86190	74712	57232	84114	52045	89829	111467	88375	63418	87292	40302	90998	74061	
76826	38364	42961	61545	64578	19442	41271	24598	65275	38520	70578	24513	32650	16920	25036	78753	0	61544	14529	82045	5767	16037	33433	26572	69679	33659	41328	12590	49277	29256	22400	36701	19766	35030	11554	34212	79407	26363	41258	45364	66686	95578	5548	27495	67311	77427	9657	6338	5684	22441	73713	55542	32408	38526	9564	28894	15860	49067	10395	31567	52363	6761	11084	56692	22028	10174	32666	71727	41360	66312	28234	62639	73369	35438	40030	3069	40407	58929	66063	77409	67224	57217	70002	56735	35022	35725	67603	42308	52753	64648	33191	29803	24978	64358	57117	38007	23047	8426	50077	85858	30997	33647	27882	26966	21643	52981	41901	15849	31060	52468	32340	53267	
104488	48944	70623	11551	6567	83847	42989	53333	4050	60164	45027	86974	61385	62350	51438	42389	61544	0	54718	29735	50839	50721	40473	43376	17308	35387	51207	64051	40148	60257	78790	48291	56972	56956	60867	28549	27097	42866	67430	73765	75442	55965	63808	88109	27812	25117	56418	56602	67290	48588	37937	18935	36304	94664	77647	46045	40993	69435	47718	94005	21569	57333	73698	6330	79481	50854	88804	22367	54769	36859	32329	5897	31321	91577	24549	58190	68632	13834	27098	19732	16629	70031	20642	85136	91160	28606	18243	62677	69226	15288	41417	63399	36856	19296	21128	94145	80501	60159	36992	46245	67556	58496	48676	40602	75006	81383	49727	51291	57207	15498	99055	34716	
62755	31961	28890	55261	58294	29024	34869	13715	58992	69666	73827	19431	19907	10758	15748	84802	14529	54718	0	74103	17008	5051	25492	18630	61738	25718	23715	16471	27565	49049	16327	30629	4811	14057	13287	26270	71466	20044	56129	27305	50752	87636	18958	36750	69230	69485	5285	8889	15816	13583	79355	53818	39074	53397	19240	21641	12133	79721	17734	52738	44421	9753	24494	48750	38214	4291	47537	63786	61153	72979	31426	54697	72739	50309	32089	11492	19434	50987	58121	69468	59282	86529	62061	42326	49893	27784	59661	67820	83709	56707	39858	54838	28799	60714	49175	52878	39233	23891	44005	77916	49790	53439	17170	33632	27426	31310	22838	29259	18813	44527	57788	35848	
124988	86526	91123	20159	33677	104347	68219	73834	26983	69845	50124	107474	81885	82850	71938	26073	82045	29735	74103	0	71192	71073	64966	70116	13954	63626	79823	84404	64641	68473	99142	85455	77324	77308	81220	48901	8584	69907	74680	94118	115440	83425	84160	108462	25315	8588	76771	76954	75252	68941	27623	29976	47987	86016	76587	72439	61346	78902	68071	96679	51412	77686	68170	30261	99834	71206	89429	27207	64236	29818	52682	23925	19811	84621	46216	78542	88985	25517	54472	34924	23576	74870	23009	105489	76379	53099	16234	72144	78693	23285	59894	73461	57209	27275	48021	94081	100853	71123	61486	80220	78168	67963	74382	50882	88666	101735	78643	62255	77560	30570	101729	59209	
77682	39220	43817	51382	54415	26524	42128	25455	55113	38780	61960	29166	33506	20451	25893	72230	5767	50839	17008	71192	0	16954	34350	27489	59453	34577	42245	21527	50194	29586	25912	37618	20683	35947	16244	22370	69181	27280	41588	46281	67603	96495	5349	30986	60892	67200	13169	7255	12626	23358	67294	49123	25989	38856	15102	29812	18893	49397	4663	31898	53280	11310	11414	46465	22359	12096	32996	62953	41690	59894	22502	52413	66951	35768	29804	4221	41324	47503	66980	68417	56997	57547	59776	57652	35352	31877	57376	42639	53084	54422	26773	30133	19247	57940	58034	38337	23378	10489	50994	86775	31327	33977	28799	20547	30580	53898	42818	12508	31977	42242	32670	54184	
58757	27964	24892	51264	54297	44798	30871	9717	54994	65668	72874	25511	17769	13798	11751	80805	16037	50721	5051	71073	16954	0	21964	15102	58210	22190	19694	20739	23544	53120	19441	26608	6445	12123	17555	22743	67938	16023	60201	23284	46731	84108	18834	50914	65703	65958	10568	11139	20084	9562	75827	50290	38005	57469	23508	17620	8605	83792	17610	56809	40893	14021	36503	45222	42286	5750	51609	60258	65224	74750	27899	51170	69211	54381	28561	13216	17500	47459	54593	65940	55755	90601	58533	38304	53965	24256	56134	71891	87780	53179	38789	58910	25271	57187	45647	56950	43305	21822	39983	74389	53862	57511	13148	32563	31694	28561	18817	42038	14792	40999	61860	29171	
50495	7830	16630	46699	44615	55735	7938	13953	42738	76606	84105	58863	20696	34238	11682	81466	33433	40473	25492	64966	34350	21964	0	10145	50805	9036	9620	38056	4655	62057	50531	10655	28713	18778	34873	23723	60594	7557	69138	18980	40302	67973	35549	59851	66683	58614	30423	28343	39031	14402	76808	51271	45402	66406	49388	4711	18940	92729	33841	65746	24758	31338	45439	35297	51223	27066	60545	61239	74161	75730	28879	39485	70192	63318	23580	29931	34345	48440	38458	56056	48491	99538	59513	30351	62901	16045	57114	80828	96717	54160	47693	67846	31481	58167	29512	65887	52242	38537	16898	58254	62798	66448	8187	41270	53586	26597	8140	50974	13673	37281	70796	11454	
59556	16891	25691	50307	51767	48874	16999	14156	54037	69744	82486	52001	24202	27377	10125	79848	26572	43376	18630	70116	27489	15102	10145	0	57498	8043	17759	31135	13687	55136	43610	19687	21792	19352	27952	22031	67227	4471	62217	26423	49334	77197	28628	52930	64991	65246	23503	21422	32110	10985	75116	49579	41370	59485	42467	8090	12020	85808	26920	58825	33982	24417	38518	44511	44302	20145	53624	59547	67240	74038	27187	50458	68500	56397	23528	23010	33453	46748	47682	59570	55043	92617	57821	39382	55980	17345	55422	73907	89796	52468	41700	60926	24560	56475	38736	58966	45321	31616	23174	67478	55877	59527	12695	35474	46665	31700	16580	44053	15496	40288	63875	19314	
112622	74160	78757	7793	21250	91981	55792	61468	14556	56990	42595	95109	69520	70484	59573	29968	69679	17308	61738	13954	59453	58210	50805	57498	0	51211	67408	71989	52227	55596	86728	73041	64910	64894	68805	36487	14077	57493	61803	81703	103026	72712	71746	96047	20114	7766	64356	64540	62924	56526	30238	17099	35659	73138	64259	60025	48931	66025	55656	101943	38997	65271	55842	17846	87419	58792	96742	19721	51359	24729	40267	11511	23727	71744	33802	66128	76570	13189	52667	24212	10897	67385	12944	93074	63501	40685	8749	59267	65816	11878	47016	61684	44794	19790	38154	81203	88439	58795	49071	69508	65840	55085	61967	38554	76338	89321	66229	49927	65145	18156	106993	46795	
58799	16134	24934	43816	43778	55962	16242	15925	37652	76832	75996	59089	26618	34464	11894	73357	33659	35387	25718	63626	34577	22190	9036	8043	51211	0	19132	36039	14167	62306	50779	20167	28961	22310	32855	15628	60824	7480	69386	28492	49814	69155	35797	60099	58588	58843	28406	28592	39279	14324	68713	43176	37307	66654	49637	10090	16575	92978	29886	65995	25940	29321	45688	32274	51471	22841	60794	53144	74410	67635	20785	36462	62097	63566	15485	30180	40622	40345	39640	51527	48640	99786	51419	39863	63150	9302	49019	81076	96966	46065	39598	68095	27779	50072	30694	66135	52490	38786	22811	59435	63047	66696	16257	33176	46994	36110	17652	51223	17344	33885	71045	17367	
42193	5020	8328	60014	55349	63630	10465	11995	53472	84501	117289	44175	11982	32462	7966	89555	41328	51207	23715	79823	42245	19694	9620	17759	67408	19132	0	38886	11821	71753	37589	8186	24330	13358	35702	31916	77112	12852	78834	8405	30463	80902	45245	69547	74876	75131	28716	38039	48727	10968	85001	59464	63784	76102	59084	10005	21905	102425	43537	75442	37687	32168	55135	54396	60919	23898	70241	69432	83857	83923	37073	60344	78385	73014	37735	39627	23770	56633	51387	68985	64928	109234	67707	22037	72597	26568	65307	90524	106413	62353	64567	77542	34445	66360	42441	75583	61938	48233	23481	71183	72494	76143	5654	58342	49841	16022	1811	60670	5292	50173	80492	17449	
78349	50515	44484	64594	67627	14003	53423	29309	68325	40543	72600	14177	37361	15224	31343	80776	12590	64051	16471	84404	21527	20739	38056	31135	71989	36039	38886	0	41711	31374	20748	48650	24636	32786	4546	38986	76923	31137	43375	43162	78634	100352	12992	20631	69428	74942	11562	17528	7538	29440	75830	57659	34525	40643	4924	33669	22524	51184	22968	28176	57137	10261	13201	61466	20482	14494	34783	71489	43478	68430	43334	67414	75487	37556	44805	15093	33986	56039	70837	82184	71998	59334	67518	64101	37139	40500	65118	44426	54871	67001	35309	31920	40540	66476	61891	31531	20663	9575	62025	90632	33114	35764	33026	29083	11307	46076	38695	17967	34670	57243	27182	48564	
52499	9834	18634	46374	44290	71580	3880	16148	42413	92450	82131	48025	22700	36312	12921	79493	49277	40148	27565	64641	50194	23544	4655	13687	52227	14167	11821	41711	0	65514	53987	8728	32169	21112	38329	27108	62343	9504	72594	20902	42224	69722	39005	63307	63058	60362	33073	31800	42488	15932	73182	48635	51747	69862	52845	7045	22397	96186	37298	69203	26507	34795	48896	37045	54679	28255	64002	57613	77618	72105	32265	41234	66566	66774	26965	33388	36267	46115	40207	57805	50240	102994	55888	32272	66358	19430	53489	84285	100174	50534	52077	71303	34937	54542	31261	69343	55698	41994	10129	60003	66255	69904	10522	45852	57043	28519	10062	54431	15595	39030	74253	6269	
106140	67678	72275	48019	63130	30932	70586	56246	56435	10818	42875	43297	64297	44442	54350	57742	29256	60257	49049	68473	29586	53120	62057	55136	55596	62306	71753	31374	65514	0	52600	65755	57800	64084	33743	37583	69297	55416	8860	74418	95740	104184	24543	26609	46468	63918	40758	32892	27047	51495	52870	42684	24776	15167	28382	57948	53254	21498	36547	22470	60969	35375	18634	55586	21854	45129	15221	48528	13791	45469	35193	52962	52526	12079	41565	29861	69461	47886	74669	77830	54455	29648	54639	85788	8404	47090	52240	14740	25184	46139	20167	5486	35290	45614	65723	21499	27714	22917	79130	94464	18653	6078	56936	20930	40461	82035	70955	19092	60114	47069	27521	82320	
67765	56033	38358	79333	82366	32045	58940	28012	83063	93737	88124	15700	30691	8884	30045	108874	22400	78790	16327	99142	25912	19441	50531	43610	86728	50779	37589	20748	53987	52600	0	54193	18406	23512	16514	51535	96730	34311	87786	34752	60994	112901	27843	38815	94495	94750	12815	26475	23715	27851	104620	79083	53341	85054	26240	35908	26400	111377	32946	46360	69686	17652	34517	74015	69871	21087	79194	89050	64794	87246	56691	79962	98004	81966	57353	21731	15901	76252	83386	94733	84547	118186	87325	47045	81550	53048	84926	65742	115365	81971	54125	53236	54063	85979	74440	49715	38847	30891	67568	103181	81446	57080	31437	47899	26393	28337	37105	39283	33081	69791	45367	61113	
42573	3131	8708	65646	48703	59004	5120	19331	54160	79874	112662	62299	19319	39376	13184	95187	36701	48291	30629	85455	37618	26608	10655	19687	73041	20167	8186	48650	8728	65755	54193	0	32540	20920	45656	37018	82214	18076	73084	11345	30737	74197	39495	63797	79978	80233	35711	32289	42977	16192	90103	64566	58034	70352	53335	12839	27007	96675	37787	69692	30981	40966	49386	59498	55169	30893	64492	74534	78107	89025	42175	65446	83487	67264	42837	33877	26710	61735	44681	62279	70030	103484	72809	22715	66847	27389	70409	84774	100663	67455	58817	71793	39547	71462	35736	69833	56188	42484	13074	64477	66744	70394	10878	52592	57533	18962	7036	54921	10516	55275	74742	14233	
72676	34215	38812	57515	60548	51049	37122	14753	61245	71919	76602	24599	17870	12886	16786	87056	19766	56972	4811	77324	20683	6445	28713	21792	64910	28961	24330	24636	32169	57800	18406	32540	0	11991	20629	29498	74694	21649	65749	28419	62141	90864	22645	56462	72458	72713	9646	14950	23895	14698	82583	57046	41817	63017	27319	24181	19487	89341	21421	62358	47649	17832	42051	51978	47835	9562	57157	67014	70773	81505	34655	57926	75967	59930	35317	17027	17368	54215	61349	72696	62510	96150	65289	52190	59513	31012	62889	77440	93329	59935	42600	64458	32027	63942	52403	62499	48854	25633	45532	81144	59410	63059	18284	36375	35016	29245	37356	47586	19928	47755	67408	39076	
52374	17740	18510	57499	60532	57333	23185	5827	61229	78203	110991	29069	7089	22131	9278	87040	35030	56956	14057	77308	35947	12123	18778	19352	64894	22310	13358	32786	21112	64084	23512	20920	11991	0	29812	29385	74581	13984	72596	16829	40276	90751	30659	63309	72345	72600	18829	22964	31909	9033	82470	56933	49831	69864	35333	15136	17063	96188	29435	69205	47536	25846	48898	51865	54681	17576	64004	66900	77620	81392	34541	57812	75854	66776	35203	25041	11667	54102	61236	72583	62397	102996	65175	35008	66360	30899	62776	84286	100176	59821	50614	71305	31914	63829	52290	69345	55700	33647	35872	81031	66257	69906	10665	44389	39952	17693	12362	54433	12005	47642	74255	26688	
75166	47331	41301	61411	64444	17137	50239	26125	65141	42878	74935	14116	34177	10994	28159	83111	11554	60867	13287	81220	16244	17555	34873	27952	68805	32855	35702	4546	38329	33743	16514	45656	20629	29812	0	35842	81037	27993	45691	40018	75490	97208	14759	24750	71744	79057	8417	14384	6651	26296	78146	59975	36841	42959	7240	30525	19380	53500	21079	32295	53993	7116	15517	58322	22798	11350	37099	73357	45794	70746	40998	64269	77803	39872	41660	12211	27289	60559	67693	79040	68854	61650	71632	52232	39455	37356	69233	46742	57187	66278	37625	34236	33416	68792	58747	35650	24782	11891	58881	87488	35430	38080	29882	31399	15426	39379	35550	20282	31526	54099	31302	45420	
77155	38693	43290	29092	32125	56514	41601	26001	32822	46718	61271	59641	34052	35017	24105	58633	34212	28549	26270	48901	22370	22743	23723	22031	36487	15628	31916	38986	27108	37583	51535	37018	29498	29385	35842	0	47044	21880	44609	46091	67413	72416	27661	60435	44809	45064	28744	28927	39615	20914	54933	29397	21912	66990	49972	24412	13319	57246	19228	66330	29201	29659	46023	24329	51807	23179	61129	39364	50959	53856	5416	30276	48318	63902	7173	30515	40958	26566	42901	46280	34861	65396	37639	57462	63485	9740	35240	50488	60933	32285	24203	40577	8366	36293	33955	66471	52826	39121	27059	62696	63382	41826	26355	17780	47332	53708	30616	27308	29533	20105	71380	21615	
122350	83889	88486	17522	31039	101710	65582	71196	24345	70605	40705	104837	79248	80212	69301	21617	79407	27097	71466	8584	69181	67938	60594	67227	14077	60824	77112	76923	62343	69297	96730	82214	74694	74581	81037	47044	0	69827	74994	94038	115360	88317	84080	108382	20502	13663	76691	76874	75172	68861	22809	30290	47907	86330	76507	72359	61266	79216	67991	96993	51332	77606	68090	30181	99754	71126	89743	26396	64550	25004	52602	23845	14998	84935	46136	78462	88905	25437	54392	39817	23496	65181	21609	105408	76692	53019	17256	72458	68747	23599	60208	73775	57128	27589	47941	94394	100773	71043	61406	73540	78088	68277	74302	50802	88586	101655	78563	62175	77480	30490	102043	59129	
55045	12794	21180	50098	48495	48665	12902	9072	53828	69535	82277	40503	19765	28791	5041	79639	26363	42866	20044	69907	27280	16023	7557	4471	57493	7480	12852	31137	9504	55416	34311	18076	21649	13984	27993	21880	69827	0	62089	21426	43226	73968	28500	52802	64863	65118	25496	21294	31982	7480	74988	49451	41242	59357	42340	3205	11892	85680	26792	58697	30753	28948	38391	44383	44174	20678	53497	59419	67112	73910	27059	50331	68372	56269	22973	22882	26100	46620	44453	62050	54915	92489	57694	34800	55853	16791	55294	73779	89668	52340	41572	60798	24432	56347	35507	58838	45193	31489	19040	64248	55749	59399	7809	35347	46538	26703	11583	43926	10499	40160	63748	15180	
113220	74759	79356	54227	69156	31785	77666	63326	62461	10885	43673	55299	71378	65821	61431	63949	41258	67430	56129	74680	41588	60201	69138	62217	61803	69386	78834	43375	72594	8860	87786	73084	65749	72596	45691	44609	74994	62089	0	81599	102922	131813	31628	24446	52511	69962	57875	48957	34131	58676	58913	48728	31861	9644	36555	65130	60436	22407	54455	20307	88598	57634	25719	62671	21246	52311	13057	54572	17167	51513	42278	59006	58570	8249	48650	50545	76643	54971	102298	84915	60498	30557	60683	92970	6717	71961	58283	15649	26094	52182	26347	6708	42375	51658	93352	17709	25205	30002	86312	122093	12675	7985	64117	28015	38748	89217	78136	26177	67296	54153	25357	89502	
40455	12102	6591	74309	62055	67666	15927	15585	78039	88537	121325	44744	12311	36052	16409	103850	45364	73765	27305	94118	46281	23284	18980	26423	81703	28492	8405	43162	20902	74418	34752	11345	28419	16829	40018	46091	94038	21426	81599	0	28076	89066	48179	72481	88662	88917	32878	40973	51661	19388	98787	73250	66718	79036	62018	19440	35690	105359	46471	78376	45851	36331	58069	68182	63853	28061	73175	83218	86791	97709	50858	74129	92171	75948	51521	42561	20706	70419	59551	77148	78714	112168	81492	19650	75531	35793	79093	93458	109347	76139	67501	80476	48231	80146	50605	78517	64872	51167	26415	79346	75428	79078	14968	61276	55598	12958	12124	63604	11287	63959	83426	26674	
33019	33424	24602	95631	75854	88988	35072	39031	81311	109859	142647	69101	39019	55393	38430	125172	66686	75442	50752	115440	67603	46731	40302	49334	103026	49814	30463	78634	42224	95740	60994	30737	62141	40276	75490	67413	115360	43226	102922	28076	0	97480	66938	91239	107421	107676	55485	59732	70420	41995	117546	92009	85477	97794	80777	40002	54449	124118	65230	97135	58634	68409	76828	72814	82612	50667	91934	101976	105550	116468	69617	77002	110930	94707	70279	61320	45470	89178	72334	89932	97473	130927	100251	17064	94290	54552	97852	112217	128106	94897	86260	99235	66990	98905	63388	97276	83631	69926	39199	92129	94187	97836	35153	80035	79080	32186	31310	82363	33894	82718	102185	45432	
116543	75631	86654	65072	51112	117880	70219	87367	56799	113319	98548	121007	91781	96383	78374	95910	95578	55965	87636	83425	96495	84108	67973	77197	72712	69155	80902	100352	69722	104184	112901	74197	90864	90751	97208	72416	88317	73968	131813	89066	97480	0	97293	121595	81613	77000	89902	90087	100775	82074	91737	72417	86431	128150	111133	75298	78071	123569	91381	127490	43492	90817	107184	57854	112967	84337	122290	76168	108570	90660	72165	59698	85122	125062	66736	91675	102118	67635	29521	48227	62442	123832	74443	98714	124646	65299	72044	116811	123027	69089	90526	106900	81110	73097	38809	127631	113986	100282	62515	13967	124542	108149	77929	84104	108490	94783	78980	94793	84513	62812	132540	63968	
79632	41170	45767	64351	67384	21423	44077	27404	68081	33678	65736	24916	35456	22322	27842	73911	5548	63808	18958	84160	5349	18834	35549	28628	71746	35797	45245	12992	39005	24543	27843	39495	22645	30659	14759	27661	84080	28500	31628	48179	66938	97293	0	25885	62540	80245	15073	9156	7278	25259	68941	50770	27636	33755	9754	31713	18679	44295	9976	26796	55181	13214	6312	59510	17257	13998	27894	64600	36589	61541	27815	65457	68598	30667	42848	6125	43225	49150	68881	80228	70042	52445	72820	59553	30250	38544	70421	37537	47982	67466	28420	25032	24560	59587	59935	33236	18276	5141	52895	88676	26226	28875	30700	22194	21833	55800	44719	11078	33878	55287	27569	56085	
103933	65472	70069	88652	91686	10744	68379	54039	92383	31383	64171	29423	62091	34437	52144	90087	27495	88109	36750	108462	30986	50914	59851	52930	96047	60099	69547	20631	63307	26609	38815	63797	56462	63309	24750	60435	108382	52802	24446	72481	91239	121595	25885	0	79128	104201	33352	39496	22398	49215	85530	75345	42641	21946	18221	55669	50975	43127	44994	9317	79137	32051	20547	83466	10656	36284	15770	81189	43273	78130	66142	89413	85187	18859	66805	29953	49199	64154	92837	104184	93998	56325	96777	83509	18442	62500	94377	36369	46814	78799	39359	23387	48655	78274	83891	12481	8857	24435	76851	112632	13736	31685	54656	37198	15670	61288	68675	26082	57834	79243	6414	80041	
120115	81653	86250	16825	31754	73072	66296	68961	25060	47776	23015	81352	77012	77977	67066	18070	67311	27812	69230	25315	60892	65703	66683	64991	20114	58588	74876	69428	63058	46468	94495	79978	72458	72345	71744	44809	20502	64863	52511	88662	107421	81613	62540	79128	0	25369	71469	64256	65066	63639	13216	17567	38415	63936	66401	67137	56044	56823	57760	74599	51230	69447	57984	27797	66565	65904	67349	7368	42157	5989	47380	21462	6600	62542	40914	62358	83682	20096	52008	45641	20699	48987	11477	100186	54299	52465	12969	50065	52554	14341	39949	51382	51906	12628	45557	72001	69948	60937	61304	71156	63363	45883	69080	40697	78481	96433	73341	52069	72258	25268	79649	59027	
120370	81908	86505	15541	29059	99729	63601	69216	22365	65226	45506	102856	77267	78232	67320	26997	77427	25117	69485	8588	67200	65958	58614	65246	7766	58843	75131	74942	60362	63918	94750	80233	72713	72600	79057	45064	13663	65118	69962	88917	107676	77000	80245	104201	25369	0	72154	72337	70635	64324	28568	25359	43370	81399	71970	67822	56729	74285	63454	92062	46795	73069	63553	25644	95217	66589	84812	22590	59619	30177	48065	19308	20756	80004	41599	73925	84368	20900	57190	28735	18959	70254	18392	100872	71762	48482	11617	67527	74076	18668	55277	68844	52592	22658	43404	89464	96236	66506	56869	74031	73552	63346	69765	46266	84050	97118	74026	57638	72943	25954	97112	54592	
68179	37385	34314	56962	59995	24153	40293	19139	60692	49893	76882	12514	24795	7294	21172	87151	9657	56418	5285	76771	13169	10568	30423	23503	64356	28406	28716	11562	33073	40758	12815	35711	9646	18829	8417	28744	76691	25496	57875	32878	55485	89902	15073	33352	71469	72154	0	11089	10900	19001	83512	60095	42207	55612	14323	27059	16085	81936	17784	39378	50698	4837	22600	55027	40429	5666	49752	70062	52877	76111	37703	60974	79016	52524	38365	8916	23590	57264	64398	75745	65559	88744	68337	48532	52108	34061	65938	53825	64270	62983	42990	41319	30121	66991	55452	42733	31866	18974	55586	84193	52005	45163	22587	36765	22509	35679	28256	27366	24231	50804	38385	42125	
72426	33964	38561	57145	60178	35024	36872	19709	60875	55895	65335	27098	27761	20954	20636	75605	6338	56602	8889	76954	7255	11139	28343	21422	64540	28592	38039	17528	31800	32892	26475	32289	14950	22964	14384	28927	76874	21294	48957	40973	59732	90087	9156	39496	64256	72337	11089	0	12658	17886	70591	57205	29286	45548	15134	24340	11306	71872	8087	44889	47808	8083	14712	52137	30366	4852	39688	67173	44988	63190	25799	58084	76126	42461	35475	3090	28521	54374	61508	72855	62669	78681	65447	52180	42044	31171	63048	59971	75860	60094	30069	46989	22544	64101	52562	45030	31385	12164	45522	81303	41941	37275	23327	23844	27213	48427	37346	19477	26505	47914	49939	48712	
83114	44652	49249	55323	70866	14389	47560	28654	71563	36182	68239	19461	36706	18194	31324	76415	5684	67290	15816	75252	12626	20084	39031	32110	62924	39279	48727	7538	42488	27047	23715	42977	23895	31909	6651	39615	75172	31982	34131	51661	70420	100775	7278	22398	65066	70635	10900	12658	0	28725	71464	53293	30159	36277	4511	35179	22145	46818	17466	29318	58647	8328	8835	62976	19779	13863	30417	67122	39111	64063	35305	68923	71120	33189	46314	9591	34521	51673	72347	83694	73508	54968	76286	63019	32773	42009	73887	40059	50504	62634	30942	27554	32049	62109	63401	35758	20798	4464	56361	92142	28748	31398	34166	24717	16591	59265	48185	13600	34039	58752	28993	59551	
54689	14749	20824	49131	52165	44743	20194	5648	52862	65614	81311	34043	13700	22330	3157	78673	22441	48588	13583	68941	23358	9562	14402	10985	56526	14324	10968	29440	15932	51495	27851	16192	14698	9033	26296	20914	68861	7480	58676	19388	41995	82074	25259	49215	63639	64324	19001	17886	28725	0	73561	48024	39815	55070	38053	9916	10465	81393	22505	54410	38627	22645	34104	42956	39887	14375	49210	57992	62825	72484	25633	48904	66945	51982	26295	18595	19797	45193	52327	63674	53489	88202	56267	34621	51566	21990	53868	69492	85381	50913	38434	56511	23005	54921	43381	54551	40906	27202	38884	72123	51463	55112	5676	32209	40318	24878	9938	39639	8854	38733	59461	21891	
130240	91778	96375	26950	41879	79474	76421	79085	35185	54178	21601	87754	87137	88102	77190	6274	73713	37937	79355	27623	67294	75827	76808	75116	30238	68713	85001	75830	73182	52870	104620	90103	82583	82470	78146	54933	22809	74988	58913	98787	117546	91737	68941	85530	13216	28568	83512	70591	71464	73561	0	29023	44839	70360	72825	77247	66153	53307	64185	81023	61340	75871	64408	37907	72989	76662	73773	17477	48581	8153	57489	31571	9209	68966	51024	68782	93792	30205	62118	55751	30808	46398	21587	110296	60723	62575	23691	54294	49965	24451	46373	57806	62258	24084	55667	78425	76372	67361	71414	81266	69787	52307	79189	47121	84905	106543	83451	58493	82367	35378	86073	69137	
104703	66241	70838	9523	22877	61302	51874	53549	16183	43993	30439	69583	61600	62565	51653	33947	55542	18935	53818	29976	49123	50290	51271	49579	17099	43176	59464	57659	48635	42684	79083	64566	57046	56933	59975	29397	30290	49451	48728	73250	92009	72417	50770	75345	17567	25359	60095	57205	53293	48024	29023	0	25862	60300	54462	52056	40963	53186	45821	70963	34884	57303	46045	18435	58133	50823	63713	9901	38520	21613	27546	13064	20335	58905	24582	50418	68602	7185	43223	35611	16198	61336	16127	85106	50663	37384	13727	46428	52977	7626	34178	47745	34935	6553	39638	68365	58008	48997	44958	62371	56043	42247	53999	28757	66541	81352	58260	40129	57177	10564	76013	42681	
98171	59709	64306	28059	40246	38168	62616	46576	33552	29735	39493	46449	54627	47821	43444	49763	32408	36304	39074	47987	25989	38005	45402	41370	35659	37307	63784	34525	51747	24776	53341	58034	41817	49831	36841	21912	47907	41242	31861	66718	85477	86431	27636	42641	38415	43370	42207	29286	30159	39815	44839	25862	0	41315	31538	43877	30701	45947	22897	41294	43487	34583	23121	30837	34815	35375	40199	40508	31281	37449	17711	30371	44506	37925	24083	27495	61824	24492	57187	52917	33505	54097	35970	78151	34249	31416	33571	39189	45738	36019	5101	28569	19616	35495	48241	44052	35085	26074	53561	76982	32726	22433	45819	5834	43618	74398	63317	17206	48997	23674	44338	43290	
110488	72027	76624	65562	98241	29053	74934	60594	73797	16581	49369	52567	68646	63089	58699	75285	38526	94664	53397	86016	38856	57469	66406	59485	73138	66654	76102	40643	69862	15167	85054	70352	63017	69864	42959	66990	86330	59357	9644	79036	97794	128150	33755	21946	63936	81399	55612	45548	36277	55070	70360	60300	41315	0	33063	61638	56943	28132	50963	16815	85106	54142	28215	89435	17754	48818	6939	66194	28278	63135	72111	70627	70192	2664	72774	47053	73151	66175	98806	110153	72120	36282	72304	89478	6106	68469	69905	21374	31819	63804	40991	11051	69484	63279	89860	10222	21713	31938	82820	118601	11626	16690	60625	34682	35256	85725	74644	33750	63803	85212	17353	86010	
93471	55009	59606	56658	81223	9967	57917	32078	62152	37517	69574	16848	40130	17993	41681	77750	9564	77647	19240	76587	15102	23508	49388	42467	64259	49637	59084	4924	52845	28382	26240	53335	27319	35333	7240	49972	76507	42340	36555	62018	80777	111133	9754	18221	66401	71970	14323	15134	4511	38053	72825	54462	31538	33063	0	37654	25237	48158	19942	25787	61123	12839	10175	65452	15869	17207	27097	68463	40452	65404	40308	58892	72461	29869	48790	12067	36657	53013	74823	86170	62026	56308	64491	65495	29453	44485	62092	41400	51845	63974	32282	28894	37513	63450	65877	29142	18274	6745	58837	94618	22637	32738	36642	26057	13978	48746	50661	14940	37383	61228	24794	62027	
52696	10031	18831	52630	50187	51197	10443	10224	48311	72067	84809	42101	17762	30388	7193	82171	28894	46045	21641	72439	29812	17620	4711	8090	60025	10090	10005	33669	7045	57948	35908	12839	24181	15136	30525	24412	72359	3205	65130	19440	40002	75298	31713	55669	67137	67822	27059	24340	35179	9916	77247	52056	43877	61638	37654	0	14423	88212	29324	61229	32383	31100	40922	42921	46706	22829	56028	61951	69644	76442	29591	47109	70904	58801	24357	25414	32270	49152	46083	63680	57447	95021	60225	32526	58384	20034	57826	76311	92200	54872	44104	63329	26964	58879	37137	61370	47725	34020	16581	65878	58281	61931	4604	37878	48773	24522	8874	46457	7615	42692	66279	12721	
67143	28681	33278	41536	44570	46503	31589	13678	45267	67373	67338	32592	21730	20879	14094	71078	15860	40993	12133	61346	18893	8605	18940	12020	48931	16575	21905	22524	22397	53254	26400	27007	19487	17063	19380	13319	61266	11892	60436	35690	54449	78071	18679	50975	56044	56729	16085	11306	22145	10465	66153	40963	30701	56943	25237	14423	0	76326	15605	49343	35314	15041	29036	35936	34819	8561	44142	50971	49560	65463	18612	41883	59925	46914	19274	12513	25658	38173	49014	56654	46468	83134	49246	47967	46498	18647	46847	64425	80314	43892	31975	51443	15118	47900	40068	49483	35838	21119	41309	68809	46395	50044	16860	25750	32714	34114	21121	33165	20038	31712	54393	26741	
136812	98350	102947	58449	73378	64389	101258	86918	66683	11775	32757	63108	94969	89412	85022	58231	49067	69435	79721	78902	49397	83792	92729	85808	66025	92978	102425	51184	96186	21498	111377	96675	89341	96188	53500	57246	79216	85680	22407	105359	124118	123569	44295	43127	56823	74285	81936	71872	46818	81393	53307	53186	45947	28132	48158	88212	76326	0	55825	38118	80247	54653	37912	69326	39056	86041	30868	58557	20642	50600	54471	62991	58258	26060	60843	49139	110373	58538	93947	85537	64483	8062	64668	126701	27409	105691	62268	6656	4818	56167	33354	25949	54568	55643	85001	35519	43016	42195	120043	113742	32928	16548	97848	40208	56559	122947	111867	38370	101026	60131	43168	123233	
