//--------------------------------------------------------------------------------------------------------------------
//-- données sur le Rhone récupérés par le géocodeur (matrice symétrique)
//-- 
//-- C. Duhamel, P. Lacomme C. Prodhon - juillet 2009 : 29800 kg à collecter, flotte de capa 35000
//--------------------------------------------------------------------------------------------------------------------
151 4 999999 0 0 0
5 500 40 2.2
10 1000 80 3.2
5 1500 180 6.2
5 3000 120 7.2
0   // la ville qui represente le depot
0	54267	55278	15368	26927	46557	36130	32946	32806	62717	33144	25654	33261	24506	9251	9951	12591	51587	23855	20924	32652	41522	6403	36436	19076	13257	21461	12485	6477	53961	56152	61804	46276	69861	33946	4131	21588	17786	28841	33200	14173	47704	16367	42261	48127	5430	23192	5341	5685	21009	37546	5677	42462	24593	25594	38378	49296	31818	35045	40621	22316	21935	17097	52154	27916	21373	13632	26044	21255	11753	10515	47739	15113	17004	17307	21577	49722	29083	31980	38397	44416	36879	5578	43072	14666	42665	3461	36464	23305	25054	29684	18461	33584	43850	43899	9159	21783	7014	25239	48445	40850	10872	10074	50282	33075	39928	37544	25843	21234	29271	4020	21266	39016	40594	43249	52180	41825	46957	46662	29108	38921	31344	54616	52152	52794	49940	23082	42851	21418	7745	8716	28476	33627	51685	32462	40358	25540	37768	42763	18672	36348	60634	34317	44252	31016	27083	37769	33691	20656	15382	45171	34830	
54267	0	96306	43757	46709	46472	50664	41146	38769	12160	74171	59293	71915	29676	76105	64165	52277	82746	61995	51837	73680	82550	48267	74103	36536	43394	33701	42908	63705	110308	78505	102831	74779	22308	46906	58301	58468	50399	72027	40539	43938	88731	53301	70956	60376	57137	37490	60059	64748	59149	93894	65099	83490	43042	55629	79406	49584	72845	91392	96969	33318	62126	46701	70101	30825	41341	48415	41989	47387	50030	48937	88766	40454	45089	61089	51613	80881	62160	88328	79425	77666	77907	57686	32456	45624	74474	55569	77491	64333	66081	47684	42168	21886	100198	45027	49481	78131	79674	38198	89472	87179	56120	54247	72236	40995	68931	24321	66870	56893	46809	50966	32178	56637	68684	43458	92190	60313	113635	84782	42723	81425	26264	95644	76487	64612	90967	48332	49056	59558	65741	77277	33856	74654	82845	73489	64457	40865	78795	17246	53958	77375	10077	65859	82372	54204	68434	73794	74718	48043	66831	53644	75857	
55278	96306	0	72973	73720	93350	82924	68974	79600	104493	39083	46291	39177	66282	58052	43887	44938	34636	42108	46484	27512	24607	56694	44083	60852	56238	63237	54261	49379	56683	23591	10128	33076	116654	65874	54220	48182	50333	48458	79994	53582	13479	46277	31812	94921	55414	59355	52757	50421	40163	45531	68140	21202	71387	50440	22892	63010	29452	52576	64738	63713	37006	53639	37256	68447	57535	56842	72838	68049	48777	55024	10095	56889	61483	39022	49894	28010	38992	49231	25199	35271	24846	61337	78824	58265	28731	69514	29522	35417	33093	53773	71504	74945	52185	90693	60531	52177	54430	61266	19966	44907	48774	47763	27327	79868	32578	78941	37954	47827	76065	59393	63042	85810	32709	59536	48525	43067	23926	38182	61153	39153	72742	9352	28483	44978	9801	51440	55289	39675	55331	56698	64504	26233	36271	25112	33417	57585	27460	83148	45243	20628	102410	39071	36480	56111	45041	34651	25870	67450	45573	91965	29743	
15368	43757	72973	0	16602	36232	25806	29495	22482	52194	41805	30357	48867	21283	21313	47331	18818	50380	31782	22023	41313	50183	10397	52041	12629	8808	13578	11223	21149	69566	46139	70465	42412	54628	30496	19719	29516	18885	44447	13755	15272	56365	23228	38589	37803	17091	15299	20013	20568	28936	53152	17739	51123	9896	26693	47039	45846	40479	50650	56227	18866	29760	18196	60015	13789	22472	7201	7188	5076	14727	11614	56400	12932	4118	28723	22677	48515	33224	47586	47059	45300	45540	17640	35354	6261	51327	15523	45125	31967	33715	25503	4127	23061	59456	33575	7111	37389	21685	21788	57106	56455	19869	18442	58943	22750	36565	27219	34504	27078	18947	12357	18789	28692	49255	39799	67786	50227	55619	62268	26313	54526	22575	63277	44120	54527	58601	24181	39401	30847	22629	36535	25026	42288	50478	41123	49020	24455	46429	32240	24144	45009	50111	37782	59858	32115	42689	41428	42352	7640	45945	34847	43491	
26927	46709	73720	16602	0	21929	11320	45224	8179	54715	51878	43654	49373	27467	35869	47837	32395	60453	41856	37962	51387	60257	21576	52548	20165	22764	19762	24764	32642	70072	56212	80538	52486	49630	46225	30504	39589	29704	44953	6575	26451	66438	33302	48663	26086	28079	38735	38602	31557	39010	53658	24863	61197	5304	42806	57113	61574	50552	51157	56733	34594	39833	33019	70155	19973	36915	18380	9020	5886	27720	22793	66473	27391	12932	38796	41371	58588	47084	48092	57132	55373	55614	28628	41538	23132	61400	26238	55198	42040	43788	46139	9293	29245	59962	19272	18527	37895	39438	37517	67179	56961	33825	31952	69016	8447	46638	33403	44577	39234	6460	23773	24973	16975	59328	55528	68292	59826	65692	62774	44650	55033	28759	73351	54194	70795	68674	42918	55129	40921	39507	37041	40754	52361	60552	51196	59093	41082	56502	38423	36721	55082	52632	52318	60364	47518	43195	51501	52425	5201	46451	23130	53565	
46557	46472	93350	36232	21929	0	15532	66540	18549	38937	75635	67411	73130	48404	59625	71594	56151	84210	65612	61719	75143	84013	45333	76304	46867	46521	44031	48520	56398	93829	79969	104295	76242	31053	67540	54261	63346	53461	68710	24097	50207	90195	57058	72419	17166	51836	62491	62358	55314	62766	77415	48620	84953	26804	66562	80869	76608	74309	74913	80489	51244	63590	56776	93911	39521	60672	42136	30520	34378	51476	46549	90230	51148	43782	62553	65128	82345	70840	71848	80889	79129	79370	52385	61100	46889	85157	49995	78955	65797	67545	69895	30792	48807	83719	6540	42283	61652	63194	58833	90936	80718	57582	55709	92773	14579	70395	52965	68334	62991	19685	47529	47105	14720	83085	70481	92049	83582	89449	86531	68406	78789	48320	97107	77950	94551	92431	66675	76445	64677	63264	60798	56042	76118	84308	74953	82850	64839	80259	51155	60477	78839	38674	76074	84121	71274	66951	75258	76182	26406	70208	9924	77321	
36130	50664	82924	25806	11320	15532	0	54430	12457	58717	61084	52860	58579	43063	45075	57043	41601	69659	51062	47168	60593	69463	30782	61754	40561	31970	35358	33969	41848	79278	65418	89744	61692	45784	55430	39710	48795	38910	54159	17680	35657	75644	42508	57869	13435	37285	47940	47808	40763	48216	62864	34069	70403	15622	52011	66319	70780	59758	60362	65939	43800	49039	42225	79361	35570	46121	27586	24616	19828	36926	31999	75679	36597	29231	48002	50577	67794	56290	57298	66338	64579	64820	37834	57135	32338	70606	35444	64404	51246	52994	55345	23283	44842	69168	12074	27733	47101	48644	46723	76385	66167	43031	41158	78222	9727	55844	49000	53783	48440	5190	32978	40569	4324	68534	64733	77498	69031	74898	71980	53856	64238	44355	82557	63400	80001	77880	52124	64335	50127	48713	46247	49960	61567	69758	60402	68299	50288	65708	54020	45926	64288	56634	61523	69570	56724	52401	60707	61631	13841	55657	9522	62770	
32946	41146	68974	29495	45224	66540	54430	0	56778	58357	28733	22416	44075	17036	40051	36325	28931	54519	26665	22966	35261	35490	26959	46263	18706	22086	23328	21600	36278	73380	50278	74604	46551	66334	6313	34955	21606	24521	44187	38310	22630	60504	27423	42728	72100	35829	15650	39656	37320	24394	55078	36477	55262	35767	17663	38889	21558	44618	52577	60040	12019	32741	21917	33967	28537	15625	27107	31743	45228	26684	27629	60539	19146	27535	32862	20696	52654	21430	49512	36892	49438	34348	36378	11997	24316	38340	34261	28845	30845	37854	14396	31922	21637	56661	67872	30796	39774	41329	8495	41939	58952	32774	30901	36103	57047	40704	17639	32980	22164	53243	29658	15198	62988	29613	13244	63962	24179	40578	56555	9435	53198	16418	67416	48259	28479	62740	21188	13353	28671	38313	50199	11733	46427	54617	45262	25068	11386	31576	28052	24069	49148	56274	21391	54145	17886	40594	45567	46491	44628	38991	69144	32247	
32806	38769	79600	22482	8179	18549	12457	56778	0	46727	57724	49500	55219	31913	41715	53683	38241	66299	47702	43808	57233	66103	27422	58393	24611	28610	24208	30609	38488	75918	62058	86384	58332	41643	45098	36350	45435	35550	50799	6521	32297	72284	39147	54509	24517	33925	44580	44448	37403	44856	59504	30709	67043	10184	48651	62959	60448	56398	57002	62579	33468	45679	38865	76000	21846	42761	24226	11410	16468	33566	28638	72319	33237	25871	44642	47217	64434	52930	53938	62978	61219	61460	34474	54430	28978	67246	32084	61044	47886	49634	51984	15520	42136	65808	15735	24372	43741	45284	36390	73025	62807	39671	37798	74862	5395	52484	46294	50423	45080	8508	29618	29419	16554	65174	54401	74138	65671	71538	68620	50496	60878	41650	79197	60040	76640	74520	48764	54003	46767	45353	42887	40413	58207	66398	57042	64939	46928	62348	44485	42566	60928	44645	58163	66210	53364	49041	57347	58271	12502	52297	19207	59410	
62717	12160	104493	52194	54715	38937	58717	58357	46727	0	82493	67614	80236	44842	84452	72487	60599	91068	70316	60159	82001	90871	56589	82425	44858	51716	42022	51229	72027	118656	86827	137919	83100	10979	57755	66623	66790	58721	80349	48419	52260	97053	61622	79277	56036	65459	50334	68381	73070	67471	102241	73447	91811	50922	63951	87727	60434	81167	99740	105316	44168	70448	55022	98740	39147	52857	56736	50311	55290	58352	57258	97088	48775	53410	69411	59934	89203	70482	96675	87746	85987	86228	66008	43305	53946	132595	63891	85813	72655	74403	60538	50490	32736	108545	48893	57802	86478	88021	49048	134096	95501	64442	62568	130803	48875	77253	35170	75192	65214	54690	59287	46760	53636	77005	54308	116875	71162	127402	93104	53573	89747	37114	103965	84808	90924	99289	59848	59906	67879	88091	85625	44705	82976	91166	81811	72779	51714	87117	28095	62280	85697	3457	76708	90694	66305	91778	82116	83040	54605	75153	48840	84179	
33144	74171	39083	41805	51878	75635	61084	28733	57724	82493	0	8316	18658	35358	37533	21392	22443	25874	4132	14915	6015	11356	34199	29482	38358	33744	40743	31767	26884	40646	19026	30055	17906	94160	25616	31725	10489	27838	25004	57499	31087	19111	23782	14083	72426	32919	26435	30262	27926	10339	30931	47621	12858	48892	12523	10227	38180	6218	37975	48701	30794	8943	31145	29583	45952	24616	34347	50343	45554	26282	32529	18038	34394	38988	16527	17989	24009	10223	34631	8231	20793	6713	40818	39219	35770	12499	48995	4897	7121	8579	16333	49010	42026	37585	68198	38036	31658	31935	29362	13254	30307	26279	25268	20115	57374	12059	46022	4853	15076	53570	36898	40547	63315	8488	34706	39827	19254	16791	27910	21459	24553	39822	23200	19614	30223	22410	15712	30460	9851	25445	36179	32600	17782	25972	16617	6092	25681	7601	50229	12633	20503	79915	11746	25500	15612	24522	16922	7404	44955	25054	69470	2972	
25654	59293	46291	30357	43654	67411	52860	22416	49500	67614	8316	0	27505	27407	34983	19756	14574	32947	4220	10832	16828	16965	23581	29694	23981	23258	26366	18150	19708	56810	28706	40557	24980	70057	18049	23872	4810	17327	27618	49629	15517	27856	12630	21157	64556	25744	18484	23087	20751	5285	38005	45071	23087	41023	4235	20456	39289	13788	36007	43471	21424	11967	12525	27755	31576	14451	23728	42473	37685	18413	21911	28267	19053	28707	16292	9127	31083	4416	32943	18460	27867	16941	38268	31553	25488	15315	28164	10320	10229	15653	8045	41140	34075	40091	60329	27418	23205	24759	16676	18863	37381	18026	17399	24540	49504	19133	32242	8714	6874	45700	26280	26171	55445	11087	31613	46901	17426	21278	34984	13170	31627	25960	45845	26688	28395	41169	7423	31568	8906	21744	33629	19913	24856	33046	23691	6861	16935	13050	42278	8417	27577	65539	9918	32573	8045	24024	23996	18217	37085	22422	61600	10954	
33261	71915	39177	48867	49373	73130	58579	44075	55219	80236	18658	27505	0	45600	21398	11919	18606	20898	21425	22027	17909	26779	36011	4932	40170	35556	42555	33579	16205	23911	25463	45451	15587	92701	41393	20782	23701	29650	6762	56040	32899	31351	25594	10829	70967	21357	38672	22884	16520	19481	9854	31486	26109	47433	26918	22026	57704	17075	19987	31966	43031	12095	32957	50032	47764	36853	36159	48884	44095	22163	26366	31386	36207	51339	6975	25436	19033	27660	16642	20092	13728	22136	24683	54366	37582	33638	32861	21721	14735	12411	30251	47551	54262	19596	66739	39517	15523	24967	36809	32092	10198	19142	18564	40103	55915	8496	58259	17272	23347	52111	35482	42360	61856	25851	54819	23092	38778	36779	15974	36695	6441	52059	38264	19107	49747	33587	26982	49983	15304	18678	20044	40046	17274	20996	16109	25615	33128	23025	62466	20785	19995	81728	31270	13563	31630	8387	6337	17338	43496	8920	68011	20087	
24506	29676	66282	21283	27467	48404	43063	17036	31913	44842	35358	27407	45600	0	31569	34375	22487	52956	31296	21138	43889	52759	18476	44313	5602	13604	6045	13117	33915	71429	48715	73041	44988	47595	18872	28511	26661	19700	42236	26173	14148	58941	22601	41165	54722	27347	9456	30269	34958	28450	53128	27995	53699	23629	23823	49615	34222	43055	50626	58090	5284	32336	16910	48391	9114	13307	18624	19606	25004	20240	19146	58976	10663	19052	31299	19806	51091	30353	47562	49634	47875	48116	27896	18556	15834	53903	25779	47701	34543	36291	19650	19785	8331	54710	46005	22314	37824	31941	10164	59682	57389	26330	24456	50526	34643	39141	12327	37080	23271	32226	21175	3463	45610	36877	28175	62399	38603	58194	54992	14689	51635	6128	65853	46696	42902	61177	20298	27777	28858	35950	48248	9204	44864	53054	43699	32651	12831	49005	16535	23259	47585	42864	33950	52582	26170	38643	44004	44928	25660	37041	51766	46067	
9251	76105	58052	21313	35869	59625	45075	40051	41715	84452	37533	34983	21398	31569	0	8767	25962	39137	40408	29383	36892	45762	13072	23986	25745	19926	28130	19154	6650	41511	43702	64434	33826	79643	40615	7278	31058	24455	16392	42982	20842	50334	17725	29812	57909	8363	29861	3324	5419	30479	25097	9149	45092	34375	34274	41009	55965	36058	22595	28172	28985	26969	23766	69015	46779	28042	19196	35826	31037	20015	17183	50369	21782	22568	22341	32792	37273	38553	19531	39075	31967	41119	4475	49741	21335	52621	7622	40704	28340	31394	37608	34493	56051	31401	53681	14723	6662	4160	31908	51075	28400	10064	17210	59086	42857	27479	44212	30877	30703	39053	10688	27935	48798	44834	49918	39731	57761	55762	34213	35776	26471	38013	57247	39702	68730	52570	34339	49520	30887	5010	3849	35145	36257	39236	35092	44598	32209	42008	65229	28141	38978	82644	50253	31803	38987	14634	25320	36321	30438	17890	54953	39070	
9951	64165	43887	47331	47837	71594	57043	36325	53683	72487	21392	19756	11919	34375	8767	0	10764	32163	18127	14186	21644	30514	16796	13759	29008	24394	31393	22417	4286	40876	36728	50796	21515	84984	33552	8862	15860	18488	11683	48324	21737	36696	11462	20571	63251	9438	25706	6407	4601	15281	22574	14335	31454	39717	19077	27370	53025	20810	20073	27536	31869	10927	21795	49202	36602	25690	24997	41168	36379	14321	13898	36731	25044	29638	6299	17595	30298	23355	17008	27389	24993	25871	13516	46525	26420	31657	11858	25455	12297	14046	22410	39834	43100	24157	59023	18447	4643	8095	28968	37436	23583	5845	6833	39274	48198	18238	47096	14835	15505	44395	14412	31197	54140	29585	46978	39095	36097	35949	27239	28854	18676	40897	43608	24451	47066	38932	19141	46580	15690	4053	8618	32205	22619	32262	21454	29350	25286	26760	51304	12944	25340	70565	28589	24828	23789	8090	16079	22683	35780	5783	60295	23822	
12591	52277	44938	18818	32395	56151	41601	28931	38241	60599	22443	14574	18606	22487	25962	10764	0	31346	12749	7787	22280	31150	11441	20178	16997	14488	19382	10406	9890	47294	27105	51431	23379	63072	30236	9533	10482	5474	18102	39229	9727	37331	3895	19556	54156	16797	15499	14140	11804	9903	28993	16341	32090	30622	13698	28006	45586	21445	26492	33955	19858	10726	9784	41048	24591	13680	12289	32073	27284	4091	8294	37366	13034	18322	9689	10768	29481	17977	23427	28025	26266	26507	28752	39086	15897	32293	14125	26091	12933	14681	17032	30739	31090	30575	49928	16820	13689	15813	21528	38072	30002	5357	3077	39909	39103	17531	35086	15470	10127	35300	14140	19187	45045	30221	39539	45514	30719	36585	33382	21415	25095	28887	44244	25087	41688	39567	12315	39141	11814	12797	24113	24765	23254	31445	22089	29986	17847	27395	39293	6554	25975	58555	23211	30972	18411	14508	22394	23318	26685	12906	51200	24458	
51587	82746	34636	50380	60453	84210	69659	54519	66299	91068	25874	32947	20898	52956	39137	32163	31346	0	28272	32649	16349	24298	42858	19248	47017	42403	49402	40426	35845	23967	10577	40224	8018	102819	52038	40384	34346	36497	23624	66158	39746	26134	32441	14579	81085	52017	45519	40200	36161	26327	20697	48801	20893	57551	36604	22582	62700	23921	27741	39904	49878	23171	39804	44815	54611	43699	43006	59002	54213	34941	41188	26169	43053	47648	25186	36058	3482	34506	24397	24889	7604	24536	41999	64988	44429	28421	50176	28567	21581	19258	39937	57669	61109	27351	76857	46695	32839	42283	47431	26875	15418	34938	33927	34887	66033	18742	65105	24119	33991	62229	52798	49206	71974	32400	59226	17710	42758	31562	6424	47317	11488	58906	24408	10144	52538	19732	37604	54979	25839	35993	37360	50668	12099	9877	19759	32462	43750	27150	69313	31407	12779	88575	38117	8813	42275	27665	13938	14707	53614	28560	78129	26934	
23855	61995	42108	31782	41856	65612	51062	26665	47702	70316	4132	4220	21425	31296	40408	18127	12749	28272	0	10979	9839	16640	24501	32398	26903	24045	29288	22068	17880	43562	24549	35339	20822	72979	20734	22043	6390	18140	27920	47800	19706	24396	10802	16999	62728	23915	22500	21258	18922	4554	33847	43242	18143	39194	8424	15512	38496	9630	40891	51617	26858	8603	16714	29899	34498	18640	24648	40644	35856	16584	22831	23323	21975	29290	13053	13316	26925	6760	37547	10776	23709	11997	36439	35742	26072	14965	26336	9969	6990	11495	12234	39311	38090	40501	58500	28338	21376	22931	20865	18539	33223	16197	15570	24190	47675	14975	42086	4556	9472	43872	27200	29093	53616	10737	33635	42743	19570	22075	30826	17359	27469	35887	41687	22530	30539	37011	11613	30775	8343	19915	31801	24102	20698	28888	19533	6736	21124	12886	46293	8009	23419	68461	12062	28416	10730	27438	19838	11228	35257	27970	59772	6796	
20924	51837	46484	22023	37962	61719	47168	22966	43808	60159	14915	10832	22027	21138	29383	14186	7787	32649	10979	0	22957	31827	15110	23768	16699	15976	19084	10500	13782	50884	27782	52108	24056	62775	23931	16296	6553	5320	21692	43703	7867	38008	3524	20233	58630	19818	12296	17161	14825	8031	32583	39145	32767	35097	7933	28683	39280	22122	30081	37545	16654	10245	5363	37655	24294	10476	15257	36547	31759	11257	13440	38043	11771	21425	10366	3850	30158	14464	27017	28702	26943	27184	32342	32780	18206	32970	22412	26768	10613	15358	11266	35214	27886	34165	54403	18947	17279	18833	15223	38749	36456	12100	9839	40586	43578	18208	31882	12748	3449	39774	17809	18889	49519	20988	33234	41467	27326	37262	34059	15109	30703	25683	44921	25764	38295	40244	5397	32835	8440	15818	27703	18460	23931	32122	22766	16761	11542	28072	36089	2426	26652	58257	19022	31649	13355	18098	23071	23995	31159	16496	55674	16415	
32652	73680	27512	41313	51387	75143	60593	35261	57233	82001	6015	16828	17909	43889	36892	21644	22280	16349	9839	22957	0	11534	33964	27240	38123	33509	40508	31532	26649	39841	9976	34375	15664	93925	28921	31490	16411	27603	25551	57264	30852	19289	23547	10287	72191	32684	36625	30027	27692	15156	28688	48168	15034	48658	19573	5699	42458	5261	35733	47895	40984	10410	30910	30221	45717	34806	34112	50108	45320	26048	32295	18216	34160	38754	16292	27164	14401	15945	32388	3036	18551	6890	41365	49512	35535	12677	49543	6475	8588	8344	23796	48775	52215	35342	67964	37802	32205	31700	38537	13432	28064	26045	25034	20293	57139	12606	56212	6746	25098	53335	36663	40313	63080	10605	38984	31682	23532	16969	25667	28508	22310	50012	27188	8002	34501	22511	28711	34738	14668	25211	36727	41774	6125	23729	5004	10370	34856	7779	60419	22513	8846	79681	16024	23257	21405	25069	14679	1795	44720	25602	69235	3050	
41522	82550	24607	50183	60257	84013	69463	35490	66103	90871	11356	16965	26779	52759	45762	30514	31150	24298	16640	31827	11534	0	42763	36299	46922	42308	49307	40331	35448	48900	15808	24694	25292	102723	29151	40289	20378	36402	40675	66063	39651	13128	32346	22994	80990	41483	45424	38826	36490	20729	37748	56185	8000	57456	19803	6924	40939	14848	44792	56955	49783	18853	39709	23054	54516	43604	42911	58907	54118	34846	41093	12678	42958	47552	25091	24695	20227	16175	41448	6764	27488	3261	49382	47992	44334	5509	57559	10711	17031	17143	24027	57574	61014	44402	76762	46600	40222	40499	32245	6983	37124	34843	33832	13125	65938	20623	65010	14763	25466	62134	45462	49111	71879	6020	37465	40741	20996	9801	30399	28739	31370	58811	17840	20700	30776	17050	22992	33218	20241	34009	44743	35482	14606	28488	17315	10600	32503	4746	69218	23022	13851	88479	16255	28697	21635	33086	26854	13281	53519	33618	78034	9957	
6403	48267	56694	10397	21576	45333	30782	26959	27422	56589	34199	23581	36011	18476	13072	16796	11441	42858	24501	15110	33964	42763	0	34580	13019	7199	15404	6428	13262	58136	38982	63308	35256	59094	27889	10106	22359	11729	33017	28306	8115	49208	16071	31433	43233	9204	17135	12126	12682	21780	41722	9852	43966	19699	19536	39883	43239	33322	39220	44796	16258	22603	11039	49258	20613	15315	3440	17315	12981	7289	4457	49243	9056	9472	21566	15520	41358	26067	36155	39902	38143	38384	9753	37014	7048	44170	7636	37968	24810	26558	23626	13449	27527	48026	39005	5712	25959	13799	19181	49949	45025	12431	11005	51786	28181	29408	31486	27347	19921	24377	3033	15209	34122	42098	37192	56356	38929	48462	45259	23050	41902	25287	56121	36964	51919	51444	17024	36794	23690	14742	17275	22418	35131	43322	33966	41863	19482	39272	36705	16987	37852	54577	30625	42849	24958	31258	34271	35195	15762	27308	40277	36334	
36436	74103	44083	52041	52548	76304	61754	46263	58393	82425	29482	29694	4932	44313	23986	13759	20178	19248	32398	23768	27240	36299	34580	0	36629	32015	39014	30038	17967	17506	24469	50350	14593	95185	41650	39611	23958	26109	5323	58525	29358	36261	22053	19999	73452	37187	35131	25369	23170	24669	4728	33971	31019	49918	26216	32709	72826	22263	12910	17046	39490	17284	29416	54941	62322	33311	55671	51369	46580	23924	30800	36296	32665	53824	12517	25670	18040	32848	9566	25281	12734	34663	27168	54600	34041	38547	35345	26909	19923	17599	29549	50035	50721	12520	69224	42002	18008	27452	37043	37001	9167	20904	20326	45013	58400	13684	54717	22460	23603	54596	37967	38818	64341	31039	55053	12785	52884	41689	14980	36929	5224	48518	43163	20470	62664	38486	27216	65106	18148	21162	22529	40280	22463	20003	21298	30804	33362	28213	58925	21019	27674	98187	36458	12570	31887	7674	11525	22526	45981	10260	70496	25275	
19076	36536	60852	12629	20165	46867	40561	18706	24611	44858	38358	23981	40170	5602	25745	29008	16997	47017	26903	16699	38123	46922	13019	36629	0	8133	3641	7646	28444	65958	43244	67570	39517	47331	19670	23040	23207	15138	36765	18759	8677	53470	18039	35694	60184	21876	6751	24798	29487	23887	47657	22524	48228	16215	20368	44144	35020	37584	45155	52619	8039	26865	11439	49189	8850	9274	13153	12192	16914	14769	13675	53505	5192	10427	25828	16351	45620	26899	42091	44163	42404	42645	22425	24159	8694	48431	20308	42230	29072	30820	16955	12371	15764	49239	45741	16843	32353	26470	10962	54211	51918	20859	18985	56048	27229	33670	19922	31609	21631	41328	15704	3875	51073	33422	28973	56928	39401	52723	49521	15487	46164	12129	60382	41225	43700	55706	16265	28575	24296	30479	42777	14200	39393	47583	38228	29196	13629	43534	24942	18697	42114	42814	34748	47111	22722	33172	38533	39457	18246	31570	57228	40596	
13257	43394	56238	8808	22764	46521	31970	22086	28610	51716	33744	23258	35556	13604	19926	24394	14488	42403	24045	15976	33509	42308	7199	32015	8133	0	10528	3009	17244	61321	38607	62933	34880	54218	23013	16097	21984	11353	32129	19604	5328	48833	17285	31057	44422	14553	7816	17475	18031	21404	43020	15201	43591	16417	17599	39507	38363	32947	40518	47982	11383	22228	10685	52532	15738	11551	4628	14950	12040	8910	5404	48868	4438	5761	21191	13583	40983	24130	37454	39527	37767	38008	15102	32139	2543	43795	12985	37593	24435	26183	18020	12409	22651	44602	40194	8318	27716	19148	14306	49574	47281	14052	12626	51411	29369	29033	26610	26972	20876	25566	8382	10333	35311	41723	32316	52291	42744	48087	44884	18830	41527	20411	55745	36588	47044	51069	15087	31918	23315	20091	22624	17543	34756	42946	33591	26428	16972	38897	31829	17942	37477	49701	28689	42474	23022	28535	33896	34820	16951	26933	41466	35959	
21461	33701	63237	13578	19762	44031	35358	23328	24208	42022	40743	26366	42555	6045	28130	31393	19382	49402	29288	19084	40508	49307	15404	39014	3641	10528	0	10399	31197	68711	45996	70322	42270	44484	24700	25792	25959	17890	39518	18381	11429	56222	20792	38447	46930	24628	9503	27550	32239	26640	50409	34925	50981	15838	23120	46897	40050	40336	47908	55371	13070	29617	14192	54219	5413	12026	15906	11815	17213	17521	16428	56257	7945	14914	28580	19104	48372	29651	44843	46916	45157	45398	25177	24398	13115	51184	23060	44982	31824	33572	19707	11993	12917	51992	42894	19595	35105	29223	15993	56963	54670	23611	21738	58800	26852	36422	17075	34361	24384	24435	18457	5351	37819	36175	34003	59681	44431	55476	52273	20518	48917	10805	63135	43978	48731	58458	19017	33605	27049	33232	47103	19230	42145	50336	40980	31948	18659	46286	22095	21449	44866	39967	39779	49863	25474	35925	41285	42209	17868	34322	43975	43348	
12485	42908	54261	11223	24764	48520	33969	21600	30609	51229	31767	18150	33579	13117	19154	22417	10406	40426	22068	10500	31532	40331	6428	30038	7646	3009	10399	0	21854	59368	36653	60979	32927	53598	22393	16449	17266	8032	30175	38667	2588	46879	11617	29104	53594	15285	7196	18207	22896	19451	41066	15933	41638	30060	14427	37554	37743	30993	38565	46028	10763	20274	5930	44149	15117	8384	6563	18324	26722	8179	7085	46914	3560	8110	19237	10411	39029	20958	35500	37573	35814	36055	15834	31519	4891	41841	13717	35639	22481	24229	15978	16572	22031	42649	49366	10252	25762	19880	13685	47620	45327	14268	12395	49457	38541	27079	25990	25018	13876	34738	9114	9713	44483	27482	31696	50338	33820	46133	42930	18210	39574	19791	53792	34635	46424	49115	11915	31298	21362	23889	36187	16923	32802	40993	31637	23255	16202	36943	31209	12274	35523	49081	25516	40520	19849	26582	31942	32866	26123	24979	50638	34006	
6477	63705	49379	21149	32642	56398	41848	36278	38488	72027	26884	19708	16205	33915	6650	4286	9890	35845	17880	13782	26649	35448	13262	17967	28444	17244	31197	21854	0	42079	31180	55506	27453	75372	32615	5078	14923	12065	15467	38711	20800	41406	11913	23630	53638	6134	26573	3477	2302	14344	26358	11188	36164	30105	18140	32080	52088	25520	23857	28739	29128	15637	20858	45489	33545	24753	19261	31555	26767	9698	12229	41441	24108	22633	11009	16658	34082	22418	20792	32100	28777	30581	11056	45588	21400	36368	8972	30166	17008	18756	21473	24090	42163	31968	49411	14788	6274	5149	28031	42147	27367	3405	5708	43984	38586	21606	44355	19545	14569	34782	10753	30260	44527	34296	46041	40298	35160	40660	31023	27917	22460	39960	48318	29161	46129	43642	18204	45643	14753	4362	6167	31268	27329	36046	26164	24595	24350	31470	48563	12007	30050	69629	27652	28612	22852	11874	19863	27393	26167	9567	50683	28532	
53961	110308	56683	69566	70072	93829	79278	73380	75918	118656	40646	56810	23911	71429	41511	40876	47294	23967	43562	50884	39841	48900	58136	17506	65958	61321	68711	59368	42079	0	34751	60632	24876	106281	57066	50707	39374	41525	18612	69621	44774	46543	37469	30281	84548	48283	50547	36465	34266	40085	13726	45067	41301	61014	41632	42991	83108	37679	12226	12562	54906	32700	44832	65224	73418	48727	66766	62465	57676	39970	46217	46578	48082	64920	29505	41086	28322	48264	15102	45298	23016	44945	38264	70016	49457	48830	46441	42325	35339	33016	44965	61131	66137	7656	80320	53098	29104	38548	52459	47284	10429	41303	40724	55295	69495	29100	70133	37877	39020	65692	49063	54235	75437	46455	70470	7151	63166	51971	16718	52345	20685	63934	53445	30752	72946	48768	42633	75388	33564	32258	33625	55696	32707	30285	36714	46220	48778	43629	74341	36435	37956	109283	51875	16246	47303	29438	26941	37943	57077	31184	81592	40692	
56152	78505	23591	46139	56212	79969	65418	50278	62058	86827	19026	28706	25463	48715	43702	36728	27105	10577	24549	27782	9976	15808	38982	24469	43244	38607	45996	36653	31180	34751	0	29979	12501	101117	41414	38683	32645	34795	27884	64456	38044	15890	30739	10095	79384	56278	43817	44460	40421	24626	24957	53062	10648	55850	34902	12338	52455	11983	32001	44164	48176	21469	38102	34570	52909	41998	41304	57300	52512	33240	39487	15925	41352	45946	23485	34356	7328	28438	28657	14644	14696	14291	46259	63287	42728	18176	54436	18968	19880	17556	39194	55967	59408	31611	75156	44994	37099	46543	45729	16630	24333	33237	32226	24642	64331	15463	63404	22417	32290	60527	43856	47505	70272	22155	48981	27950	32513	21317	17608	45616	18579	57204	16490	7801	42293	11813	35903	44735	24138	40253	41620	48966	4027	15696	7268	22863	42048	16906	67611	29705	3618	86873	28517	15906	40573	31925	18199	8402	51913	32820	76428	18213	
61804	102831	10128	70465	80538	104295	89744	74604	86384	137919	30055	40557	45451	73041	64434	50796	51431	40224	35339	52108	34375	24694	63308	50350	67570	62933	70322	60979	55506	60632	29979	0	39653	148562	52234	60797	54759	56910	55035	86571	60159	14994	52854	38389	101498	61991	65932	59334	56998	46740	52109	74717	19167	77964	57017	23051	59195	36029	59153	71315	70291	43584	60217	34292	75024	64112	63419	79415	74626	55354	61601	14731	63466	68061	45599	56471	34587	39869	55808	25358	41848	25005	67914	66248	64842	26156	76092	29681	41994	39671	60350	78082	81522	58762	97270	67108	58754	61007	67844	23928	51484	55351	54340	24364	86446	39155	85518	44532	54404	82642	65970	69619	92387	29714	55721	55102	36937	20962	44759	67730	45730	79319	16941	35060	42015	20055	58017	51474	46252	61908	63275	71081	25159	42848	31689	34294	64163	29626	89726	51820	24404	108988	39337	43057	45329	51618	41228	32448	74027	52151	98542	28926	
46276	74779	33076	42412	52486	76242	61692	46551	58332	83100	17906	24980	15587	44988	33826	21515	23379	8018	20822	24056	15664	25292	35256	14593	39517	34880	42270	32927	27453	24876	12501	39653	0	94699	43919	32265	26227	28378	18033	58039	31627	26405	24321	6460	72966	33459	37399	34609	28466	18208	15107	43211	21640	49432	29443	17556	56431	15802	22151	34313	41758	15051	31684	45562	46491	35580	34886	50882	46094	26822	33069	26440	34934	39528	17067	27938	6047	26387	18806	15623	4850	20864	36408	56869	36310	29168	44586	20448	13462	11138	32776	49549	52990	21760	68738	38576	27248	36692	39311	27146	14482	26819	25808	35634	57913	10623	56986	15999	25872	54110	37438	41087	63854	24578	57322	18100	37505	32309	11458	39198	6633	50787	33794	5645	48474	29117	29485	48711	17720	30403	31770	42549	12804	10148	11639	24343	35630	21752	61193	23287	15525	80455	29997	9756	34155	22075	5819	12868	45495	18122	70010	18814	
69861	22308	116654	54628	49630	31053	45784	66334	41643	10979	94160	70057	92701	47595	79643	84984	63072	102819	72979	62775	93925	102723	59094	95185	47331	54218	44484	53598	75372	106281	101117	148562	94699	0	69658	70750	70916	62847	90176	45059	56386	101179	65749	83404	48183	73302	54460	83825	76780	71597	98881	70086	95938	47562	68077	91854	70110	85293	96379	101956	54559	74574	59149	108417	41638	56984	63603	48787	51930	62479	61385	101214	52902	57537	73537	64061	93330	74608	93315	91873	90114	90355	73851	52981	58072	96141	71461	89939	76781	78529	64665	52897	46831	105185	37603	63750	83118	84661	60950	101920	102184	68568	66695	140479	45642	81379	44846	79318	69341	50748	63414	49222	45783	81132	63984	113515	80838	137078	107997	65475	100255	47505	108092	88935	100600	103415	63975	69582	72006	84730	82264	57456	87102	95293	85938	76906	63617	91243	37771	66406	89823	11213	86384	105587	70432	88418	86242	87166	51244	91674	40987	88306	
33946	46906	65874	30496	46225	67540	55430	6313	45098	57755	25616	18049	41393	18872	40615	33552	30236	52038	20734	23931	28921	29151	27889	41650	19670	23013	24700	22393	32615	57066	41414	52234	43919	69658	0	35956	19009	25522	41369	39311	23631	43974	28424	39910	73101	36830	16651	36838	34502	21798	52261	37478	35207	36768	14749	32576	19205	30598	49759	57222	13020	29335	22918	27061	29538	16627	28108	32744	46229	27685	28630	40387	20147	28536	30044	19832	49836	17526	46694	30579	46621	28035	37379	16211	25317	31434	35262	22532	28249	35036	15561	32923	24705	53843	68873	31797	36957	38511	9496	31075	56134	31777	31902	29196	58048	37886	24322	25246	19250	54244	30659	16199	63989	23300	13158	61145	17273	33671	53737	10436	50380	18781	45549	45441	22380	59922	18129	12760	26075	35495	47381	12734	43609	51799	42444	18755	12387	25263	32908	25070	46330	57275	15078	51327	13028	37776	42749	30337	45630	36173	70145	27012	
4131	58301	54220	19719	30504	54261	39710	34955	36350	66623	31725	23872	20782	28511	7278	8862	9533	40384	22043	16296	31490	40289	10106	39611	23040	16097	25792	16449	5078	50707	38683	60797	32265	70750	35956	0	19650	13185	31783	36141	17187	50041	13462	32265	51068	3917	22216	3828	4171	19071	40487	8618	44799	27535	22867	40715	52302	34155	37986	43562	26574	23436	16500	50216	30988	20396	15375	28985	24197	8849	11380	50076	19430	20063	15794	20981	42191	27145	34921	40735	38975	39216	8519	45802	18983	45003	6402	38801	25643	27391	28707	21520	37806	46791	46841	12218	9443	5501	28244	50782	43791	6740	7170	52619	36016	30241	41802	28180	19295	32212	7918	25583	41957	42931	46255	55122	39887	49294	40221	28131	31659	35603	56953	37796	50856	52277	22485	45857	19479	6232	7203	31482	35964	44154	34799	42696	24563	40105	47080	16121	38685	64951	32379	37811	27579	30024	29061	36028	23597	13869	48112	37167	
21588	58468	48182	29516	39589	63346	48795	21606	45435	66790	10489	4810	23701	26661	31058	15860	10482	34346	6390	6553	16411	20378	22359	23958	23207	21984	25959	17266	14923	39374	32645	54759	26227	70916	19009	19650	0	15814	23464	45475	13866	39781	8476	22005	60402	21590	16833	18933	16597	3892	34355	40917	34539	36869	3406	20759	39363	23894	31854	39317	19773	11429	10874	30789	29925	12800	22323	38319	33531	14259	20506	39815	17402	26965	12138	7476	31931	9227	28789	18763	28715	17245	34114	30564	23746	18350	24010	13354	10343	17130	6740	36986	32424	35938	56175	26013	19051	20605	15371	21897	38228	13872	13245	27575	45350	19980	30936	9804	2906	41546	24874	24520	51291	14122	30624	43239	20460	24313	35832	11865	32475	24655	46693	27536	31429	42016	5772	31642	8170	17590	29475	18608	25704	33894	24539	9895	15284	16085	40627	4263	28424	63888	12952	33421	8119	19870	24843	25767	32931	18268	57446	12840	
17786	50399	50333	18885	29704	53461	38910	24521	35550	58721	27838	17327	29650	19700	24455	18488	5474	36497	18140	5320	27603	36402	11729	26109	15138	11353	17890	8032	12065	41525	34795	56910	28378	62847	25522	13185	15814	0	24630	35522	5447	41334	4895	23559	50449	19771	11048	19687	17351	12565	35521	20419	36092	26915	13219	32009	41134	25448	33020	40483	15407	14729	4740	42942	23046	9228	11048	28366	23577	5034	9231	41369	10523	15690	13692	6996	33484	19750	29955	32028	30269	30510	20320	34634	12471	36296	18203	30094	16936	18684	17539	27032	26638	37104	46221	14738	20217	21359	17077	42075	39782	9372	7499	43912	35396	21534	30634	19473	10309	31593	13599	17642	41338	34224	35087	44793	32612	40588	37385	16963	34028	24435	48247	29090	43582	43570	10707	34689	15816	18344	30642	20314	27257	35448	26092	33989	13396	31398	34842	7374	29978	57010	24309	34975	18642	21037	26397	27321	22978	19434	47493	28460	
28841	72027	48458	44447	44953	68710	54159	44187	50799	80349	25004	27618	6762	42236	16392	11683	18102	23624	27920	21692	25551	40675	33017	5323	36765	32129	39518	30175	15467	18612	27884	55035	18033	90176	41369	31783	23464	24630	0	51301	29408	40742	19862	17086	66228	29962	33377	18145	16350	22952	10346	26746	35501	42694	26748	28283	60696	23332	7341	10748	39540	18353	29466	59423	55098	33361	48446	44144	39356	21992	26195	40777	32715	46600	14814	25266	22522	31026	4276	26350	17216	28394	19944	54196	34091	43029	28121	27978	20992	18668	30081	42811	50771	11928	62000	34778	10784	20228	36638	41483	13649	18972	18394	49495	51175	14753	54767	23529	23176	47372	30743	38868	57116	32108	54649	17267	45035	46170	19462	36525	11720	48568	47645	24951	56005	42968	26812	54251	23361	13938	15305	39876	23532	24485	22367	31873	32957	29282	58974	20615	26253	90963	37527	17052	31460	3861	12594	23595	38757	7004	63272	26344	
33200	40539	79994	13755	6575	24097	17680	38310	6521	48419	57499	49629	56040	26173	42982	48324	39229	66158	47800	43703	57264	66063	28306	58525	18759	19604	18381	38667	38711	69621	64456	86571	58039	45059	39311	36141	45475	35522	51301	0	32696	72684	39547	54908	32331	34325	23580	44847	37802	45255	59903	31109	67442	3864	49051	63358	54127	56798	57402	62978	27147	46079	39265	76400	18098	26103	24625	5615	8232	33965	29038	72719	22022	15278	45042	47617	64834	53329	54337	63377	61618	61859	34874	39663	17421	67645	32484	61443	48285	50034	33784	9200	27370	66207	21289	24772	44141	45683	30070	73425	63207	40071	38197	75262	10465	52884	31528	50823	45480	12706	30018	23098	23220	65573	48080	74538	66071	71937	69020	34595	61278	26884	79596	60439	62808	74920	49163	47682	47166	45753	43287	34093	58607	66797	57442	65338	32736	62748	36549	42966	61328	46887	58563	66609	53763	49440	57747	58671	7547	52696	24762	59810	
14173	43938	53582	15272	26451	50207	35657	22630	32297	52260	31087	15517	32899	14148	20842	21737	9727	39746	19706	7867	30852	39651	8115	29358	8677	5328	11429	2588	20800	44774	38044	60159	31627	56386	23631	17187	13866	5447	29408	32696	0	46248	9029	28472	52962	16993	9027	19915	22265	14877	40435	17642	41006	29429	11839	36922	38842	30362	37933	45397	11862	19643	3342	41561	16216	6883	8271	19423	26091	7547	6453	46283	3694	10473	18606	7823	38398	18370	34869	36942	35182	35423	17542	32618	7255	41210	15425	35008	21850	23598	13390	18280	23130	42017	48735	11960	25131	21588	14785	46989	44696	13637	11763	48826	37910	26448	27089	24387	11288	34106	10822	10812	43851	24894	32795	49706	31232	45502	42299	17182	38942	20890	53160	34003	42201	48484	9327	32397	15286	23258	35555	18022	32171	40361	31006	20668	13614	36312	32308	9687	34892	50180	22929	39889	17262	25950	31311	32235	25491	24348	50006	33374	
47704	88731	13479	56365	66438	90195	75644	60504	72284	97053	19111	27856	31351	58941	50334	36696	37331	26134	24396	38008	19289	13128	49208	36261	53470	48833	56222	46879	41406	46543	15890	14994	26405	101179	43974	50041	39781	41334	40742	72684	46248	0	38400	22914	87044	47537	51478	44880	42544	32287	37669	60263	5557	63511	30269	12118	47206	21575	44713	56875	55837	29130	45763	25359	60570	49658	48965	64961	60172	40901	47148	7891	49013	53607	31145	42017	20147	26641	41368	14424	27408	14071	53460	54260	50388	12507	61638	18748	27541	25217	45896	63628	67068	44322	82817	52655	44300	46553	53390	8495	37044	40897	39887	15430	71992	24701	71064	30078	39951	68188	51516	55166	77933	16485	43732	40662	27264	10847	30319	53276	31290	64865	14106	20620	33081	17220	43564	39486	31798	47455	48821	56627	14226	28408	17235	21065	49709	15212	75272	37366	13471	94534	26413	28618	32100	37164	26774	17994	59573	37697	84088	17993	
16367	53301	46277	23228	33302	57058	42508	27423	39147	61622	23782	12630	25594	22601	17725	11462	3895	32441	10802	3524	23547	32346	16071	22053	18039	17285	20792	11617	11913	37469	30739	52854	24321	65749	28424	13462	8476	4895	19862	39547	9029	38400	0	20328	54004	17110	13701	14453	12117	7958	31594	42706	32862	30471	13446	28778	43787	22217	29093	36556	18060	11498	7279	39103	25699	11881	15925	31921	27133	7855	12058	38138	13176	22830	10461	6403	30253	16033	26028	28797	27038	27279	31353	37287	19611	33065	19530	26863	13705	15453	12603	30588	29291	33177	49777	19615	16290	16125	19730	38844	36551	9121	6841	40681	38952	18303	33287	16242	8270	35148	18476	20294	44893	30993	37740	41562	28774	37357	34154	19616	30798	27088	45016	25859	39743	40339	10910	37342	8367	13110	26715	22967	24026	32217	22861	30758	16048	28167	37495	5335	26747	59663	21266	31744	16466	17109	23166	24090	26533	10976	51048	25230	
