//--------------------------------------------------------------------------------------------------------------------
//-- données sur la HAUTE_VIENNE récupérés par le géocodeur (matrice symétrique)
//-- 
//-- C. Duhamel, P. Lacomme C. Prodhon - JUILLET 2009 : 5100 kg à collecter, flotte de capa 8100
//--------------------------------------------------------------------------------------------------------------------
107 4 999999 0 0 0
2 50 100 0.6
10 200 120 1.2
8 500 150 1.8
2 1000 180 2.5
0   // la ville qui represente le depot
0	38398	72619	25171	50305	57942	52132	40900	22327	31942	8829	48718	24073	72018	27416	23042	33872	24822	19996	22271	40374	47653	60293	31560	12889	31719	11518	40273	18170	29039	28046	24256	58325	19721	13156	43201	8263	12426	50788	36170	47941	26706	55068	30620	30208	64021	58825	20915	16843	15829	12871	39828	92046	44802	80978	37723	50573	50546	35335	64757	47163	17945	18713	24401	26558	19394	18646	52624	61802	24486	33527	41813	29614	26811	28258	30041	21607	26384	16641	18207	50440	24402	23734	27388	30908	24130	46269	15139	34461	6903	34641	33907	31738	6641	27657	68507	55836	75325	44574	18472	36571	45274	8029	12717	33797	10835	18518	37748	
38398	0	45784	19823	45280	20151	25297	41163	31635	10515	37638	39216	62343	75022	58634	55881	28847	57662	52836	16277	52443	60177	33458	38141	44107	15649	31630	61842	20171	61878	60886	36584	57635	26913	46724	70441	30689	38612	70134	28051	9677	52656	62162	54041	59294	20921	61420	13089	33930	55594	20623	52353	65210	51896	54143	70563	57667	56225	25519	57381	43870	45087	23852	40454	59398	52234	25082	47598	45048	32139	40621	14099	8156	58029	19545	60448	52824	42437	45342	26855	57534	38579	50876	18555	51118	14172	8005	47978	24748	41684	67481	29438	51570	37859	7283	41672	17572	48490	11396	38575	59992	21811	40869	33978	65827	29215	34571	44842	
72619	45784	0	66843	38730	30118	24308	45714	66763	44564	72766	88930	96535	41932	95444	92691	55474	94472	89646	54163	87571	95305	27398	64768	80917	42276	66758	96970	56981	98689	97696	71712	99997	62042	83534	105569	65818	73740	105262	72260	43480	87785	97290	89170	94422	36198	28331	54811	69058	90722	55752	87481	20623	87025	20999	107373	92795	46812	52147	106429	88835	80216	60662	77265	96208	89044	60210	38570	80632	58766	75750	34053	53388	94839	69822	97258	89635	79247	82152	63665	92663	73708	86004	49086	67938	65695	52303	84789	76026	78494	104291	81650	86699	74669	52507	12010	35490	8794	38504	75385	95120	66109	77679	69107	102637	66025	71381	79970	
25171	19823	66843	0	56216	52399	46589	52099	10277	26399	22856	24072	41465	96314	65675	45548	39783	52538	48386	24921	31091	29523	54750	49077	51148	37210	17175	40491	21321	61529	50553	6356	35139	7324	35870	46681	19878	20321	32658	7402	29351	32715	40811	34100	39353	40595	82713	14841	13989	35652	16298	21699	86503	30545	75435	64260	36316	68266	47081	41571	23977	25146	30893	47496	59048	41986	10088	58535	42891	37992	19270	36270	20050	65070	6452	67489	59866	49478	52383	29206	36183	14019	30935	33686	58159	5651	25749	55020	12656	33127	67131	10295	30219	44900	12647	62964	37246	69782	39031	45616	40051	23468	47910	15687	72868	36257	41612	23491	
50305	45280	38730	56216	0	39821	33024	8825	55818	36944	56742	77985	71978	23290	36857	65517	15818	61830	57830	34110	76626	84360	25313	16750	41101	28871	55813	86025	34569	59178	70522	60767	89051	51096	62107	94624	51142	62795	94317	61315	51743	76839	86345	78224	78114	48031	14154	43358	58113	65993	37840	76535	34588	76079	21976	69560	81850	13627	19010	95484	77889	69270	28656	28087	55427	61869	49265	6007	87114	24872	64804	33858	42363	41318	58877	37567	46110	30278	46315	31219	81717	62762	75059	26740	31271	54749	50071	49472	65080	57067	58470	70705	75753	50136	49591	27270	47324	47834	39703	34517	84175	63877	56252	58161	48695	40749	34009	69025	
57942	20151	30118	52399	39821	0	6921	41011	45377	23178	51380	53003	75149	57863	74058	71306	31487	73086	68260	32777	66185	73919	16136	40781	59531	17982	45372	75584	35595	77303	76310	50326	78611	40656	62149	84183	44432	52355	83876	50874	14972	66399	75904	67784	73037	7689	44261	33425	47673	69336	34366	66095	48051	65639	36984	85987	71409	47916	27357	71169	67449	58830	39277	55879	74822	67658	38825	39674	58835	37109	54364	10741	32002	73453	48436	75873	68249	57861	60766	42279	71277	52322	64618	27428	66542	44309	21071	63403	38536	57108	82906	60264	65313	53283	27599	24513	6982	31331	16846	54000	73734	35598	56293	47721	81252	44640	49995	58585	
52132	25297	24308	46589	33024	6921	0	40015	46453	24254	52456	68620	76225	44628	75134	72381	26367	74162	69336	33853	67261	74995	8122	35661	60607	18165	46448	76660	36671	78379	77386	51402	79687	41732	63224	85259	45508	53430	84952	51950	21285	67474	76980	68859	74112	14003	31026	34501	48748	70412	35442	67171	37727	66715	25115	87063	72485	41113	22237	86119	68525	59906	40352	56954	75898	68734	39900	32871	69036	32037	55440	13742	33078	74529	49512	76948	69324	58937	61842	43355	72353	53398	65694	28776	67618	45385	31993	64478	55716	58184	83981	61340	66389	54359	32197	19616	13296	26435	18194	55075	74810	45799	57369	48797	82327	45715	51071	59660	
40900	41163	45714	52099	8825	41011	40015	0	51666	32792	46250	73833	67234	28382	31681	60773	12316	56655	52654	29958	72473	80208	32298	9340	30825	27197	51660	81873	30417	54002	65778	56615	84899	46944	51616	90471	40651	49848	90164	57163	50069	72687	82193	74072	73370	48647	21139	39205	53961	55502	33688	72383	41573	71927	28961	64384	77698	12470	16799	91332	73737	65118	24504	17596	50251	57125	45113	11099	85439	17462	60652	36719	38211	36142	54725	32391	40934	25102	41140	23810	77565	58610	70907	22587	26095	50597	48396	44296	60928	46576	53294	66553	71601	37852	45439	34255	47940	54819	38028	24026	80023	62202	45761	54009	43519	30258	20706	64873	
22327	31635	66763	10277	55818	45377	46453	51666	0	24177	17087	38913	37347	94092	63453	41430	37562	48420	44268	22699	29024	36759	52528	46856	48926	34989	10829	38424	19099	57410	46435	11277	47099	9360	31751	42563	16083	14552	46716	25366	40177	28596	38744	29981	35234	56257	80491	15832	9870	31534	14076	28934	84281	28478	73213	60141	34249	66044	44859	56412	38817	21028	28672	45274	54929	37867	13202	56313	57732	35770	17203	34048	21925	62848	22814	65268	57644	47256	50162	26984	34116	15161	26816	31464	55937	18687	38504	36103	29018	29009	63013	23104	28152	42678	22573	60742	48071	67560	36810	43395	35932	39162	28994	9919	70647	34035	39390	21424	
31942	10515	44564	26399	36944	23178	24254	32792	24177	0	31673	47837	55441	74618	54350	51598	20476	53378	48553	8714	46477	54212	33054	29770	39823	11245	25664	55877	12981	57595	56603	30619	58903	20948	42441	64475	24724	32647	64169	31167	19930	46691	56197	48076	53329	36783	61017	13718	27965	49629	14658	46387	64807	45931	53739	66279	51702	49650	17149	65336	47741	39122	12573	36171	55114	47950	19117	39227	55300	17934	34656	14574	7831	53746	28729	56165	48541	38153	41059	19712	51569	32614	44911	9454	46834	24601	18257	43695	34932	37401	63198	40557	45605	33575	15665	41268	27824	48086	11735	34292	54027	32063	36586	28013	61544	24932	22627	38877	
8829	37638	72766	22856	56742	51380	52456	46250	17087	31673	0	49073	29698	73995	35290	29378	35849	31158	26333	24573	28402	42334	54402	36842	20763	36863	6199	34552	24161	35375	34383	18937	52674	17518	18781	37480	6138	4538	45468	30850	42051	23514	47831	24899	26712	58131	60802	17601	11524	21511	13649	34509	86155	37565	75088	44059	43335	55828	36387	66572	48977	12505	24703	29683	32894	25730	16627	54600	67892	30477	23344	35923	23799	34685	26238	37915	29481	31665	23175	24198	43203	19083	18294	29364	38782	22111	40378	21475	32442	10191	40978	28588	22255	14515	24343	62616	49945	69435	38684	27804	30850	43254	14366	7398	40134	16573	23799	30511	
48718	39216	88930	24072	77985	53003	68620	73833	38913	47837	49073	0	64660	119363	75480	68743	62833	75733	71581	47971	47359	15760	77800	72127	64532	60260	41690	56758	44371	84723	73748	25334	18745	29422	60656	65357	43263	42320	28364	18233	38125	55909	35203	51253	62547	49369	105762	34916	35988	58847	39348	16245	109552	37090	98485	87454	42859	91316	70130	23704	8279	48340	53943	60867	82242	65180	30164	81584	16027	61042	35538	59320	37400	78454	21257	80861	73249	62849	65767	52256	32758	30000	54129	56735	71530	25727	33474	63239	15405	55126	90326	19662	46487	58284	29996	86014	46020	92832	49927	58988	59673	26217	56129	37687	89482	48832	54983	39758	
24073	62343	96535	41465	71978	75149	76225	67234	37347	55441	29698	64660	0	94596	41018	9594	56450	16584	15198	44849	41209	57973	82871	54138	34023	54297	35045	31749	41697	25574	14599	38236	68313	38467	13805	25958	31789	23830	64296	46580	70519	16237	55202	23137	7083	86599	81403	44442	27999	8407	36398	50148	114623	49855	103556	28306	41700	71086	57913	78758	61164	15571	42239	46979	23093	11250	42248	73920	80078	48013	32943	64391	52192	34918	47343	41823	30790	42879	29168	41734	51697	38150	11705	49966	44597	46542	68847	24163	52628	18332	31177	44317	28877	29219	51183	91085	78414	97903	67152	41103	21744	63441	23543	32522	30333	33413	41095	45465	
72018	75022	41932	96314	23290	57863	44628	28382	94092	74618	73995	119363	94596	0	55273	83933	39702	80246	76246	52804	95320	103054	35848	37673	59516	51127	74507	104719	53263	77593	88938	79461	107746	69791	80522	113318	65392	81490	113011	80009	72806	95534	105039	96919	96530	65524	17946	62052	76807	84409	56535	95230	34171	94774	24787	87976	100544	18759	37704	114178	96584	87965	47351	46503	73842	80285	67959	18307	118673	43124	83499	50821	61058	59733	77571	55982	64525	48694	64731	51922	100412	81457	93753	45434	49686	73444	81630	67887	83775	75482	76885	89399	94448	68551	81834	33952	64817	46692	67830	52933	102869	95436	74667	76856	67110	59164	52425	87720	
27416	58634	95444	65675	36857	74058	75134	31681	63453	54350	35290	75480	41018	55273	0	34560	31609	27038	26984	44688	67338	74616	53955	22315	15624	46490	38482	71823	44323	24386	39564	51220	98719	60763	30025	66031	35226	39390	103984	63133	70358	56310	96012	53719	47156	86438	49434	53025	43807	33321	41681	66792	69406	85746	56794	34768	91517	35971	35719	105151	87557	41044	31858	17805	20635	31023	45610	38805	88766	31795	74472	64229	52031	6526	55221	4942	9260	12303	15469	27818	91384	51366	46239	36047	9482	51094	68685	18626	61425	33109	23678	60870	54836	22786	59258	62088	78252	97741	66990	16516	61818	82491	25445	39681	13903	28475	23338	78692	
23042	55881	92691	45548	65517	71306	72381	60773	41430	51598	29378	68743	9594	83933	34560	0	53481	6990	8737	41880	41129	61976	79901	51168	27562	51328	34069	40396	41516	12320	6834	42240	72316	42471	14887	34604	30813	27834	68360	50584	67550	24883	60388	33865	15730	83630	78434	50217	32003	10802	38873	54152	111654	50122	100587	18020	50347	64625	54943	82762	65168	21190	40117	44010	16632	6998	41196	67459	84082	45891	36947	61422	49223	28457	51347	35361	24328	36418	22707	39611	55760	42154	21372	46996	38136	46681	65878	17702	56632	19415	19573	48321	34983	26249	56451	88115	75444	94934	64183	34642	30391	67444	17082	36526	23871	30444	38126	42537	
33872	28847	55474	39783	15818	31487	26367	12316	37562	20476	35849	62833	56450	39702	31609	53481	0	55680	50855	17642	60158	67892	24824	9294	28214	14881	39345	69557	18101	59897	58905	44299	72583	34628	44743	78156	30230	46327	77849	44847	37753	60371	69877	61756	66497	39124	27244	26890	41645	48629	21372	60067	45185	59611	32573	64353	65382	23643	4110	79016	61421	52802	12188	17550	50220	50252	32797	21042	73123	6403	48336	24404	25895	36110	42409	32360	40902	25071	41108	12186	65249	46294	58591	10272	26229	38281	36080	45997	48612	39703	53262	54237	59285	35878	33123	37867	45647	57953	25712	21415	67707	49886	38888	41693	43488	23757	17015	52557	
24822	57662	94472	52538	61830	73086	74162	56655	48420	53378	31158	75733	16584	80246	27038	6990	55680	0	7246	43619	48119	68966	81641	45660	23309	53067	35808	47386	43255	7898	9687	49230	79306	49461	17859	41594	32553	34824	75350	57574	69289	31873	67378	40855	22720	85370	72779	51957	38993	17792	40612	61142	113394	57112	80139	14347	57337	59315	56683	89752	72158	28180	41856	36454	7663	13988	42936	62149	91072	47630	43937	63161	50962	19310	52548	26214	15441	30532	16821	41351	62750	49144	28362	48736	32826	48420	67617	13704	58751	26405	13501	55311	41973	27989	58190	89855	77184	96673	65922	30476	37381	81423	16413	37007	14724	32183	39866	49527	
19996	52836	89646	48386	57830	68260	69336	52654	44268	48553	26333	71581	15198	76246	26984	8737	50855	7246	0	39234	43961	64808	77255	43246	21472	48682	31422	46000	38870	12105	13741	45071	75148	45303	12085	40208	28167	30666	71191	53416	64904	30487	63219	36697	21334	80984	75788	47571	34834	13633	36227	56984	109008	52954	97941	19546	55951	56902	52297	85593	67999	24022	37471	34616	9624	6652	38550	59736	86913	43245	39778	58776	46577	21449	48162	28354	14150	28695	14984	36965	58592	44985	26552	44350	30413	44035	63232	9979	54366	18749	17708	51153	37814	23603	53805	85469	72798	92288	61537	28639	35995	77037	12688	32621	16864	27798	35480	45368	
22271	16277	54163	24921	34110	32777	33853	29958	22699	8714	24573	47971	44849	52804	44688	41880	17642	43619	39234	0	45199	52933	42142	26936	30007	13100	24386	54598	5983	47779	46787	29340	57625	19669	32625	63197	22090	31368	62890	29888	25916	45412	54918	46797	54379	37160	42595	11834	26686	36511	8792	45109	54170	44652	41558	56463	50423	46124	16716	64057	46463	37843	8464	26355	45298	38134	17838	36393	60994	15851	33377	23662	8912	43930	27450	46349	38725	28337	31243	14435	50290	31336	43632	8226	37018	23323	24244	33879	33654	27585	53382	39278	44326	23759	16093	50356	33811	57174	26423	24476	52748	38050	26770	26734	51728	15116	20471	37598	
40374	52443	87571	31091	76626	66185	67261	72473	29024	46477	28402	47359	41209	95320	67338	41129	60158	48119	43961	45199	0	32340	75048	69375	50405	57508	31237	12472	41619	57079	46104	27778	46488	31880	33012	26013	35295	23096	27344	29170	62696	23002	22485	11909	34155	78776	103011	38351	20227	31203	36596	29863	106801	10903	95733	59811	11452	88564	67378	55395	37800	20422	51191	67793	54599	37536	35722	78832	56715	58290	15022	56568	44444	66423	41636	87787	52500	69776	46294	49504	15550	18965	26211	53984	78457	41206	61024	44181	39592	31832	62682	26907	8894	44157	45093	83262	70591	90080	59329	65914	20330	50404	37071	26082	61838	56554	61910	10584	
47653	60177	95305	29523	84360	73919	74995	80208	36759	54212	42334	15760	57973	103054	74616	61976	67892	68966	64808	52933	32340	0	82972	77299	60072	65432	41272	39003	49543	77167	66191	25933	13387	34855	53099	53768	44962	40383	13937	23666	45354	48353	20775	43696	54991	56597	110934	46275	33818	51290	44520	8700	114724	22556	103657	79898	28325	96488	75302	24284	6690	40784	59115	75717	74686	57624	40416	86756	25604	66214	26201	64492	52368	73995	31509	95711	68790	77700	63825	57428	18223	23250	46573	61908	86380	35979	40702	62322	22634	52957	82769	19849	38930	53824	42975	91186	53248	98004	67253	73838	52116	33446	55213	35749	81925	64478	69833	28914	
60293	33458	27398	54750	25313	16136	8122	32298	52528	33054	54402	77800	82871	35848	53955	79901	24824	81641	77255	42142	75048	82972	0	33165	68699	19594	54540	84752	44763	86471	85478	59494	87779	49824	71316	93351	53600	61522	93044	60042	30411	75566	85072	76951	82204	23129	23315	42593	56840	78504	43533	75263	30340	74807	17728	95155	80577	33402	20694	94211	76617	67998	33830	41421	83990	76826	47992	25160	77128	29542	63532	16457	41170	82621	57604	56231	77416	48942	69934	38401	80445	61490	73786	26747	50101	53477	40085	72570	63808	66276	92073	69432	74481	62451	40289	8483	22421	29858	26286	43154	82902	53891	65461	56889	67359	53807	41316	67752	
31560	38141	64768	49077	16750	40781	35661	9340	46856	29770	36842	72127	54138	37673	22315	51168	9294	45660	43246	26936	69375	77299	33165	0	21485	24175	36384	78851	27395	44676	56438	53593	81877	43922	42276	87450	31311	40508	87143	54141	47047	69665	79171	71050	64030	48418	29064	36184	50939	46162	30667	69362	49498	68905	36886	55059	74676	20668	13404	88310	70716	48278	21482	8256	40925	47785	42091	21229	82417	11190	57630	33698	35189	26816	51703	23066	31608	15777	31814	18659	74543	55589	54067	19566	16935	47575	45374	34970	57906	37235	43968	63531	68579	28512	42417	42180	54941	67247	35006	14686	77001	59180	36420	40799	34194	20918	14178	61851	
12889	44107	80917	51148	41101	59531	60607	30825	48926	39823	20763	64532	34023	59516	15624	27562	28214	23309	21472	30007	50405	60072	68699	21485	0	39598	23944	48834	29786	25752	32564	36682	84181	46226	18402	51762	20689	24852	89446	48596	55820	35267	81475	39181	40156	71900	52665	38487	29269	22400	27143	52254	72637	71209	60025	34436	76980	39202	43213	90613	73019	26506	28387	14373	17492	23911	31072	42036	74228	22084	59934	49692	37493	15009	40684	16642	9805	12147	6020	18107	76847	36829	32295	35266	16050	36557	54148	11392	46888	18571	32582	46333	40299	8248	44721	76385	63714	83204	52453	6805	45132	67953	10908	25143	22808	18714	13627	64155	
31719	15649	42276	37210	28871	17982	18165	27197	34989	11245	36863	60260	54297	51127	46490	51328	14881	53067	48682	13100	57508	65432	19594	24175	39598	0	36879	67092	15924	57720	56728	41834	70118	32163	42566	75690	32031	43862	75384	42382	24555	57906	67412	59291	64544	33452	39242	24933	39180	46452	19195	57602	61476	57146	50408	66404	62917	42772	11554	76551	58956	50337	14385	32431	55239	48075	30332	33632	59926	18173	45871	8271	23510	53871	39944	47241	48666	38279	41184	18956	62784	43829	56126	8698	41110	35816	22883	43820	39626	37526	63323	51772	56820	33700	23087	37937	32450	44755	12515	34417	65242	36689	36711	39228	61669	25057	21871	50092	
11518	31630	66758	17175	55813	45372	46448	51660	10829	25664	6199	41690	35045	74507	38482	34069	39345	35808	31422	24386	31237	41272	54540	36384	23944	36879	0	39858	17779	40088	39095	17508	51244	10307	23810	42787	8827	9037	54502	29421	38856	28821	46530	30206	35459	54936	79170	14012	10095	26484	11677	33080	82960	36265	71892	48772	42035	55194	43538	57314	39719	21252	24115	29049	37607	30443	11202	54992	54358	34450	24990	32728	20604	37860	20814	41090	32656	31031	27690	23609	41903	17654	27041	30143	39712	16687	37183	26188	27018	15962	45690	27158	26049	17690	20754	59421	46750	66239	35489	27170	36157	37830	19078	5969	44846	17014	23165	29211	
40273	61842	96970	40491	86025	75584	76660	81873	38424	55877	34552	56758	31749	104719	71823	40396	69557	47386	46000	54598	12472	39003	84752	78851	48834	67092	39858	0	51018	56367	45391	37177	53012	41279	35401	16085	39735	29246	33868	38569	72095	17605	24774	11243	24657	88176	112410	47750	30177	33592	45995	37047	116200	19427	105132	59098	11272	97963	76778	61919	44324	22810	60591	77193	53886	39925	45121	88232	63239	67689	24932	65967	53843	65711	51035	72615	61582	79175	48683	58903	21269	28364	22184	63383	69472	50606	70423	46569	48991	34221	61969	36306	13792	45663	54492	92661	79990	99479	68728	75313	12885	59803	39460	34700	61125	65954	71309	21671	
18170	20171	56981	21321	34569	35595	36671	30417	19099	12981	24161	44371	41697	53263	44323	41516	18101	43255	38870	5983	41619	49543	44763	27395	29786	15924	17779	51018	0	47324	46332	26273	54557	16602	32170	60130	18532	28301	59823	26821	32256	42345	51851	43730	53924	48336	43052	11670	23619	36056	4847	42041	76360	41585	65292	56008	47356	46582	19561	60990	43395	34776	6521	19492	44843	37679	14771	36850	57927	14164	30310	26127	13929	43475	24383	45894	38270	27883	30788	7885	47223	28268	40565	11615	36563	20255	30583	33424	30586	27130	52927	36211	41259	23304	21156	52821	40150	59639	28888	24021	49681	35000	26315	23667	51273	12060	12795	34531	
29039	61878	98689	61529	59178	77303	78379	54002	57410	57595	35375	84723	25574	77593	24386	12320	59897	7898	12105	47779	57079	77167	86471	44676	25752	57720	40088	56367	47324	0	12312	54560	84636	48227	22075	46924	36769	37831	80679	62904	73506	37203	72708	46185	28049	89586	71752	56173	44323	23121	44829	66472	91724	62442	79112	8684	62667	58289	60899	95082	77487	33510	46073	40123	7093	18764	47152	61123	90308	51847	49266	67378	55179	18283	56764	25187	19306	34749	21038	45567	68080	54473	33692	52952	31800	52637	71834	17921	62968	27351	9238	60641	47303	32205	62407	94071	81400	100890	70139	34693	42711	85639	20629	41223	13698	36400	44082	54857	
28046	60886	97696	50553	70522	76310	77386	65778	46435	56603	34383	73748	14599	88938	39564	6834	58905	9687	13741	46787	46104	66191	85478	56438	32564	56728	39095	45391	46332	12312	0	47245	77321	47476	19892	39609	35818	32839	73364	55589	72555	29888	65393	38870	20735	88635	83439	55222	37008	15807	43878	59157	116659	55127	105592	13998	55352	69630	59948	87767	70172	26195	45122	49015	21637	12003	46201	72464	89087	50896	41951	66427	54228	33462	56351	40366	29333	41423	27712	44616	60765	47158	26377	52001	43141	51686	70882	22707	61637	24419	19135	53326	39988	31254	61456	93120	80449	99939	69188	39646	35396	72449	22087	41530	28876	35449	43131	47542	
24256	36584	71712	6356	60767	50326	51402	56615	11277	30619	18937	25334	38236	79461	51220	42240	44299	49230	45071	29340	27778	25933	59494	53593	36682	41834	17508	37177	26273	54560	47245	0	36390	7597	32535	43346	21565	16986	29068	9228	47118	29380	37476	30765	36018	63199	87433	17878	10654	32318	21018	18109	91223	27210	80155	60925	32981	72986	51801	42822	25228	21811	35614	52216	55713	38651	13751	63255	44142	42712	15935	40990	28866	50598	12119	53828	45393	54198	40428	33926	32848	9081	27600	38406	62879	11318	32461	38925	14392	29793	63797	6965	25947	30428	18314	67684	55013	74502	43751	50336	36716	25205	31816	12353	62952	40977	46332	20156	
58325	57635	99997	35139	89051	78611	79687	84899	47099	58903	52674	18745	68313	107746	98719	72316	72583	79306	75148	57625	46488	13387	87779	81877	84181	70118	51244	53012	54557	84636	77321	36390	0	40468	63439	68056	53022	50723	21890	29279	56544	58693	30130	54036	65331	66550	115857	50781	44158	61630	49442	19040	119647	36844	108579	90238	42613	101410	80225	13966	13156	51124	64038	80640	85026	67964	46029	91679	15499	71136	36541	69414	57290	98214	37122	100634	93010	82622	85527	62350	32512	33590	56913	66830	91303	41592	51893	72662	33824	63297	93109	30709	49270	78044	48588	96108	64439	102926	72175	78761	62456	36076	65553	46089	92265	69401	74756	39254	
19721	26913	62042	7324	51096	40656	41732	46944	9360	20948	17518	29422	38467	69791	60763	42471	34628	49461	45303	19669	31880	34855	49824	43922	46226	32163	10307	41279	16602	48227	47476	7597	40468	0	32695	43506	15751	15496	37922	12666	37497	29540	41647	30925	36178	53577	77811	10104	10814	32478	11397	26963	81601	31381	70534	61085	37152	63365	42179	46835	29241	21971	25992	31855	45690	38811	5978	53633	48155	33091	20106	31369	19245	45943	12541	51849	40739	33838	35773	24305	37019	18064	27760	28785	42518	8414	35825	34271	18405	29953	53773	13239	31055	25773	15410	58063	45392	64881	34130	29976	36876	29217	27161	10862	52929	19820	25971	24327	
13156	46724	83534	35870	62107	62149	63224	51616	31751	42441	18781	60656	13805	80522	30025	14887	44743	17859	12085	32625	33012	53099	71316	42276	18402	42566	23810	35401	32170	22075	19892	32535	63439	32695	0	38815	20872	14950	60270	42494	58390	19959	52298	25776	19941	74470	69274	33525	23913	5561	25481	46062	102494	42032	91427	30740	46700	60995	45784	74672	57078	13101	30957	34850	19575	7791	31256	63073	75992	36731	28857	52262	40063	29390	40868	32620	18904	36833	18251	30452	47670	34064	15630	37837	33487	36740	56718	13053	47071	7415	27658	40231	26893	17090	40266	78956	66285	85774	55023	25482	31726	57884	8818	19928	26814	21284	28967	34447	
43201	70441	105569	46681	94624	84183	85259	90471	42563	64475	37480	65357	25958	113318	66031	34604	78156	41594	40208	63197	26013	53768	93351	87450	51762	75690	42787	16085	60130	46924	39609	43346	68056	43506	38815	0	42616	32127	48685	47152	80678	18166	39591	18411	18839	96758	120992	56333	33058	33383	54578	50720	124782	34244	113715	53281	26089	106546	85360	76875	59280	25692	69173	68807	48069	36226	47307	96814	78195	76272	33514	74550	62426	59893	52402	66798	55765	70789	54143	67486	36086	36947	22124	71966	69572	51601	79006	49138	57574	37102	56152	44889	22374	48544	63075	101244	88573	108062	77311	66928	7068	68386	42341	37581	55308	52739	62923	30253	
8263	30689	65818	19878	51142	44432	45508	40651	16083	24724	6138	43263	31789	65392	35226	30813	30230	32553	28167	22090	35295	44962	53600	31311	20689	32031	8827	39735	18532	36769	35818	21565	53022	15751	20872	42616	0	9725	59179	26728	41504	26427	51207	29790	37637	57584	55207	17054	14142	23257	9214	37128	85608	40942	74540	45545	46712	50233	30792	60897	43302	17666	19109	24088	34380	27216	14785	49006	57941	24883	29667	35376	23252	34634	24397	37864	29429	26071	24464	18603	46580	21702	23455	23770	34752	20270	39831	22961	30601	14331	42464	31206	30096	14463	23796	62069	49398	68888	38137	22209	35741	41413	15852	10016	41620	10978	18205	33887	
12426	38612	73740	20321	62795	52355	53430	49848	14552	32647	4538	42320	23830	81490	39390	27834	46327	34824	30666	31368	23096	40383	61522	40508	24852	43862	9037	29246	28301	37831	32839	16986	50723	15496	14950	32127	9725	0	43518	28900	49211	18209	45880	19594	23195	65292	64385	24866	9676	17994	17232	32559	93316	35614	82248	46602	41385	59412	53894	64621	47027	8988	28287	33267	35975	24328	19463	58184	65941	34061	18038	43083	30959	38754	26093	41984	33550	35249	26670	27781	41252	17133	14777	32948	42851	24948	47539	24556	31379	12208	44059	26637	16950	18584	31608	69777	57106	76595	45844	31387	25545	42191	17447	5447	43215	20157	27383	23629	
50788	70134	105262	32658	94317	83876	84952	90164	46716	64169	45468	28364	64296	113011	103984	68360	77849	75350	71191	62890	27344	13937	93044	87143	89446	75384	54502	33868	59823	80679	73364	29068	21890	37922	60270	48685	59179	43518	0	26801	55320	51488	8733	34546	57343	66564	120913	56254	36953	54425	54498	12120	124703	17559	113635	83033	23328	106466	85281	37475	19397	43919	69094	85696	77820	60758	43551	96735	39008	76192	32142	74470	62347	77130	34644	105690	71925	87678	66960	67406	13227	26385	49707	71886	96359	39113	50668	65457	32600	56091	85904	22983	31530	56959	46109	101164	63214	107982	77232	83817	45571	43412	58348	38884	85060	74457	79812	23051	
36170	28051	72260	7402	61315	50874	51950	57163	25366	31167	30850	18233	46580	80009	63133	50584	44847	57574	53416	29888	29170	23666	60042	54141	48596	42382	29421	38569	26821	62904	55589	9228	29279	12666	42494	47152	26728	28900	26801	0	33142	37677	32456	33020	44315	44385	88130	20438	22335	40614	21716	15849	91920	28580	80853	69222	34350	73683	52498	35721	18127	30108	36311	52913	64010	46947	16312	63952	37041	43410	17305	41688	29564	70488	12466	72907	65283	54895	57801	34624	34218	11767	35896	39103	63576	13878	28490	50839	10422	41473	72093	6045	28254	50317	20874	68381	41036	75200	44449	51034	41440	21234	43730	24266	71249	41674	47029	21526	
47941	9677	43480	29351	51743	14972	21285	50069	40177	19930	42051	38125	70519	72806	70358	67550	37753	69289	64904	25916	62696	45354	30411	47047	55820	24555	38856	72095	32256	73506	72555	47118	56544	37497	58390	80678	41504	49211	55320	33142	0	62153	71658	63538	68791	11244	58541	22586	43427	65090	30120	44354	62331	61393	51264	80059	67163	56396	34482	56197	42686	54584	33349	49951	68894	61730	34579	48154	43864	41102	50118	16389	17653	67526	29834	69945	62321	51933	54839	36351	67031	48076	60372	28052	60614	23669	6099	57475	23564	51180	76978	39325	61067	47355	16779	38792	7894	45611	18015	48072	69488	20627	50365	43475	75324	38712	44067	54339	
26706	52656	87785	32715	76839	66399	67474	72687	28596	46691	23514	55909	16237	95534	56310	24883	60371	31873	30487	45412	23002	48353	75566	69665	35267	57906	28821	17605	42345	37203	29888	29380	58693	29540	19959	18166	26427	18209	51488	37677	62153	0	42379	7953	9154	79332	103566	38907	19139	16433	37151	41288	107356	30531	96288	43595	28877	89119	67934	69898	52304	9162	51747	54888	38383	22766	33388	79388	71218	58845	24083	57123	45000	50208	38483	57112	46079	56870	35116	50059	33838	29290	6204	54539	52313	37682	61579	31879	43768	20654	46466	35458	13692	32096	45648	83817	71146	90635	59885	43928	11583	54581	25893	23662	45622	36290	49004	22696	
55068	62162	97290	40811	86345	75904	76980	82193	38744	56197	47831	35203	55202	105039	96012	60388	69877	67378	63219	54918	22485	20775	85072	79171	81475	67412	46530	24774	51851	72708	65393	37476	30130	41647	52298	39591	51207	45880	8733	32456	71658	42379	0	36156	48249	88437	112671	48012	38993	50262	46257	18818	116461	12708	105394	78870	14234	98225	77039	41739	26095	39756	60852	77454	73658	56596	45383	88493	43272	67951	23901	66229	54105	95029	40191	97448	89824	79437	82342	59165	8376	28654	45545	63645	88117	50867	70685	68283	38147	50891	81741	29681	29039	74858	54754	92923	80252	99741	68990	75575	36477	48960	61174	42099	80897	66215	71571	19782	
30620	54041	89170	34100	78224	67784	68859	74072	29981	48076	24899	51253	23137	96919	53719	33865	61756	40855	36697	46797	11909	43696	76951	71050	39181	59291	30206	11243	43730	46185	38870	30765	54036	30925	25776	18411	29790	19594	34546	33020	63538	7953	36156	0	16054	82670	106904	42245	20524	23939	40490	36632	110694	19438	99627	52547	22515	92458	71272	65242	47647	13158	55085	56273	47335	30273	34773	82726	66562	62184	19426	60462	48338	59159	39868	58952	45236	58255	39030	53398	22746	22859	12532	57878	59819	39067	64918	36917	43485	24568	55418	30801	6764	36010	48986	87156	74485	93974	63223	54394	11514	54298	29807	25047	54574	40205	50389	16165	
30208	59294	94422	39353	78114	73037	74112	73370	35234	53329	26712	62547	7083	96530	47156	15730	66497	22720	21334	54379	34155	54991	82204	64030	40156	64544	35459	24657	53924	28049	20735	36018	65331	36178	19941	18839	37637	23195	57343	44315	68791	9154	48249	16054	0	85970	87539	45544	25777	14543	42533	47926	113994	41655	102926	34441	34617	77222	64048	76536	58942	14608	48375	53115	29229	19595	40026	80056	77856	54149	30721	63761	51638	41054	45121	47958	36925	49015	35304	47869	44614	35928	10743	56101	50733	44320	68217	30299	50406	24468	37313	42096	21794	35354	52286	90455	77784	97273	66522	47239	14661	61219	29679	30300	36468	39549	47231	38382	
64021	20921	36198	40595	48031	7689	14003	48647	56257	36783	58131	49369	86599	65524	86438	83630	39124	85370	80984	37160	78776	56597	23129	48418	71900	33452	54936	88176	48336	89586	88635	63199	66550	53577	74470	96758	57584	65292	66564	44385	11244	79332	88437	82670	85970	0	51259	33829	60445	82109	47139	55597	55049	78412	43981	91303	84182	56124	34994	65046	53930	71603	44592	61194	80138	72974	51597	47883	52712	44746	67137	18378	28897	78769	41078	81188	73565	63177	66082	47595	84050	65095	77391	35065	71858	34912	17343	68718	34808	62424	88221	50568	78086	58599	28023	31510	4389	38328	24483	59315	86507	31870	61609	60494	86567	49955	55311	71357	
58825	61420	28331	82713	14154	44261	31026	21139	80491	61017	60802	105762	81403	17946	49434	78434	27244	72779	75788	42595	103011	110934	23315	29064	52665	39242	79170	112410	43052	71752	83439	87433	115857	77811	69274	120992	55207	64385	120913	88130	58541	103566	112671	106904	87539	51259	0	51775	66530	73514	46258	84953	20630	84496	11246	82089	90267	20626	27427	103901	86307	77687	37073	40616	67956	75138	57682	11168	105132	32846	73221	38295	50780	53847	67294	50096	58639	42807	58844	41644	90134	71180	83476	35157	43800	63166	68089	62001	73497	64588	70999	79122	84170	60763	68293	20411	51276	33151	54289	47046	92592	81895	63773	66578	61224	48643	46539	77442	
20915	13089	54811	14841	43358	33425	34501	39205	15832	13718	17601	34916	44442	62052	53025	50217	26890	51957	47571	11834	38351	46275	42593	36184	38487	24933	14012	47750	11670	56173	55222	17878	50781	10104	33525	56333	17054	24866	56254	20438	22586	38907	48012	42245	45544	33829	51775	0	19788	41452	10814	38211	73936	37755	62868	64962	43525	55624	34514	54633	37038	30946	18252	34854	53797	46633	6765	45893	48633	25351	26480	23703	9433	52429	14583	54848	47224	36836	39742	21254	43393	24438	36734	20657	45517	10456	20000	42378	20473	27050	61881	21851	37429	32258	8057	50397	30512	57215	26465	32975	45850	24646	35269	19837	60227	23615	28970	30700	
16843	33930	69058	13989	58113	47673	48748	53961	9870	27965	11524	35988	27999	76807	43807	32003	41645	38993	34834	26686	20227	33818	56840	50939	29269	39180	10095	30177	23619	44323	37008	10654	44158	10814	23913	33058	14142	9676	36953	22335	43427	19139	38993	20524	25777	60445	66530	19788	0	22059	18440	26005	88644	29060	77577	50667	34831	70408	49222	58067	40473	11553	33035	36176	45454	28392	14677	60676	59387	40134	12770	38412	26288	43196	19772	46426	37991	38159	33996	31348	34698	10579	17341	35828	47293	18970	42868	31882	25057	19534	53538	20083	15954	23026	26937	65106	52435	71924	41173	34297	26457	35869	24773	4951	52694	24598	30293	18360	
15829	55594	90722	35652	65993	69336	70412	55502	31534	49629	21511	58847	8407	84409	33321	10802	48629	17792	13633	36511	31203	51290	78504	46162	22400	46452	26484	33592	36056	23121	15807	32318	61630	32478	5561	33383	23257	17994	54425	40614	65090	16433	50262	23939	14543	82109	73514	41452	22059	0	28154	44253	106380	40224	95312	29232	49160	64881	49669	72863	55269	11292	33996	38736	24020	6958	36354	66958	74183	39769	27048	56147	43949	35844	41448	35637	21921	40718	22249	33490	45862	32255	13821	41722	36504	40647	60603	16070	46734	10089	32103	38423	25084	20975	42940	82841	70170	89659	58909	32807	29204	57546	12816	26627	31259	25169	32852	32638	
12871	20623	55752	16298	37840	34366	35442	33688	14076	14658	13649	39348	36398	56535	41681	38873	21372	40612	36227	8792	36596	44520	43533	30667	27143	19195	11677	45995	4847	44829	43878	21018	49442	11397	25481	54578	9214	17232	54498	21716	30120	37151	46257	40490	42533	47139	46258	10814	18440	28154	0	36597	74583	36141	63516	53750	41911	49852	22831	55545	37951	29332	11376	23629	42585	35421	9327	40120	52483	19578	24866	24351	12227	41217	18938	43623	36012	25612	28530	11766	41779	22824	35121	14884	34292	14811	28807	31166	25142	19470	50669	30766	35815	21046	16434	51045	38374	57863	27112	21750	44236	33022	24057	18223	49015	11594	17746	29087	
39828	52353	87481	21699	76535	66095	67171	72383	28934	46387	34509	16245	50148	95230	66792	54152	60067	61142	56984	45109	29863	8700	75263	69362	52254	57602	33080	37047	42041	66472	59157	18109	19040	26963	46062	50720	37128	32559	12120	15849	44354	41288	18818	36632	47926	55597	84953	38211	26005	44253	36597	0	106900	20738	95832	72073	26507	88663	67478	29486	11892	32960	51291	67893	66861	49799	32591	78932	30806	58389	18377	56667	44544	66170	23685	87887	60966	69875	56001	49603	16406	15426	38748	54083	78556	28154	39709	54498	21641	45132	74945	12024	31106	46000	35150	83361	52255	90179	59429	66014	44292	32453	47389	27925	74101	56654	62009	21089	
92046	65210	20623	86503	34588	48051	37727	41573	84281	64807	86155	109552	114623	34171	69406	111654	45185	113394	109008	54170	106801	114724	30340	49498	72637	61476	82960	116200	76360	91724	116659	91223	119647	81601	102494	124782	85608	93316	124703	91920	62331	107356	116461	110694	113994	55049	20630	73936	88644	106380	74583	106900	0	106049	13889	102191	111819	42776	45387	125453	107859	99240	55034	60718	88058	108068	79235	34534	108370	50807	94774	53077	72413	73948	88846	70198	78741	62909	78946	59605	111687	92732	105029	53117	63902	84719	71328	82103	95050	97518	91101	100674	105723	93693	71532	25707	54514	18757	57528	67148	114144	85133	96703	88131	81326	85050	61419	98995	
44802	51896	87025	30545	76079	65639	66715	71927	28478	45931	37565	37090	49855	94774	85746	50122	59611	57112	52954	44652	10903	22556	74807	68905	71209	57146	36265	19427	41585	62442	55127	27210	36844	31381	42032	34244	40942	35614	17559	28580	61393	30531	12708	19438	41655	78412	84496	37755	29060	40224	36141	20738	106049	0	95269	68745	8155	88100	66915	45610	28016	29631	50728	67330	63533	46471	35258	78369	46930	57826	13776	56104	43981	84904	36421	87324	79700	69312	72217	49040	5765	18530	35420	53520	77993	40743	60560	58159	39156	40767	71617	26472	16288	64734	44629	82798	70127	89616	58865	65451	27724	49969	51049	31975	70772	56091	61446	7943	
80978	54143	20999	75435	21976	36984	25115	28961	73213	53739	75088	98485	103556	24787	56794	100587	32573	80139	97941	41558	95733	103657	17728	36886	60025	50408	71892	105132	65292	79112	105592	80155	108579	70534	91427	113715	74540	82248	113635	80853	51264	96288	105394	99627	102926	43981	11246	62868	77577	95312	63516	95832	13889	95269	0	89579	101265	30164	32775	114899	97305	88686	42422	48106	75446	97514	68680	21922	97816	38195	84220	42523	61858	61336	78292	57586	66129	50297	66334	46993	101133	82178	94474	40505	51290	74165	60774	69491	84496	86964	78489	90120	95169	83139	60978	13095	43960	25781	46974	54536	103590	74579	86149	77577	68714	74496	48807	88441	
37723	70563	107373	64260	69560	85987	87063	64384	60141	66279	44059	87454	28306	87976	34768	18020	64353	14347	19546	56463	59811	79898	95155	55059	34436	66404	48772	59098	56008	8684	13998	60925	90238	61085	30740	53281	45545	46602	83033	69222	80059	43595	78870	52547	34441	91303	82089	64962	50667	29232	53750	72073	102191	68745	89579	0	69059	68265	69583	101473	83879	39902	54757	50099	15777	25710	55836	71099	102793	60531	55658	76062	63863	28259	65448	35163	27990	44597	29722	54251	74472	60865	40084	61636	41776	61321	80518	26605	71652	38126	11308	67033	53694	40889	71091	102755	90084	109574	78823	43377	49102	94323	29313	49907	22199	45084	52766	61248	
50573	57667	92795	36316	81850	71409	72485	77698	34249	51702	43335	42859	41700	100544	91517	50347	65382	57337	55951	50423	11452	28325	80577	74676	76980	62917	42035	11272	47356	62667	55352	32981	42613	37152	46700	26089	46712	41385	23328	34350	67163	28877	14234	22515	34617	84182	90267	43525	34831	49160	41911	26507	111819	8155	101265	69059	0	97870	76685	51563	33968	39401	60498	77100	63837	56241	45028	88139	52882	67596	23546	65874	53750	94674	46191	97094	89470	79082	81987	58810	10912	28300	33456	63290	87763	50513	70330	67929	43581	50537	71921	36242	17934	74504	54399	92568	79897	99386	68635	75221	22836	54393	60819	41744	71076	65861	71216	13358	
50546	56225	46812	68266	13627	47916	41113	12470	66044	49650	55828	91316	71086	18759	35971	64625	23643	59315	56902	46124	88564	96488	33402	20668	39202	42772	55194	97963	46582	58289	69630	72986	101410	63365	60995	106546	50233	59412	106466	73683	56396	89119	98225	92458	77222	56124	20626	55624	70408	64881	49852	88663	42776	88100	30164	68265	97870	0	28932	105406	87812	67247	38579	27225	54565	61007	59188	9535	100597	28789	74727	42049	52286	40455	68799	36705	45247	29416	45453	37628	91640	72685	73036	36662	28331	64672	63554	48609	75003	56205	57608	80627	85676	49273	59514	35462	55515	56026	53186	33655	94097	77360	55390	68084	47833	39887	33147	78948	
35335	25519	52147	47081	19010	27357	22237	16799	44859	17149	36387	70130	57913	37704	35719	54943	4110	56683	52297	16716	67378	75302	20694	13404	43213	11554	43538	76778	19561	60899	59948	51801	80225	42179	45784	85360	30792	53894	85281	52498	34482	67934	77039	71272	64048	34994	27427	34514	49222	49669	22831	67478	45387	66915	32775	69583	76685	28932	0	79544	61950	53331	12717	21660	57945	50781	33326	21293	69796	9780	48865	18309	26424	40220	42937	36470	45012	29181	43890	17288	65778	46823	59120	8454	30339	38810	32753	46526	49496	40232	57372	54765	59814	36406	32957	28119	34229	54626	22385	23393	68236	46559	39417	42222	47598	24286	20203	53086	
64757	57381	106429	41571	95484	71169	86119	91332	56412	65336	66572	23704	78758	114178	105151	82762	79016	89752	85593	64057	55395	24284	94211	88310	90613	76551	57314	61919	60990	95082	87767	42822	13966	46835	74672	76875	60897	64621	37475	35721	56197	69898	41739	65242	76536	65046	103901	54633	58067	72863	55545	29486	125453	45610	114899	101473	51563	105406	79544	0	19605	61591	70486	87088	95492	78430	52477	98127	13571	77584	47008	75862	63739	104662	43570	107082	99458	89070	91975	68798	41299	47494	67379	73278	97751	48040	51546	94612	38783	72621	103576	37157	59737	84492	55036	102556	64092	109374	78624	85209	72923	35686	87502	55181	102732	75849	81204	49720	
47163	43870	88835	23977	77889	67449	68525	73737	38817	47741	48977	8279	61164	96584	87557	65168	61421	72158	67999	46463	37800	6690	76617	70716	73019	58956	39719	44324	43395	77487	70172	25228	13156	29241	57078	59280	43302	47027	19397	18127	42686	52304	26095	47647	58942	53930	86307	37038	40473	55269	37951	11892	107859	28016	97305	83879	33968	87812	61950	19605	0	43977	52872	69475	77879	60817	34864	80513	20905	59971	29394	58249	46125	87049	25957	89468	81845	71457	74362	51185	23685	29881	49766	55665	80138	30426	38051	76999	19983	55008	85963	19544	42123	66879	37423	84943	50597	91761	61010	67595	55310	30795	69889	37568	85118	58235	63591	32107	
