//--------------------------------------------------------------------------------------------------------------------
//-- données sur l'AISNE récupérés par le géocodeur (matrice symétrique)
//-- 
//-- C. Duhamel, P. Lacomme C. Prodhon - juillet 2009 : 4777 kg à collecter, flotte de capa 10000
//--------------------------------------------------------------------------------------------------------------------
180 4 999999 0 0 0
80 50 20 1
15 100 35 4.1
10 150 50 3.2
5 600 120 10.1
0   // la ville qui represente le depot
0	60452	9656	52784	13419	28925	88194	32122	87849	28124	25937	30274	42658	73567	61875	35780	61605	96041	28300	61350	38652	37838	47456	54600	65375	59156	23440	40697	132586	80342	38351	54324	50277	29058	62911	4940	53655	129938	18412	40148	22215	138227	54013	31617	59072	61672	17603	90339	124775	19251	49808	41777	62718	17016	22337	127090	54966	50565	21886	60738	48847	16486	134521	132936	33123	66397	28832	43113	68409	5493	83556	15626	92417	57998	17922	30082	30099	61249	48534	137190	35944	13435	99639	20615	38746	135176	27849	22373	61071	32824	33804	86586	22344	31527	77237	27312	24385	18142	122489	16322	28840	29176	36809	35334	44024	42149	66010	12693	55479	66434	46594	39057	58552	66126	151472	139251	25400	10707	35596	134070	87432	78723	19541	134058	145060	8137	26885	70015	21048	80397	52448	146841	68720	30001	65960	53451	18710	43498	20133	7790	53491	15018	71649	30811	49475	17067	81092	22073	22247	145714	28522	33973	65333	21875	10858	24016	49635	50549	55724	10186	19826	2378	32731	36857	16835	34526	49760	43235	63356	5405	57380	32767	58744	53783	149554	60053	18673	83546	14678	23167	46669	
60452	0	67994	20956	41513	22026	102932	40325	96233	41705	36773	45012	89198	33693	8023	82320	46466	28589	38682	4258	33607	90148	95820	26920	80112	14329	23805	87237	41787	88726	38673	6116	92518	40553	68566	53267	11003	39139	40257	21736	48227	47428	10403	30678	5637	95362	58721	28706	47664	42203	45860	47250	10479	46878	52424	41216	10179	13827	58221	66211	97211	59783	43723	42138	89632	81134	72128	91477	58754	54361	20784	59341	40179	92566	54257	31281	80614	75987	20411	42823	85499	49770	39270	65416	46855	40961	92208	65063	51416	81188	30197	34347	70341	78067	91974	89867	72382	73042	34789	54715	38057	75716	85173	81874	58761	93493	13772	70930	10646	96479	52067	85597	30851	20479	60627	37070	73397	65608	82136	43272	27064	93460	68526	43259	54262	54861	74882	84752	75310	20038	17120	56042	16482	20087	80697	14462	52913	94712	27111	49146	22810	69543	80033	73598	54948	39688	95829	69112	59552	54916	93607	90483	5536	65171	70126	40270	55108	10299	65897	46078	76336	58041	31648	24904	64110	87500	14866	103212	11118	61130	3655	95323	73481	26465	58755	7815	50586	31308	44515	42021	95033	
9656	67994	0	61905	32004	38046	78894	40322	79045	37244	35058	38474	35585	81767	70996	28707	69805	105161	37421	70471	40199	30868	40486	61010	52329	68276	36029	33624	140785	71539	44659	63445	43307	37258	54107	18853	62776	138137	26723	49269	26875	146426	63134	40737	68192	54703	14047	99460	132974	28371	61266	53235	71838	21763	25688	135290	64087	59686	20055	61071	41877	9414	142721	141136	26153	48144	21759	36143	76609	17227	92677	18210	101538	51028	21641	39203	23130	46055	57655	145390	28974	17154	108760	13542	46946	143375	20776	15301	69270	25854	42925	95706	12993	24454	62991	20239	15034	7122	106682	14457	37960	22103	29839	28261	35605	35179	75131	3104	64600	59465	58053	31984	67672	75246	159672	111982	16048	2598	28523	142270	96553	58482	9746	142257	153260	13869	17534	56131	14078	89518	61568	155040	77841	40062	55251	62572	23369	36528	32722	16614	62612	8049	62845	30760	60933	26187	71791	15000	20004	153914	21449	27004	74453	14802	3888	33137	61093	59669	46921	19307	12857	12249	41852	45977	9763	27556	58880	36266	72477	8387	66501	25695	45698	57168	157753	69174	24179	92667	22750	32288	39700	
52784	20956	61905	0	33886	34611	115571	52965	108873	54345	27679	57651	81571	47570	13826	74692	60343	46777	26824	19135	21028	82521	108460	41116	92751	31174	36390	79610	52884	101366	51313	20421	105157	53193	81206	44015	27848	50235	31163	34376	60867	58524	24709	43318	25628	108002	51094	41076	63995	34576	67921	59890	14669	59518	65064	57547	15117	13961	47669	78851	109851	52155	54819	53234	79396	93774	64501	104116	72631	46679	38136	71981	27669	105206	46630	23654	72986	88626	4528	59086	77872	42143	41981	57789	59495	55473	66762	57435	65293	93828	22181	21838	62714	70440	104614	69837	64755	60188	52141	47088	50697	68089	97847	74247	71401	106133	9029	63248	24039	109119	64707	77970	8430	37323	52032	53598	65769	57925	74509	54368	35975	106100	60900	54356	65358	54035	67255	97392	73198	31134	12074	62762	7560	32673	93337	9416	65552	87085	39697	41519	3963	63705	92673	86238	67152	35471	108469	61485	51734	60845	64592	83682	17284	57544	62443	29600	67748	11610	78537	38451	72211	50359	19069	37544	56483	100140	30404	88657	12894	53448	18900	75292	86121	7912	69852	16767	40379	18798	36888	54661	107673	
13419	41513	32004	33886	0	19706	99507	34824	99161	27235	6976	41587	51743	52952	34410	44865	72918	66286	9339	37553	19690	52694	70681	47229	76687	47956	17333	49782	75992	91654	33172	34122	73501	40370	74223	11837	40579	73344	8468	29633	27524	81633	33811	25730	42122	91937	21267	64185	85361	3265	49780	41749	36235	20641	33650	78913	30020	31604	20766	60710	72072	22328	77928	76343	49569	77710	34674	66338	79721	13181	58481	31046	64294	81223	16802	11121	43159	72562	29573	80520	48044	12315	73485	27961	41355	78582	36934	27608	72383	56049	14843	58463	32886	40612	88549	40009	34927	30360	72486	17261	26798	38261	60068	44419	55336	62030	36235	29469	35277	93054	46567	48142	39590	54105	94832	76706	35942	27447	44681	77477	61278	90035	31072	77464	88467	23557	37427	81327	43370	54243	33487	90247	38945	23895	77272	34490	30022	57257	14027	9557	34530	33228	74532	46231	49012	6397	92404	31657	21906	89121	34764	53855	39330	27716	27634	5055	49607	31587	67037	6489	42383	19881	13770	29981	26655	57750	36684	58829	36003	22970	37840	45465	70056	34822	92960	34317	13132	55423	6274	22279	68496	
28925	22026	38046	34611	19706	0	86155	23548	79456	19449	22578	28235	66078	30802	23474	59200	47182	57639	24487	22948	25034	67029	69030	25556	63335	24406	3259	64118	63745	71949	18623	15890	71850	23776	51789	20873	18905	61097	26062	7960	25971	69386	15579	11375	20638	78585	44526	51938	74857	28008	38504	30473	24316	19683	30168	68409	16565	20481	44026	49434	70421	39907	65681	64096	58153	64358	52253	64687	59470	22881	45155	37085	54016	75789	40062	14735	56037	59210	34248	69947	62379	35575	61238	48985	30079	66335	51269	49345	52131	54398	16002	48184	45765	54947	75197	58080	47806	41563	59160	40521	17855	52597	58417	58755	41984	66703	27609	39451	17045	79702	35290	62477	44688	31376	82585	64459	48820	34128	59017	65230	49031	76683	42963	65217	76220	27666	50306	67975	46078	41996	22364	78000	30319	2221	63920	28299	26763	71592	5847	25590	36647	39908	63256	56821	37736	14838	79052	45494	45166	76874	61820	59003	26931	45296	38646	26075	38331	19786	49120	25671	44856	26561	19114	13050	40256	60710	15010	68265	24955	29650	18947	63535	56704	40302	80713	21348	36391	45145	30320	19765	68243	
88194	102932	78894	115571	99507	86155	0	62016	7570	64857	102866	60961	84646	74967	103855	92080	72938	162795	105229	103330	115581	68021	48629	88797	22688	101135	94129	73556	156819	15252	72548	96304	35426	63255	34564	86812	95635	154170	101939	82128	63068	162459	95993	73596	101051	28096	110232	132319	149008	96180	63568	59161	104697	69107	58395	151323	96946	101746	112730	37598	43774	103180	158754	157169	69457	27020	115482	52240	59102	87365	146029	65313	134397	33504	108767	107011	73099	29656	114629	161423	72173	104280	170091	100434	54524	159408	89473	100793	66215	53292	110733	128565	78199	84800	14341	109528	74697	81416	146722	113521	67843	80007	54241	79768	44372	61890	107990	76707	97459	20752	57829	76550	125069	108105	175705	163484	81254	82410	89863	158303	129412	17733	78542	158291	169293	66926	82740	19750	65676	122377	103759	171074	110700	90411	20887	108680	61737	73681	89297	97518	117028	70860	23770	44250	57723	93996	8951	80975	113579	169947	113268	68203	107312	108568	74817	100945	50203	100167	36005	95205	67337	90379	109660	78836	102618	57498	91739	63972	105336	96210	99360	114984	29481	120683	173787	101729	105096	125526	99024	68165	56097	
32122	40325	40322	52965	34824	23548	62016	0	54206	8684	46112	7919	67462	29182	40391	60584	26343	74556	48475	39866	52069	68412	58727	22457	43019	35048	30665	65501	111340	46699	6207	32840	55425	3460	29446	30058	32171	108691	45185	18664	13180	116981	32529	10133	37587	58269	53478	68855	103529	39426	17665	9634	41233	22704	17376	85326	33482	38282	55976	28595	60118	46426	113275	111690	65287	44042	58728	54384	38631	30611	62072	24293	70933	55473	52013	41770	58878	38894	51165	86865	63763	47526	78155	43680	7735	113929	55116	44039	31292	44095	43037	65102	48605	56331	54881	52774	50646	49434	76077	56767	5831	53980	48114	60138	21668	56400	44526	40071	33995	59386	14451	63861	61605	39385	130226	81377	51660	43934	60400	112824	65948	56367	46791	112812	123814	26089	53146	47659	45668	58913	40295	125595	47236	26947	43749	45216	17865	72976	25834	40764	53564	39498	38006	36505	16896	27589	58736	47376	56825	124468	56514	69573	43849	51814	38236	44191	17492	36703	28862	38451	44446	33625	46149	15372	45865	50407	28276	66119	41872	39456	35896	58230	36388	57219	128308	38265	48342	62062	42271	11980	57940	
87849	96233	79045	108873	99161	79456	7570	54206	0	60324	98334	56428	85314	67397	94222	92747	65368	155226	100696	93697	111048	68689	49296	74678	19333	87269	84496	74223	149249	7683	62036	86671	36093	57236	26994	82280	86002	146601	97406	72495	58535	154890	86360	63964	91419	28763	105699	154335	141438	91647	55999	51591	95065	64575	53863	143753	87313	92113	108198	30028	44442	98647	151184	149599	70124	27688	110949	52907	51532	82833	138460	60780	124764	34172	104234	102479	73766	26300	104996	153853	72840	99747	162522	95901	46955	151839	107337	96261	58645	53960	106200	118933	78866	85467	15009	104996	75365	82083	139152	108989	59662	80675	54908	80436	43972	62557	98357	68479	87826	21420	50260	77217	115437	88521	168135	155914	81922	74181	90530	150733	119780	18400	79209	150721	161723	62393	83407	20417	66344	112744	94126	163504	101067	80779	15160	99048	57205	74349	79665	92986	107395	60332	16200	39717	50153	89463	13847	81642	109046	162377	108736	68870	97680	104036	66589	96412	42633	90535	29907	90672	68004	85847	105127	69204	98086	58165	82107	64639	95703	91678	89727	110451	24784	111050	166217	92096	100563	115894	94492	63632	56764	
28124	41705	37244	54345	27235	19449	64857	8684	60324	0	35530	4927	70170	38593	43130	63292	43068	77296	37892	42605	48244	51507	49581	29017	42161	40411	22350	68209	83402	57129	12666	35579	52402	5199	39698	21011	34910	80754	34602	21403	6523	89043	35268	12872	40327	57411	40247	71595	106237	28843	27076	19045	43973	9346	10719	88066	36222	41021	45394	38006	50972	49134	85337	83752	46792	43184	61436	45238	49871	22105	64811	17636	73673	60123	41430	39675	43768	38036	53904	89604	49613	36943	80894	46388	16014	85992	57824	46748	42533	34949	43396	67841	51313	59039	54023	55483	40249	40786	78817	38714	7877	56688	38968	62846	20811	47254	47265	33848	36734	58529	23862	66569	64345	47381	132935	84116	54369	33351	63108	84887	68688	55509	49499	84874	95876	20709	55854	46802	33605	61652	43035	97657	49975	29687	42747	47956	11208	57167	20395	30182	56303	27839	48436	29261	26308	21837	57878	50084	46534	96530	59223	47642	46588	54523	31958	33609	26903	39443	29945	27868	33495	25785	42324	18112	48573	41261	31015	56973	44611	28874	38635	60938	35531	59959	100370	41005	37759	64802	31688	3308	48794	
25937	36773	35058	27679	6976	22578	102866	46112	98334	35530	0	45176	54682	51573	29823	47804	76507	61700	2265	32966	13581	55633	73620	46326	80276	43369	19873	52721	71406	95244	43020	29535	76440	43960	77812	17127	39935	68757	3485	28730	37117	77046	29224	33926	37535	87836	24205	59598	80774	7687	59627	51596	31649	29011	37239	74326	25433	27017	18586	70558	75011	25267	73341	71756	52508	81299	37612	69276	83310	19790	53894	34636	59708	84161	15660	6534	46098	76151	23418	75933	50983	15254	68898	30900	53648	73995	39873	30547	75972	58988	10256	53876	35825	43551	92138	42948	37866	33299	67899	16362	36321	41200	63007	47358	58926	64969	31648	36359	30690	96643	56414	51081	33435	49519	90245	72120	38881	31036	47620	72890	56691	93624	34011	72878	83880	27146	40366	84916	46309	49656	28900	85661	34358	22992	80861	29903	33611	60196	17563	14630	28375	36817	86550	49821	58859	12371	95993	34596	21008	84534	37703	56793	34744	30655	35555	1921	59455	27001	70626	11562	45322	23470	8610	32022	29594	60689	35781	61768	31416	26559	33253	48404	73645	30658	88374	29730	9258	50837	6443	30649	71435	
30274	45012	38474	57651	41587	28235	60961	7919	56428	4927	45176	0	66457	37763	46096	59578	39354	80261	47470	45570	57821	52523	50598	31038	38265	43376	27277	64496	110334	53233	14788	38544	50671	5496	35802	29053	37875	107686	44179	24368	5526	115975	38234	15837	43292	53515	52472	74560	102523	38420	26246	18215	46938	12443	11735	104839	39187	43986	54971	35776	51988	45420	112270	110685	47808	39288	57723	46254	46158	29606	67777	18653	76638	50719	51007	49252	57872	34140	56870	114939	62757	46520	123607	42675	10630	112924	54110	43034	38819	35966	52974	70806	47600	55325	50127	51769	49641	48429	100238	55762	10710	52975	39985	59133	16915	48271	50231	39066	39699	54633	23032	62855	67310	50346	129221	117000	50655	42928	59395	111819	71653	51613	45785	111806	122809	25084	52140	42906	34621	64618	46000	124589	52941	32652	38851	50921	8931	71970	25322	39759	59269	28855	44540	31752	25478	26764	53982	46371	55820	123463	55509	48659	49553	50809	32974	43186	24673	42408	28615	37445	34512	32620	51901	21077	44859	42278	33980	57990	47577	38451	41601	57224	31635	62924	127302	43970	47337	67767	41265	8235	49811	
42658	89198	35585	81571	51743	66078	84646	67462	85314	70170	54682	66457	0	108477	104567	9858	96515	173472	57062	104042	64623	13979	34791	89509	63424	101848	64150	8462	167495	91465	73260	97016	50542	63968	74034	46974	96347	164847	51147	82840	59129	173136	96705	74309	101763	60622	37123	133031	159684	48477	84717	76686	105409	53896	47091	162000	77743	79328	46011	95647	38451	30071	169431	167846	17219	56769	27599	31441	103318	45349	106205	39612	135109	56947	46065	58845	14251	55818	77297	172100	12238	41578	180768	25763	73656	170085	16748	27521	95980	32676	62566	129278	23578	12489	68909	21923	20221	29129	157399	40412	68555	14316	29575	9854	55532	23764	83959	34404	98171	65384	81504	5570	87314	108817	186382	174161	18370	33674	8017	168980	130124	67509	26485	168967	179970	49158	16696	64756	26938	123089	81210	181750	86669	68183	67395	82214	55623	8314	60844	42576	82254	29876	82772	47374	83949	54309	77710	20388	38443	180624	25663	19437	108025	35459	36031	52778	84544	79311	66847	46123	25951	40370	61493	79548	28623	26318	92452	17780	106048	36508	100072	20981	56794	81592	184463	82041	48603	126238	47174	59658	26224	
73567	33693	81767	47570	52952	30802	74967	29182	67397	38593	51573	37763	108477	0	35374	101786	13771	40889	53441	31387	53988	109615	88618	6709	72909	19300	32583	106704	92516	59861	19774	27812	85315	33351	46981	71261	20720	89868	55016	23725	42463	98157	25224	27896	26757	88159	94681	42071	56336	80629	11652	25188	36216	50076	46659	53516	31875	34919	97179	37346	90009	87629	94451	92866	106490	73932	99931	84274	26059	71814	33083	53576	65916	85364	93216	43688	100080	68784	46148	55122	104966	88729	64493	84883	32262	53261	96318	85242	18721	73986	44956	60084	89808	97534	84772	93977	91849	90637	47089	97970	27102	95183	78005	101341	51559	86291	39509	81274	23860	89277	21563	105064	56588	21090	111402	49370	92863	85137	101603	94000	52286	86258	87994	93988	104990	67292	94348	77550	86871	41674	36932	106771	42219	28866	59703	40199	47148	114178	35890	81967	48547	80701	51168	66396	20241	54960	75081	88579	98028	105644	97717	110776	41297	93017	79439	85394	25326	33341	46726	79654	85649	74828	48067	24459	87067	80298	17132	115751	36855	80659	30147	99433	66279	52202	109484	33248	89545	57045	83473	45219	87831	
61875	8023	70996	13826	34410	23474	103855	40391	94222	43130	29823	46096	104567	35374	0	75161	49082	32739	31524	6405	26646	82990	97198	32261	81490	19671	25128	80079	41107	90104	40051	9159	93895	41931	69944	44484	18487	38459	33099	23114	49605	46748	13447	32056	15879	96740	51563	29300	51813	35044	56659	48628	2619	48256	53802	45366	6228	6669	51062	67589	98589	52624	43043	41458	79865	82512	64970	92855	61369	47147	24934	60719	33218	93944	47098	24122	73455	77364	13450	46972	78340	42611	38599	58258	48233	43697	67230	57904	54031	82566	23038	27386	63183	70908	93352	91245	65224	60657	38939	47557	39435	68558	86585	74716	60139	94871	6811	63716	12777	97857	53445	78438	23890	26256	59947	41821	66238	58394	74978	42592	26393	94838	61368	42579	53582	56239	67723	86130	73667	19358	10159	55362	9521	21411	82075	7501	54291	87553	28435	41987	15849	64174	81411	74976	55890	31947	97207	61953	52203	54236	65060	84151	3589	58013	62912	33111	56486	3140	67275	38920	72679	50827	24687	26282	56951	88878	19142	89126	3418	53916	7958	96701	74859	19504	58075	3956	43428	24347	37356	43399	96411	
35780	82320	28707	74692	44865	59200	92080	60584	92747	63292	47804	59578	9858	101786	75161	0	89636	166594	50184	97163	57744	21424	42236	82631	93406	94969	57272	15339	160617	108373	66382	90138	53489	57089	90942	40096	89469	157969	44269	75961	52251	166258	89827	67430	94885	68067	30244	126153	152806	41599	77839	69808	98531	47017	52373	155121	70865	72449	39133	88769	45896	23192	162552	160967	20201	59715	20721	38886	96440	38471	99327	40170	128231	64392	39186	51967	17234	58765	70418	165221	18676	34699	173890	18884	66777	163207	9870	20643	89102	35623	55688	122399	16700	7272	76354	15044	21346	22250	150520	33534	61677	11797	32522	9123	72055	31209	77080	27526	91292	72828	74625	12446	80436	101939	179503	167282	16312	26796	2071	162101	123246	74953	19607	162089	173091	42280	15487	67702	31905	116211	74332	174872	79790	61305	93991	75335	48745	15759	53966	35697	75375	30433	99680	51528	77071	47431	85154	13510	31564	173745	18784	22826	101146	28581	29152	45900	77666	72433	83755	39245	30918	33492	54615	72670	21745	29265	85573	25225	99170	29630	93194	14102	86775	74713	177585	75163	41724	119360	40296	52779	33669	
61605	46466	69805	60343	72918	47182	72938	26343	65368	43068	76507	39354	96515	13771	49082	89636	0	80884	78911	44115	89263	98849	91136	19437	75428	32028	55210	95937	74908	61831	25459	40540	87834	39112	46159	60494	33448	72259	75621	43208	45896	80548	37951	34677	39484	90678	83914	79994	67097	69862	8826	22362	48944	61263	51029	69412	58027	47647	86413	34519	92527	76862	76843	75258	95724	76451	89164	86793	15293	61048	43979	57946	97833	87883	82449	80694	89314	71303	58875	79512	94199	77962	88180	74116	29436	77497	85552	74476	7954	76504	84415	72812	79041	86767	87290	83211	81082	79871	64811	87203	30590	84416	80524	90574	54078	88810	52236	70508	36588	91796	18736	94297	69315	33818	93794	81573	82097	74370	90836	76392	85893	88776	77227	76380	87382	56526	83582	80069	76104	54401	49660	89163	54946	51492	58880	52926	49302	103412	50378	71201	61274	69935	48341	68915	19091	67678	91145	77812	87261	88036	86951	100009	54024	82251	68673	74627	22500	46068	43900	68887	74883	64062	83342	39917	76301	82817	29860	104984	49582	69893	42875	88666	68798	64929	91876	45975	78778	69772	72707	42392	90350	
96041	28589	105161	46777	66286	57639	162795	74556	155226	77296	61700	80261	173472	40889	32739	166594	80884	0	63433	30017	59044	174389	166677	39568	150969	26977	59715	171478	13306	146790	55920	34201	163375	76518	123105	76394	32192	14640	65009	57701	84192	22241	35294	66643	28715	166219	83473	5931	18508	66954	92498	64491	34009	82842	88388	12060	38138	38579	82972	113711	168068	84534	17959	18890	171264	151991	96880	162334	92239	79057	7805	95306	32092	163423	79008	56032	164854	146844	45848	13599	169739	74521	29027	149657	69718	12372	161092	150016	84901	152045	54948	43523	154582	162308	162831	158751	156623	92566	10903	79467	74021	159957	156064	166115	129618	164350	39209	146048	33957	167336	102408	169838	56289	21103	31391	8481	157637	90304	166377	18085	20152	164317	152767	18072	28498	132066	159122	155609	151645	12973	38943	32401	41919	55997	135827	39900	88877	178952	63021	73897	48247	145475	138097	144455	67173	63857	166686	153353	84113	29152	162491	175550	30287	89922	144213	65021	106172	35050	141319	70829	150423	82737	57085	47051	88861	158357	36054	180525	36380	85826	31570	164207	144338	51902	33568	35710	75338	38585	69266	77986	165890	
28300	38682	37421	26824	9339	24487	105229	48475	100696	37892	2265	47470	57062	53441	31524	50184	78911	63433	0	34875	11227	57913	75900	48235	82557	45279	21783	55002	71219	97524	45300	31445	78721	46240	80093	19407	41845	68570	5246	30640	39397	76859	31134	41379	39445	90117	23123	59411	82330	9968	61908	53877	33004	31292	39519	75882	27342	28927	20347	72838	77291	27547	73154	71569	54788	83579	39893	71557	85591	22071	55804	36916	59521	86442	17421	8444	48379	78432	22645	77421	53264	17535	68711	33181	55928	73808	42154	32827	78253	61268	11319	53689	38106	45832	94419	45229	40147	35580	69809	18123	38602	43481	65288	49639	61206	67249	27364	38640	32600	98924	58695	53362	35354	51428	90058	71933	41161	33317	49901	72703	56504	95905	36292	72691	83693	29427	42647	87197	48590	49469	25928	85474	30074	24901	83142	25019	35892	62477	19472	16911	27602	39098	88831	52101	61140	14652	98274	36877	22769	84347	39984	59074	35619	32936	37835	4202	61735	28910	72907	13843	47603	25751	8207	33931	31875	62970	37690	64049	31229	28840	35162	50684	75926	28304	88186	31640	11019	50650	8204	32930	73716	
61350	4258	70471	19135	37553	22948	103330	39866	93697	42605	32966	45570	104042	31387	6405	97163	44115	30017	34875	0	30354	85676	93999	26417	78291	13827	21984	82765	46656	86906	36852	4295	90697	38733	66745	51447	10500	44007	35785	19916	46407	52297	8583	28858	8280	93541	54249	30129	49086	37731	45357	45429	7226	45057	50603	42638	8358	9355	53748	64390	95390	55310	48591	47006	87812	79314	67656	89656	58251	52540	22206	57520	36926	90745	49785	26809	76141	74166	17158	44245	81026	45298	44148	60944	45035	42384	90388	60590	50913	79367	25724	31095	65869	73595	90153	88046	67910	71222	36212	50243	36236	71244	83387	77402	56941	91672	10519	69110	7913	94658	50247	81125	27598	19976	65496	38493	68924	63787	77664	48140	31941	91639	64055	48128	59130	53040	70409	82931	73489	24906	13867	60911	13229	18267	78876	11209	51092	90239	25291	44674	19557	67723	78212	71777	52692	37867	94008	64640	54889	59784	91787	88662	3948	60699	68305	35797	53287	5481	64076	41606	74515	56220	28395	23083	59638	85679	14363	101392	7865	59309	1553	93502	71660	23212	63624	4259	46114	28055	40042	40200	93213	
38652	33607	40199	21028	19690	25034	115581	52069	111048	48244	13581	57821	64623	53988	26646	57744	89263	59044	11227	30354	0	65500	83487	53573	92982	43631	22326	62589	65341	107949	43627	32878	86308	56665	90518	29832	40305	62692	14439	31183	49823	70981	31677	36379	38085	97704	31456	53533	76452	20393	67971	59940	27126	41717	49945	70004	26103	22463	26641	78901	84878	35134	67276	65691	62375	94005	47480	79144	96016	32496	50593	47342	53643	94029	25754	13660	55965	88857	16767	71543	60850	25122	62833	40768	66354	67930	49740	40414	88678	68855	9032	38463	45693	53419	104844	52815	47734	43167	64598	26455	44923	51068	72874	57226	71631	74836	21486	43629	36496	109349	64757	60948	24128	49780	84180	66055	48748	43742	57488	66825	50626	106330	43878	66813	77815	39852	50233	97622	56177	43591	20050	79596	24196	25445	93567	19141	46317	70063	23276	27336	21724	49523	99256	62526	67202	25077	108699	44464	31101	78469	47570	66661	29741	40523	48261	13502	67798	24067	83332	24268	55189	36176	5921	34474	39461	70557	42861	71636	25351	39265	31357	58271	86351	17077	82308	29224	19351	44772	17397	43355	81302	
37838	90148	30868	82521	52694	67029	68021	68412	68689	51507	55633	52523	13979	109615	82990	21424	98849	174389	57913	85676	65500	0	20812	77720	49445	91208	61180	6515	168468	77486	61368	86376	36563	53901	60055	43179	85707	165820	52120	72200	45402	174109	86065	63669	91123	43993	38096	122391	160657	49450	85690	77659	94769	42828	40638	162973	87018	80301	46492	67019	24472	31044	170404	168819	7105	42790	33154	17462	104292	43732	115608	33160	124469	40318	47038	59818	13686	41839	78270	173073	5016	42551	181741	26736	60677	171058	27876	26924	96953	18698	63539	118638	27078	19616	52280	27478	23577	30295	158372	41385	56579	14823	15596	14584	41553	9785	98062	26243	87531	48754	82477	9509	88287	98178	187355	175134	17691	37941	19145	169953	119484	50879	27421	169940	180943	34935	17552	50777	20485	112449	82183	182723	100772	65213	53416	83187	44072	5660	57873	43549	83227	23424	68793	33395	84922	51338	61080	21281	39426	181597	28421	5458	97385	35289	27381	53752	67896	80284	52868	47096	19498	44638	62467	68908	32890	12340	81812	6267	95408	40776	89432	32109	42815	82565	185436	83014	49576	115598	48147	54105	12245	
47456	95820	40486	108460	70681	69030	48629	58727	49296	49581	73620	50598	34791	88618	97198	42236	91136	166677	75900	93999	83487	20812	0	81871	33459	89957	71895	26334	161168	56478	60117	85125	16423	52650	55948	52369	84456	158519	69378	70949	44151	166808	84814	62418	89872	23893	55353	121140	153357	66708	77079	69048	93518	50191	38826	155672	85767	90567	64241	62912	6327	48301	163103	161518	26281	25904	53089	4322	84416	52922	114357	36533	123218	20218	64295	77076	34135	31876	103450	165772	24951	59808	174440	43993	56570	163757	44998	45752	89652	15046	80797	117387	39953	39551	32181	47413	36452	43170	151071	58643	55328	34758	11937	34519	37446	14475	96811	38461	86280	28655	65325	29328	113890	96927	180054	167833	37627	44164	39944	162652	118233	30780	40296	162640	173642	42958	37487	33891	27431	111198	92580	175423	99521	79232	40294	97501	42821	26460	69941	60806	105849	32614	64686	29288	76311	60529	40981	41216	58701	174296	48356	24633	96134	53690	36572	71009	63789	88988	48761	64354	29091	49808	79724	67657	45765	15194	80561	16750	94157	47059	88181	52908	33751	109504	178136	90550	66833	114347	65405	52854	8571	
54600	26920	61010	41116	47229	25556	88797	22457	74678	29017	46326	31038	89509	6709	32261	82631	19437	39568	48235	26417	53573	77720	81871	0	66295	12591	27179	88777	52032	67149	16352	21302	78701	26737	51860	44005	14210	62762	49612	21444	33685	71051	18713	24474	20047	81545	63241	39664	54173	51837	18940	24923	29705	37615	37881	51352	25365	28408	68388	44633	78134	69702	67346	65761	73954	67318	82005	72400	31834	45099	30920	44798	59405	78750	64424	38284	82154	62170	39637	52959	87039	59937	57783	66957	30150	51097	78392	67316	24496	62111	39551	53574	71882	79607	78158	76051	73923	63780	44925	61708	23680	77257	66131	83415	44945	74416	32998	63348	17350	82663	28850	87137	50077	16928	84297	47206	74937	56345	83677	66895	45576	79644	70067	66883	77885	49366	76422	70936	60767	34964	30422	79666	35708	23461	66881	33688	38370	96252	30485	53176	42036	55001	58455	59782	27605	42500	82013	70652	80102	78539	79791	74804	34587	75091	61513	49624	32614	26830	52081	50862	60657	48778	42663	21777	69141	68423	10621	84136	30344	51868	23637	81506	59665	45691	82378	26737	60753	50534	54682	32759	75957	
65375	80112	52329	92751	76687	63335	22688	43019	19333	42161	80276	38265	63424	72909	81490	93406	75428	150969	82557	78291	92982	49445	33459	66295	0	78447	71440	54778	145405	19982	49859	73615	18953	40567	20331	64124	72946	142757	79250	59439	40379	151046	73304	50908	78363	16281	87543	109631	137594	73491	61317	53286	82009	46419	35707	139910	74258	79057	90042	28756	25063	80491	147341	145756	46609	7555	92793	32810	50260	64677	102848	42624	111709	19002	86078	84323	54301	6968	91940	150010	53395	81591	158678	77745	44515	147995	89181	78105	73890	30724	88044	105877	54284	61952	11862	86840	50782	57501	135309	90833	45155	57160	34743	56921	21684	43029	85301	50323	74770	16368	48987	57772	102381	85417	164292	152071	57339	56025	68389	146890	106724	13348	54627	146877	157880	44237	58825	4640	41761	99688	81071	159660	88011	67723	6834	85992	39049	54904	66609	74830	94339	42176	25016	21561	48881	71307	15717	57060	90890	158534	90580	45355	84624	85880	48433	78257	41360	77479	19654	72516	43422	67691	86972	56148	79930	37039	69051	45238	82647	73522	76671	92295	6792	97995	162373	79041	82407	102838	76336	45477	41594	
59156	14329	68276	31174	47956	24406	101135	35048	87269	40411	43369	43376	101848	19300	19671	94969	32028	26977	45279	13827	43631	91208	89957	12591	78447	0	26029	101246	40262	79739	28943	13541	91170	39206	64451	51920	5767	41895	47077	20293	46880	50184	11223	25768	7457	94014	65541	27073	46031	49023	31530	37513	20133	45531	51076	39583	17604	20647	65040	57224	95863	70039	46478	44893	88285	79787	94473	90129	44425	53014	19151	57994	49833	91218	61077	38101	94623	74639	30064	41190	99508	56590	45193	79425	42740	39328	90861	79785	37086	79840	37017	44001	84350	92076	90626	88520	86391	71695	33156	61535	36271	89725	83860	95883	57414	92146	23425	69583	9886	95132	41441	99606	40505	6915	63383	35437	87406	64260	96145	46028	32986	92112	82536	46015	57017	53513	88891	83405	73962	22374	26773	58798	26135	22311	79350	24116	51565	108721	29335	61091	32463	68196	71046	72251	40196	41912	94481	83121	66181	57671	92260	89135	21996	75428	68778	47090	45204	18387	64550	52898	74988	56694	41301	20626	70388	86153	9630	101865	20771	59783	13309	93975	72134	36119	61511	17165	57406	40962	51335	40674	93686	
23440	23805	36029	36390	17333	3259	94129	30665	84496	22350	19873	27277	64150	32583	25128	57272	55210	59715	21783	21984	22326	61180	71895	27179	71440	26029	0	62100	65557	80004	21882	17702	74751	31831	59844	18500	20717	62908	23347	9771	28872	71198	17391	14634	22449	86640	41811	53749	76668	25292	46559	38528	26127	22584	33069	70220	18376	20747	41310	57489	73322	37890	67492	65907	56136	72413	50235	67587	67525	19844	46966	35710	55827	83844	37346	12019	54020	67265	27282	71759	60362	32859	63049	46968	38134	68146	49252	47327	60186	57299	13286	49996	43748	52930	83252	56062	45789	39545	60971	37805	20756	50579	61318	56737	50040	65161	29420	37433	18857	87757	43345	60460	46499	33187	84397	66271	46803	32111	56999	67041	50842	84738	40945	67029	78031	28220	48288	76030	44060	43807	22630	79812	32130	4033	71975	30110	29664	69575	3306	23218	38458	37891	71311	64876	45791	11568	87107	43476	42451	78685	59803	56986	28743	43278	36629	23359	46386	20731	57175	23299	42839	24544	16398	13062	38239	57538	16821	66248	26766	27633	20758	61518	64759	42113	82525	23159	33676	46956	27604	22666	71144	
40697	87237	33624	79610	49782	64118	73556	65501	74223	68209	52721	64496	8462	106704	80079	15339	95937	171478	55002	82765	62589	6515	26334	88777	54778	101246	62100	0	165205	83034	70970	94726	42111	61678	65603	44684	94057	162557	48857	80550	48184	170846	94415	72019	99474	49541	34833	130741	157394	46187	82428	74396	103120	51606	43421	159710	75453	77038	43229	72567	30020	27781	167141	165556	8780	48338	28633	23010	101029	43059	103915	35942	132819	45866	43775	56555	10423	47387	75007	169810	5235	39288	178478	23473	71366	167795	17782	23661	93690	24245	60277	126988	19479	13642	57828	24215	16393	23426	155109	38122	66266	11560	21144	10913	47101	15333	81669	29026	95881	54302	79214	2994	85024	106528	184092	171871	14541	31384	10700	166690	127834	56427	20553	166677	177680	37717	14289	56325	23268	120799	78920	179460	84379	65893	58964	79924	46854	4416	58554	40286	79964	26206	74341	38943	81659	52019	66628	18018	36163	178334	25158	9384	105735	32026	30164	50489	82255	77021	58416	43833	22281	38081	59204	77259	26333	17888	90162	11815	103758	34218	97782	22014	48363	79302	182173	79751	46313	123948	44884	57368	17793	
132586	41787	140785	52884	75992	63745	156819	111340	149249	83402	71406	110334	167495	92516	41107	160617	74908	13306	71219	46656	65341	168468	161168	52032	145405	40262	65557	165205	0	141778	80649	49758	158362	109640	118092	131022	45522	2651	74608	63713	116424	9689	54045	72655	42046	161206	154442	15132	17015	76553	87485	101021	40021	88854	121557	10568	50257	50456	92571	108698	163055	147390	4879	4399	166252	146979	159692	157321	87226	131576	21136	128474	33687	158410	88607	65631	159842	141831	51860	8653	164727	84120	21149	144644	119328	2727	156080	145004	79888	147032	64547	48268	149569	157295	157818	153738	151610	150398	10794	89066	80033	154944	151052	161102	124606	159338	45221	141035	47288	162324	97396	164825	62300	34433	18849	6618	152625	144898	161364	5533	23490	159304	147755	5520	14527	127054	154110	150597	146632	21908	48569	18303	47931	62009	130814	45911	119830	173940	69033	83496	54259	140463	133084	139443	97750	81610	161673	148340	93711	16553	157479	170537	39842	152778	139200	74620	101159	44761	136306	80428	145410	134589	63097	66880	146829	153344	49385	175512	42392	140421	48237	159194	139326	57914	21016	46104	84936	43331	78865	83998	160878	
80342	88726	71539	101366	91654	71949	15252	46699	7683	57129	95244	53233	91465	59861	90104	108373	61831	146790	97524	86906	107949	77486	56478	67149	19982	79739	80004	83034	141778	0	54529	79164	43776	49730	19487	80953	78495	139094	96079	64988	57208	147383	78853	56457	83912	36446	104373	146829	133931	90320	48492	44084	87558	63248	52536	136246	79807	84606	106871	22522	45010	97320	143678	142093	65379	27502	109623	60590	44025	81506	130953	59454	117258	41854	102908	101152	75468	26914	97489	146346	72165	98420	155015	94575	39448	144332	106010	94934	51138	49494	104874	111426	75451	107226	22691	103669	71949	74818	131646	107662	52155	81510	53513	83579	36465	61799	90851	69547	80319	29102	42753	84251	107930	81014	160629	148408	78506	75249	111295	143227	112273	26083	74106	143214	154216	63298	79992	20325	62851	105238	86620	155997	93560	73272	14480	91541	55878	73674	72158	91659	99888	63538	8693	40331	42647	88137	21530	98271	107720	154870	107409	64125	90173	102709	67657	95086	35126	83028	27442	89346	64589	84520	103801	61697	96759	55809	74600	72322	88196	90351	82220	109125	25398	103544	158710	84590	99237	108387	93165	62306	64447	
38351	38673	44659	51313	33172	18623	72548	6207	62036	12666	43020	14788	73260	19774	40051	66382	25459	55920	45300	36852	43627	61368	60117	16352	49859	28943	21882	70970	80649	54529	0	31399	62327	10363	35486	27653	30730	76573	41244	14665	17332	84862	31088	8122	36146	65171	60380	67414	70524	35485	16770	10075	39792	21263	21529	67704	32041	36840	52035	31992	67020	53328	81157	79572	72190	50944	65630	61286	37736	28746	47272	28446	69492	62375	48072	40328	65780	45796	49724	69310	70665	43585	76714	50582	13776	67449	62018	50942	30398	50997	41596	63660	55507	63233	61783	59677	57548	47428	61277	45355	7328	60882	55017	67040	28571	63303	43085	46974	32553	66289	14892	70763	60164	33279	98061	63558	58563	39993	67302	80706	64507	63269	53693	80694	91696	32992	60048	54562	44415	57472	38854	93477	45795	25506	50507	43775	22018	79878	24392	36823	52123	38648	45814	43408	16002	26148	65638	54278	63727	92350	63417	76476	42407	58717	45139	40250	20889	35262	35707	34510	44305	32426	44708	11374	52767	57310	26834	73022	40431	35515	34455	65132	43291	55778	96189	36824	44401	60621	38329	16406	64843	
54324	6116	63445	20421	34122	15890	96304	32840	86671	35579	29535	38544	97016	27812	9159	90138	40540	34201	31445	4295	32878	86376	85125	21302	73615	13541	17702	94726	49758	79164	31399	0	86402	34437	62450	47152	9739	45906	32955	15621	42112	54195	3498	24562	7338	89246	51419	36747	53283	34901	49165	41134	9125	40762	46308	46835	3073	7828	50918	60095	91095	52480	50490	48905	83517	75019	89705	85361	52810	48245	26403	53225	38825	86450	46955	23979	89855	69871	19057	54757	94740	42468	46047	74657	40740	51144	86093	75016	45472	75072	22895	32993	79582	87308	85858	83751	81623	66927	40408	47413	31941	84957	79092	91115	52646	87377	12418	64814	4218	90363	45951	94838	29497	19322	67394	49268	82637	59492	91377	50039	33840	87344	77768	50026	61029	48745	84123	78636	69194	26805	9842	62809	15128	13971	74581	13108	46797	103953	20995	41844	21456	63428	73917	67482	48397	33572	89713	78353	52059	61683	87491	84367	8244	57869	64010	32968	48992	6250	59781	38776	70220	51925	26006	18788	65620	81384	10583	97097	9764	55014	3056	89207	67365	25111	65522	6157	43284	29954	37213	35905	88917	
50277	92518	43307	105157	73501	71850	35426	55425	36093	52402	76440	50671	50542	85315	93895	53489	87834	163375	78721	90697	86308	36563	16423	78701	18953	91170	74751	42111	158362	43776	62327	86402	0	52131	37467	55189	84511	154321	72198	71004	46971	162611	84869	62472	89927	11396	58173	121195	149159	69528	72881	64850	93573	53011	41646	151474	85822	90622	67061	45892	8348	51121	158905	157320	34031	10509	57360	16095	67395	55742	114412	39352	123273	7721	67115	79895	37673	16481	103505	161574	40817	62628	170242	46813	56080	159559	54047	48571	85455	17866	83617	117441	42773	49374	19684	53510	39271	45990	146873	61463	58148	44581	18815	44342	33248	26464	96866	41281	86335	16158	69668	45194	113945	96981	175856	163635	45828	46984	55810	158454	118288	18283	43116	158442	169444	45778	47314	18496	30250	111253	92635	171225	99576	79287	24899	97556	45641	42325	72761	63626	105904	35434	47050	22571	72113	63349	28484	45549	61520	170098	54720	32776	96189	56510	39391	73829	58496	89043	31218	67174	31911	52628	82544	67712	48585	22072	80615	28523	94212	49879	88236	58966	18357	109559	173938	90605	69653	114402	68225	55674	20344	
29058	40553	37258	53193	40370	23776	63255	3460	57236	5199	43960	5496	63968	33351	41931	57089	39112	76518	46240	38733	56665	53901	52650	26737	40567	39206	31831	61678	109640	49730	10363	34437	52131	0	32382	27568	33506	106201	42694	19999	9719	114490	33865	11468	38923	55778	50987	70191	101038	36935	21877	13846	42569	14557	13916	103353	34818	39617	53486	32807	57627	43935	110785	109200	62797	41551	56237	51893	44672	28121	63408	20833	72269	52982	49522	47767	56387	36403	52501	113453	61272	45035	79491	41189	10815	111439	52625	41549	37334	41604	51488	66437	46114	53840	52390	50284	48155	46944	98753	54277	4588	51489	45624	57647	19178	53910	45862	37581	35330	56896	18663	61370	62941	45977	127736	82712	49170	41443	57909	110334	67284	53876	44300	110321	121323	23599	50655	45169	36802	60249	41631	123104	48572	28283	41114	46552	14405	70485	21854	38274	54900	31035	41068	34015	21109	34751	56245	44885	54334	121977	54024	67083	45184	49324	35746	41700	21704	38039	26314	35960	41956	31135	50415	16708	43374	47916	29611	63629	43208	36966	37232	55739	33897	58555	125817	39601	45851	63398	39780	8520	55450	
62911	68566	54107	81206	74223	51789	34564	29446	26994	39698	77812	35802	74034	46981	69944	90942	46159	123105	80093	66745	90518	60055	55948	51860	20331	64451	59844	65603	118092	19487	35486	62450	37467	32382	0	63509	61242	115681	78635	47735	39764	123971	61600	39203	66658	42755	86929	97926	110519	72876	35606	31198	70304	45804	35092	112834	62553	67353	89427	9636	44436	79876	120265	118680	57234	26942	92179	51641	31139	64062	91143	42010	100004	38374	85464	83708	58024	21794	80236	122934	64020	80977	131602	77131	22194	120919	88566	77490	38253	41352	87430	94172	58007	89782	30906	86225	54505	57374	108233	90218	36938	64066	45371	66135	19021	53657	73597	52103	63066	35411	29867	66807	90676	68736	137216	124995	61062	57805	93851	119814	95019	32392	56662	119802	130804	45854	62548	24027	45407	87984	69366	132585	76307	56018	13933	74287	38434	65529	54904	74215	82635	46094	10794	33762	29761	70693	29311	80827	90276	131458	89965	55980	72919	85265	50213	77642	22240	65774	7955	71902	47145	67076	86357	44443	79315	47664	57346	63376	70943	72907	64967	91681	19289	86290	135298	67336	81793	91133	75721	44862	55197	
