//--------------------------------------------------------------------------------------------------------------------
//-- données sur le TARN_ET_GARONNE récupérés par le géocodeur (matrice symétrique)
//-- 
//-- C. Duhamel, P. Lacomme C. Prodhon - juillet 2009 : 1900 kg à collecter, flotte de capa 3000
//--------------------------------------------------------------------------------------------------------------------
78 3 999999 0 0 0
5 100 165 1.2
15 100 185 1.6
5 200 250 1.7
0   // la ville qui represente le depot
0	25601	38460	42898	5830	39981	27905	28741	25546	22148	15005	37259	24550	24378	15243	39428	60727	30611	18286	26169	48334	52216	23893	13872	22139	46721	34295	31600	21481	6529	8768	22170	11149	14359	81274	50921	19108	23475	35164	38776	18483	29106	31171	9421	25501	25885	30529	33031	49948	10353	23568	5850	16135	42305	35333	40084	37503	25741	27007	25179	33942	56355	31092	21723	56265	18873	19928	28763	29757	13177	30326	45917	30787	35237	74239	23442	31135	24905	16007	
25601	0	43470	71414	31771	56924	32083	11237	61231	35166	22693	21912	29561	58823	52957	12645	33944	31395	22614	31179	76850	80733	35735	33514	34161	75237	78024	36610	16052	31043	28570	27181	25068	24095	54491	79438	10389	42302	44727	58283	10973	64792	43471	25015	10746	58545	17506	19443	59512	10812	28578	25046	29053	15522	67992	23795	17690	10393	32017	30190	38953	29572	20004	25513	29482	5461	21208	62616	65442	37421	43344	19134	15440	74941	47456	24629	36146	26185	19451	
38460	43470	0	51076	39958	21849	15475	50820	58009	22259	24022	59339	17130	37003	37195	57225	78524	71957	30533	13039	73629	60697	63352	26725	18632	72016	74803	7916	47656	35871	40114	21756	30069	50547	99071	76216	45283	23106	77906	34760	42045	46653	17595	42107	52456	55324	60098	50828	85725	37191	20327	36064	24869	60102	64771	68375	67358	47820	29028	26742	13365	74152	48888	28112	74062	40953	38709	41389	62220	34996	17129	63714	52866	71720	92036	61500	7059	32621	41735	
42898	71414	51076	0	40254	30068	56215	77450	20307	31570	50651	85968	53693	17528	27652	83854	105153	49873	62815	55311	11874	15756	41268	36228	44496	10260	13048	60743	53135	36464	35763	51313	42669	44673	125700	14461	71912	31822	43984	17177	68675	12331	42279	37891	55815	33240	60844	77457	51803	63820	52711	40368	41691	86731	42688	95004	93987	74449	61288	59358	63085	100781	75518	59841	100691	67582	65338	17097	19242	33399	37158	90343	79495	9965	118665	53757	60278	70315	46322	
5830	31771	39958	40254	0	39994	27918	33097	23294	22161	19797	41616	28907	22126	12991	43784	65083	26527	22642	29889	46082	49965	19809	13884	22152	44469	32043	34791	18737	4936	6517	26527	13017	10275	85631	48669	21117	23488	31080	36524	22839	26855	31184	3781	21417	21802	26446	37387	45865	14709	22790	8318	16148	46661	31249	36000	41859	30097	31363	29536	37133	60711	35448	26080	60621	23230	24284	26512	27505	13190	30339	50274	35143	32985	78595	19359	32107	29262	11924	
39981	56924	21849	30068	39994	0	28606	63952	36010	18001	34295	72470	32802	25489	30752	70357	91655	56576	43665	26170	39142	39664	47971	26314	28076	37529	40370	27406	60788	35460	39703	34888	29658	47773	112203	41729	58415	11743	62525	13726	55177	35182	17023	41696	65588	39943	63944	63959	70344	50323	33459	35653	25271	73234	49390	81507	80490	60952	42691	38606	33415	87284	62020	41244	87193	54085	51841	29917	43369	30485	12878	76846	65998	37233	105168	56857	21068	45753	49422	
27905	32083	15475	56215	27918	28606	0	38882	46071	16351	12084	47400	7731	31027	37797	45286	66585	60019	18594	2861	61691	65573	51413	14699	6607	60078	62865	10321	35718	23845	28089	9818	18043	38608	87133	64278	33345	23487	65968	39469	30107	49632	14963	30081	40517	43386	48160	38889	73786	25252	6262	24038	12843	48163	52833	56437	55420	35882	17621	13536	12664	62213	36950	16173	62123	29014	26770	35412	50282	22970	24529	51776	40928	59782	80097	49561	7638	20683	29796	
28741	11237	50820	77450	33097	63952	38882	0	68189	42124	29651	13293	36519	65781	59915	10733	27416	35138	29572	38137	83808	87691	43171	40472	41119	82195	84982	43568	20914	33530	37774	34139	32026	31780	45700	86396	15906	49260	48470	65241	16416	71750	50429	37191	14489	65503	24900	16951	63255	19097	35536	27533	36011	14186	74951	21458	8041	5523	38975	37148	45911	26149	30058	32471	20691	10903	28166	69574	72400	39908	50302	12766	10569	81900	38665	28372	43104	33143	29564	
25546	61231	58009	20307	23294	36010	46071	68189	0	26160	40472	75789	43514	12119	16363	73675	94974	27843	52636	45132	24002	27884	19238	24940	33207	17087	12077	50563	33947	25175	19305	41134	31380	23072	115521	20576	37846	30789	29189	22826	58495	6889	35182	21432	37873	11210	39243	67278	37007	53641	42531	29079	30402	76552	14808	48797	83808	64270	51109	49179	52906	90602	65338	49661	90512	57403	55159	6218	6579	22111	31475	80164	69316	13019	108486	32156	50099	60136	28652	
22148	35166	22259	31570	22161	18001	16351	42124	26160	0	16883	49110	18565	16009	16201	46996	68295	42025	25957	18402	45313	49195	33420	8902	10665	43700	30848	22074	32281	18048	22292	19007	12246	30779	88843	47900	29907	7709	47975	23690	31817	25660	8840	24285	42227	25392	46950	40599	55793	21153	13720	18242	7860	49873	34840	58146	57130	37592	28315	24230	25646	63923	38660	26867	63833	30724	28480	20395	32289	17173	8750	53486	42638	31790	81807	39863	13728	33457	32428	
15005	22693	24022	50651	19797	34295	12084	29651	40472	16883	0	40232	10225	39488	33621	38118	59417	47692	17079	11844	57515	61398	47238	13889	9774	55902	58689	17275	28549	16520	20763	6872	8944	31440	79964	60102	26176	22677	52245	38659	22938	45456	24136	22756	33349	39210	40991	31721	69611	18084	7066	12729	8162	40995	48657	49268	48251	28713	15570	13742	19618	55045	29781	14122	54955	21846	19602	43280	46107	22160	23719	44607	33759	55606	72929	42393	16811	24579	22628	
37259	21912	59339	85968	41616	72470	47400	13293	75789	49110	40232	0	44593	73855	67989	16872	33556	52003	37646	46211	91883	95765	55985	48546	49193	90269	93057	51642	37636	41604	45848	42213	40100	46450	45121	94470	29512	57334	60832	73316	24490	79824	58503	45265	28094	73577	32981	13581	75617	27171	43610	35607	44085	20325	83025	29365	10637	13597	33572	45222	53985	32288	44534	40545	24528	18977	27080	77648	80474	47982	58376	18905	11695	89974	38085	45237	51178	30343	37638	
24550	29561	17130	53693	28907	32802	7731	36519	43514	18565	10225	44593	0	41229	35363	42852	64151	57585	12892	6945	59257	63139	48979	16892	11466	57644	60431	9261	33284	28744	43474	4965	18903	36174	84699	61844	30911	25680	63534	41662	27673	47198	19237	31153	38083	40952	45726	36455	71352	22818	5954	19953	12480	45729	50399	54002	52986	33448	11919	7961	11604	59779	34516	10471	59689	26580	24336	45022	47848	25163	24358	49342	38494	57348	77663	47127	11912	14980	27362	
24378	58823	37003	17528	22126	25489	31027	65781	12119	16009	39488	73855	41229	0	8942	69590	90889	34767	48551	41047	24104	27986	26162	16358	24612	22491	16804	46478	34426	16594	17054	37049	22799	25964	111436	26691	36806	15400	40716	16364	54410	11616	24358	19181	37106	18134	42134	63193	48534	28468	38446	20498	21807	72467	27581	51689	79723	60185	47024	45094	48821	86517	61253	45576	86427	53318	51074	6351	19803	13529	18425	76079	65231	17746	104401	35047	28958	56051	27612	
15243	52957	37195	27652	12991	30752	37797	59915	16363	16201	33621	67989	35363	8942	0	65024	86323	33671	43985	36481	33488	37371	26953	12243	20511	31875	25002	41913	25881	12479	8509	32483	18683	17419	106870	36076	28261	17481	38224	23931	49844	19814	24901	10636	28561	11528	33590	58627	53009	24353	33880	16382	17705	67901	20975	43144	75157	55619	42458	40528	44255	81951	56688	41010	81861	48752	46508	13918	20464	9414	21201	71513	60665	31579	99835	26503	29501	51485	19067	
39428	12645	57225	83854	43784	70357	45286	10733	73675	46996	38118	16872	42852	69590	65024	0	22168	35425	35425	43991	89662	93544	45531	46325	46973	88049	90836	49422	21953	43855	48098	39992	37880	31812	42716	92249	16945	55113	44254	71095	35121	77603	56282	33859	15528	71357	16403	24917	59039	24872	41390	37858	41865	3746	55544	12787	10269	13460	44829	43001	51764	15709	34063	38325	17706	17400	34019	75427	78253	50232	56155	7359	18535	87753	35680	28659	48957	38997	28296	
60727	33944	78524	105153	65083	91655	66585	27416	94974	68295	59417	33556	64151	90889	86323	22168	0	56655	57566	66131	111802	115685	66071	68466	69113	110189	112976	71562	43709	65995	70239	62133	60020	52352	27578	114389	38702	77254	63822	93235	42950	99743	78423	55616	37284	93497	36942	41601	78606	47012	63530	59998	64005	19508	75112	28870	24156	32057	66969	65141	73905	10833	56203	60465	17764	37437	56160	97567	100394	72373	78295	14809	35218	109893	24300	49198	71098	61137	50052	
30611	31395	71957	49873	26527	56576	60019	35138	27843	42025	47692	52003	57585	34767	33671	35425	56655	0	45382	58992	46553	50435	9367	38766	47034	40792	35383	64423	20610	30665	27054	54993	37898	13615	91275	44286	29404	44037	12478	45748	44556	31316	51457	23498	24020	17670	19912	57255	27263	35794	56391	35597	41030	51412	16196	28117	61146	51182	53485	51644	66765	50892	52070	51012	66265	44314	46706	29140	31215	37242	47758	55918	56228	36946	84239	8210	63958	51684	26315	
18286	22614	30533	62815	22642	43665	18594	29572	52636	25957	17079	37646	12892	48551	43985	35425	57566	45382	0	17709	68446	72329	39013	25110	22230	66833	69620	23141	22467	22457	26701	9997	16664	29479	77665	71033	20094	33898	50284	49879	15801	56387	30001	28293	31050	50141	34909	23268	65069	11619	16718	16460	20649	38696	59588	46969	45952	26414	10018	8177	20953	52746	27482	4653	52656	19547	9841	54211	57038	28835	34939	42308	27774	66537	70630	38563	22676	6660	20667	
26169	31179	13039	55311	29889	26170	2861	38137	45132	18402	11844	46211	6945	41047	36481	43991	66131	58992	17709	0	60787	64669	50510	16706	8614	59174	61961	7847	34814	25852	30096	8914	20434	37705	86229	63374	32441	25494	65064	41476	29203	48728	12488	32089	39614	42482	47256	37985	72882	24349	7484	26045	14851	47259	51929	55533	54516	34978	16717	12632	10189	61310	36046	15270	61219	28110	25866	46552	49378	24977	17609	50872	40024	58878	79193	48657	5163	19779	28893	
48334	76850	73629	11874	46082	39142	61691	83808	24002	45313	57515	91883	59257	24104	33488	89662	111802	46553	68446	60787	0	4811	46872	41832	50100	10959	13746	66347	58739	42068	41367	56917	48273	50277	131305	3888	77516	41004	39403	26359	74279	17172	54491	43495	61419	38845	66448	83061	42940	69424	58315	45972	47295	92335	29363	100608	99591	80053	66892	64962	68689	106385	81122	65445	106295	73186	70942	23712	23608	39003	46341	95947	85099	10663	124269	59361	65882	75919	51926	
52216	80733	60697	15756	49965	39664	65573	87691	27884	49195	61398	95765	63139	27986	37371	93544	115685	50435	72329	64669	4811	0	50755	45715	53982	14842	17629	70229	62621	45951	45250	60799	52155	54160	135187	7771	81399	41443	43285	26798	78161	21054	51900	47377	65302	42727	70330	86943	46822	73307	62197	49854	51177	96217	33245	104491	103474	83936	70775	68845	72571	110268	85004	69327	110177	77068	74824	27594	27490	42886	46780	99830	88982	14546	128151	63243	69764	79802	55808	
23893	35735	63352	41268	19809	47971	51413	43171	19238	33420	47238	55985	48979	26162	26953	45531	66071	9367	39013	50510	46872	50755	0	30212	38480	31938	26529	55836	24910	23965	20354	46406	31198	14035	86540	35432	28808	35450	13938	37160	37856	22729	42870	16798	28836	9083	30205	50555	28723	29094	47804	28897	34330	48455	8455	39760	55489	44482	56381	54451	58178	59292	45370	44312	61530	37614	40006	20553	16910	27383	39171	51183	49528	28859	79504	16610	55371	44983	19615	
13872	33514	26725	36228	13884	26314	14699	40472	24940	8902	13889	48546	16892	16358	12243	46325	68466	38766	25110	16706	41832	45715	30212	0	8931	40892	32027	21570	27771	9809	14053	17274	8987	22541	87109	45092	25398	16076	43346	32058	30083	26839	17963	16046	40494	22584	38711	38866	58131	16643	11987	10003	6126	48140	32031	56413	55396	35858	26582	22496	23913	62190	36926	25134	62100	28991	26747	21574	29481	8934	17118	51752	40904	40596	80074	31624	18886	31724	24189	
22139	34161	18632	44496	22152	28076	6607	41119	33207	10665	9774	49193	11466	24612	20511	46973	69113	47034	22230	8614	50100	53982	38480	8931	0	49161	40099	13479	37783	18079	22322	11734	12277	30810	89198	53361	35410	17721	51615	33702	32172	34911	19607	24315	42583	30853	50225	40954	66400	27318	6601	18272	7077	50228	40301	58502	57485	37947	21195	17110	15822	64279	39015	19748	64188	31079	28835	29646	37750	17204	18763	53841	42993	41041	82162	39894	10796	24257	32458	
46721	75237	72016	10260	44469	37529	60078	82195	17087	43700	55902	90269	57644	22491	31875	88049	110189	40792	66833	59174	10959	14842	31938	40892	49161	0	6551	64594	47422	40316	39615	55165	46521	36547	129552	4200	75764	39252	33724	24607	72526	10221	52738	41742	51348	24685	52718	81309	41542	67672	56562	44220	45543	90583	23684	63571	97839	78301	65140	63210	66937	104633	79369	63692	104543	71434	69190	15571	16940	37251	44589	94195	83347	4377	122517	47840	64130	74167	50173	
34295	78024	74803	13048	32043	40370	62865	84982	12077	30848	58689	93057	60431	16804	25002	90836	112976	35383	69620	61961	13746	17629	26529	32027	40099	6551	0	59299	42683	33911	28041	49869	40116	31808	124257	9973	46582	35552	28382	27589	67231	5574	39945	30168	46609	19946	47979	76013	36200	62377	51267	37815	37393	85287	18342	58230	92544	73006	59845	57915	61641	99338	74074	58397	99247	66138	63894	10832	8073	30846	36237	88900	78052	2416	117221	42499	58834	68872	37388	
31600	36610	7916	60743	34791	27406	10321	43568	50563	22074	17275	51642	9261	46478	41913	49422	71562	64423	23141	7847	66347	70229	55836	21570	13479	64594	59299	0	40216	30605	34849	14315	25835	43106	91631	68776	37842	30247	70466	40317	34605	54130	16462	36842	45015	47883	52657	43387	78284	29750	12886	30799	19604	52661	57331	60934	59917	40379	22119	15253	5448	66711	41448	20671	66621	33512	31268	51954	54780	29730	21582	56273	45426	64280	84595	54059	9137	25181	34294	
21481	16052	47656	53135	18737	60788	35718	20914	33947	32281	28549	37636	33284	34426	25881	21953	43709	20610	22467	34814	58739	62621	24910	27771	37783	47422	42683	40216	0	22875	19264	31226	21799	13184	63779	51120	8795	39352	36199	49400	20040	37433	47516	15709	6597	26921	12442	35137	50984	12265	32623	19738	26103	26200	36368	23263	27561	26004	36062	34235	42998	38387	26792	29558	38770	19137	25253	35257	36546	29452	40393	28422	31051	43563	56744	13843	40191	30230	10145	
6529	31043	35871	36464	4936	35460	23845	33530	25175	18048	16520	41604	28744	16594	12479	43855	65995	30665	22457	25852	42068	45951	23965	9809	18079	40316	33911	30605	22875	0	5939	26416	8929	14427	85520	45369	23353	19400	35232	31864	22728	26199	27096	7932	25569	18191	30597	37276	50017	14598	18702	6628	12060	46550	27638	40152	41748	29986	28867	27040	33046	60600	35337	25969	60510	23119	24173	21852	26849	9102	26251	50163	35032	40873	78484	23510	28019	29151	16075	
8768	28570	40114	35763	6517	39703	28089	37774	19305	22292	20763	45848	43474	17054	8509	48098	70239	27054	26701	30096	41367	45250	20354	14053	22322	39615	28041	34849	19264	5939	0	40638	13173	10860	89764	44231	21703	25636	31665	32086	26972	22416	31340	3642	22002	14409	27031	41520	46450	18842	22946	10872	16304	50794	23856	36585	45992	34230	33111	31284	37289	64844	39581	30213	64754	27362	28417	22073	23066	12138	30495	54406	39276	28546	82728	19944	32263	33395	12509	
22170	27181	21756	51313	26527	34888	9818	34139	41134	19007	6872	42213	4965	37049	32483	39992	62133	54993	9997	8914	56917	60799	46406	17274	11734	55165	49869	14315	31226	26416	40638	0	14576	33794	82318	59463	28530	26102	61153	42084	25292	44817	21080	28773	35703	38571	43345	34074	68971	20437	6188	17572	12902	43348	48018	51622	50605	31067	8984	7156	16562	57399	32135	7536	57308	24199	21955	42641	45467	38730	27144	46961	36113	54967	75282	44746	13755	12046	24982	
11149	25068	30069	42669	13017	29658	18043	32026	31380	12246	8944	40100	18903	22799	18683	37880	60020	37898	16664	20434	48273	52155	31198	8987	12277	46521	40116	25835	21799	8929	13173	14576	0	21673	78706	51587	19478	19343	42478	35325	21680	33334	21230	15178	32091	27163	34293	30463	57263	10724	12736	4274	6095	39737	36611	48010	46993	27455	21305	19478	27180	53787	28523	19857	53697	20588	18344	28069	35975	15319	20385	43349	32501	47091	71671	30757	22154	23321	19216	
14359	24095	50547	44673	10275	47773	38608	31780	23072	30779	31440	46450	36174	25964	17419	31812	52352	13615	29479	37705	50277	54160	14035	22541	30810	36547	31808	43106	13184	14427	10860	33794	21673	0	72888	40293	16943	34463	24477	40913	28280	26606	39789	7222	20661	16094	16553	40978	39262	19518	35311	19321	24753	34803	20881	26108	41837	34905	37208	35368	45685	44263	35794	34735	47878	28038	30430	24430	25719	20965	38944	37531	39951	32736	65852	9466	40712	35407	10038	
81274	54491	99071	125700	85631	112203	87133	45700	115521	88843	79964	45121	84699	111436	106870	42716	27578	91275	77665	86229	131305	135187	86540	87109	89198	129552	124257	91631	63779	85520	89764	82318	78706	72888	0	134928	59240	97792	98522	113774	68339	120282	98961	76154	57823	114036	57481	62822	113307	71020	84069	80537	84544	40047	109812	53018	39964	57446	81056	85680	94443	37468	76742	81003	25007	62826	76698	118106	120932	92911	98834	35348	47870	130432	8095	69737	91636	77827	70591	
50921	79438	76216	14461	48669	41729	64278	86396	20576	47900	60102	94470	61844	26691	36076	92249	114389	44286	71033	63374	3888	7771	35432	45092	53361	4200	9973	68776	51120	45369	44231	59463	51587	40293	134928	0	80022	43510	37118	28864	76784	14478	56996	46000	55102	28438	56471	85566	39066	71929	60820	48477	49800	94840	27078	66966	102097	82559	69397	67467	71194	108890	83627	67950	108800	75691	73447	19324	20334	41509	48846	98453	87605	7771	126774	51235	68387	78424	45880	
19108	10389	45283	71912	21117	58415	33345	15906	37846	29907	26176	29512	30911	36806	28261	16945	38702	29404	20094	32441	77516	81399	28808	25398	35410	75764	46582	37842	8795	23353	21703	28530	19478	16943	59240	80022	0	36979	40080	51780	17667	41314	45143	18089	10395	30802	18898	28712	54865	9892	30250	17364	23730	21193	40249	26617	22554	17283	33689	31862	40625	33380	22411	27185	33762	15229	22880	39137	40427	29739	38020	23415	22329	47444	51737	22638	37818	27857	12526	
23475	42302	23106	31822	23488	11743	23487	49260	30789	7709	22677	57334	25680	15400	17481	55113	77254	44037	33898	25494	41004	41443	35450	16076	17721	39252	35552	30247	39352	19400	25636	26102	19343	34463	97792	43510	36979	0	49554	16361	38391	30294	10552	28020	48801	26972	50973	47173	57373	27727	20294	24816	14434	56447	36420	64720	63704	44166	34889	30804	32220	70497	45234	33441	70407	37298	35054	25029	33869	17514	5431	60060	49212	36424	88381	43886	20786	40031	36451	
35164	44727	77906	43984	31080	62525	65968	48470	29189	47975	52245	60832	63534	40716	38224	44254	63822	12478	50284	65064	39403	43285	13938	43346	51615	33724	28382	70466	36199	35232	31665	61153	42478	24477	98522	37118	40080	49554	0	51764	49192	31276	57474	28134	35366	23687	28883	61891	17293	40430	62407	40233	45666	58637	16786	35343	68372	55818	70985	69055	72782	58118	56706	55648	73491	48950	51342	35156	24233	41878	53774	63143	60864	29963	91465	19763	69975	56320	30951	
38776	58283	34760	17177	36524	13726	39469	65241	22826	23690	38659	73316	41662	16364	23931	71095	93235	45748	49879	41476	26359	26798	37160	32058	33702	24607	27589	40317	49400	31864	32086	42084	35325	40913	113774	28864	51780	16361	51764	0	53685	21940	25847	34049	51974	29145	57178	62468	59546	43021	35589	35366	29728	71742	38592	66732	78998	59460	50183	46098	47514	85792	60528	48736	85702	52593	50349	16675	30127	28397	20726	75354	64506	24393	103676	50091	33886	55326	42480	
18483	10973	42045	68675	22839	55177	30107	16416	58495	31817	22938	24490	27673	54410	49844	35121	42950	44556	15801	29203	74279	78161	37856	30083	32172	72526	67231	34605	20040	22728	26972	25292	21680	28280	68339	76784	17667	38391	49192	53685	0	62897	41576	26668	21092	56651	27852	12666	63443	8376	26684	17137	27159	38602	66098	46875	24861	13099	18231	19349	37058	52652	27388	13640	35063	5513	8045	60721	63547	29512	41449	27982	17172	73047	61434	34017	34251	15002	19041	
29106	64792	46653	12331	26855	35182	49632	71750	6889	25660	45456	79824	47198	11616	19814	77603	99743	31316	56387	48728	17172	21054	22729	26839	34911	10221	5574	54130	37433	26199	22416	44817	33334	26606	120282	14478	41314	30294	31276	21940	62897	0	34557	24780	41221	14558	42591	70625	39014	56989	45879	32427	32005	79900	18605	52145	87156	67618	54457	52527	56253	93950	68686	53009	93859	60750	58506	5444	9226	25458	30849	83512	72664	6516	111833	35504	53447	63484	32000	
31171	43471	17595	42279	31184	17023	14963	50429	35182	8840	24136	58503	19237	24358	24901	56282	78423	51457	30001	12488	54491	51900	42870	17963	19607	52738	39945	16462	47516	27096	31340	21080	21230	39789	98961	56996	45143	10552	57474	25847	41576	34557	0	33310	51461	34378	59103	49832	64779	36196	19332	27267	16885	59107	43825	67380	66363	46825	28564	24479	19288	73157	47893	27117	73067	39958	37714	29421	41275	26199	5121	62719	51871	40816	91041	48889	7683	31626	40740	
9421	25015	42107	37891	3781	41696	30081	37191	21432	24285	22756	45265	31153	19181	10636	33859	55616	23498	28293	32089	43495	47377	16798	16046	24315	41742	30168	36842	15709	7932	3642	28773	15178	7222	76154	46000	18089	28020	28134	34049	26668	24780	33310	0	18403	18788	23432	39850	42851	18389	24939	12865	18297	38121	28235	32986	45539	33777	35104	33277	39282	51142	34665	33607	50691	26909	29301	24157	28413	14222	32488	40343	38823	30630	82112	16345	34256	34278	8910	
25501	10746	52456	55815	21417	65588	40517	14489	37873	42227	33349	28094	38083	37106	28561	15528	37284	24020	31050	39614	61419	65302	28836	40494	42583	51348	46609	45015	6597	25569	22002	35703	32091	20661	57823	55102	10395	48801	35366	51974	21092	41221	51461	18403	0	30847	8086	29083	50092	18862	39220	26334	32700	19776	40294	16302	21136	17655	42659	40831	49594	31963	29250	36155	32345	15601	31849	39183	40472	34033	46990	21998	22701	47489	50319	15209	46787	36827	16742	
25885	58545	55324	33240	21802	39943	43386	65503	11210	25392	39210	73577	40952	18134	11528	71357	93497	17670	50141	42482	38845	42727	9083	22584	30853	24685	19946	47883	26921	18191	14409	38571	27163	16094	114036	28438	30802	26972	23687	29145	56651	14558	34378	18788	30847	0	31389	64522	31456	30278	39776	24011	27647	73796	10502	40944	81053	45666	48353	46423	50150	59099	62583	46906	87756	38798	52403	12525	9592	19355	31143	77409	50712	20831	105730	24302	47343	57380	20799	
30529	17506	60098	60844	26446	63944	48160	24900	39243	46950	40991	32981	45726	42134	33590	16403	36942	19912	34909	47256	66448	70330	30205	38711	50225	52718	47979	52657	12442	30597	27031	43345	34293	16553	57481	56471	18898	50973	28883	57178	27852	42591	59103	23432	8086	31389	0	35843	43817	24707	45065	32179	38545	19394	40323	11018	26427	24415	48504	46677	55440	31581	36010	42000	32469	22361	37695	40600	41890	37136	52835	22121	29461	48907	50443	13437	52633	42672	22587	
33031	19443	50828	77457	37387	63959	38889	16951	67278	40599	31721	13581	36455	63193	58627	24917	41601	57255	23268	37985	83061	86943	50555	38866	40954	81309	76013	43387	35137	37276	41520	34074	30463	40978	62822	85566	28712	47173	61891	62468	12666	70625	49832	39850	29083	64522	35843	0	76491	22788	35466	31934	35941	28384	74880	36848	18696	12264	21137	24166	45840	40347	36171	21108	28898	13983	15513	69503	72329	44309	50231	26964	6382	81829	55960	47097	43034	17908	32089	
49948	59512	85725	51803	45865	70344	73786	63255	37007	55793	69611	75617	71352	48534	53009	59039	78606	27263	65069	72882	42940	46822	28723	58131	66400	41542	36200	78284	50984	50017	46450	68971	57263	39262	113307	39066	54865	57373	17293	59546	63443	39014	64779	42851	50092	31456	43817	76491	0	55159	77136	54962	60394	73366	31514	50072	83101	70546	85714	83784	87511	72846	71435	70377	88220	63679	66071	49885	38961	56607	68503	77872	75593	44692	106194	34491	84704	71048	45680	
10353	10812	37191	63820	14709	50323	25252	19097	53641	21153	18084	27171	22818	28468	24353	24872	47012	35794	11619	24349	69424	73307	29094	16643	27318	67672	62377	29750	12265	14598	18842	20437	10724	19518	71020	71929	9892	27727	40430	43021	8376	56989	36196	18389	18862	30278	24707	22788	55159	0	18928	8813	15178	28015	40630	36289	27676	15913	21259	17704	29302	42065	16802	15744	41975	9046	11438	33937	40808	21187	29469	31628	20960	65291	64249	26339	26496	16415	10844	
23568	28578	20327	52711	22790	33459	6262	35536	42531	13720	7066	43610	5954	38446	33880	41390	63530	56391	16718	7484	58315	62197	47804	11987	6601	56562	51267	12886	32623	18702	22946	6188	12736	35311	84069	60820	30250	20294	62407	35589	26684	45879	19332	24939	39220	39776	45065	35466	77136	18928	0	16531	7615	44682	49352	52955	51938	32400	15684	11599	15326	58732	33469	14236	58642	25533	23289	43975	46801	20298	21857	48294	37446	56300	76616	46080	12519	18746	26315	
5850	25046	36064	40368	8318	35653	24038	27533	29079	18242	12729	35607	19953	20498	16382	37858	59998	35597	16460	26045	45972	49854	28897	10003	18272	44220	37815	30799	19738	6628	10872	17572	4274	19321	80537	48477	17364	24816	40233	35366	17137	32427	27267	12865	26334	24011	32179	31934	54962	8813	16531	0	9900	40600	34333	48874	35799	24036	22090	20263	33252	54651	29387	20019	54560	17169	18224	25792	33698	13042	26458	44213	29082	44813	72534	28479	28226	23201	17141	
16135	29053	24869	41691	16148	25271	12843	36011	30402	7860	8162	44085	12480	21807	17705	41865	64005	41030	20649	14851	47295	51177	34330	6126	7077	45543	37393	19604	26103	12060	16304	12902	6095	24753	84544	49800	23730	14434	45666	29728	27159	32005	16885	18297	32700	27647	38545	35941	60394	15178	7615	9900	0	43997	37636	52270	51253	31715	22216	18130	22080	58047	32784	20768	57957	24848	22604	26981	35085	14539	16098	47609	36761	38376	75931	34163	17054	27581	24222	
42305	15522	60102	86731	46661	73234	48163	14186	76552	49873	40995	20325	45729	72467	67901	3746	19508	51412	38696	47259	92335	96217	48455	48140	50228	90583	85287	52661	26200	46550	50794	43348	39737	34803	40047	94840	21193	56447	58637	71742	38602	79900	59107	38121	19776	73796	19394	28384	73366	28015	44682	40600	43997	0	69993	13199	11413	15836	47901	46073	54836	12274	37135	41397	15064	20472	37091	78499	81326	53305	59227	4716	21735	90825	33038	30130	52030	42069	30984	
35333	67992	64771	42688	31249	49390	52833	74951	14808	34840	48657	83025	50399	27581	20975	55544	75112	16196	59588	51929	29363	33245	8455	32031	40301	23684	18342	57331	36368	27638	23856	48018	36611	20881	109812	27078	40249	36420	16786	38592	66098	18605	43825	28235	40294	10502	40323	74880	31514	40630	49352	34333	37636	69993	0	46577	90493	55106	57794	55864	59591	69352	72024	56346	84725	48239	61844	21965	12134	28796	40583	74378	60152	19863	102699	23422	56784	66821	30239	
40084	23795	68375	95004	36000	81507	56437	21458	48797	58146	49268	29365	54002	51689	43144	12787	28870	28117	46969	55533	100608	104491	39760	56413	58502	63571	58230	60934	23263	40152	36585	51622	48010	26108	53018	66966	26617	64720	35343	66732	46875	52145	67380	32986	16302	40944	11018	36848	50072	36289	52955	48874	52270	13199	46577	0	25855	29063	58960	57133	65896	18642	48195	52456	30974	31532	48151	50155	54021	46690	70287	20626	34110	59752	48948	22149	63089	53128	35763	
37503	17690	67358	93987	41859	80490	55420	8041	83808	57130	48251	10637	52986	79723	75157	10269	24156	61146	45952	54516	99591	103474	55489	55396	57485	97839	92544	59917	27561	41748	45992	50605	46993	41837	39964	102097	22554	63704	68372	78998	24861	87156	66363	45539	21136	81053	26427	18696	83101	27676	51938	35799	51253	11413	90493	25855	0	13838	40477	45463	54226	24337	45638	40786	14957	19218	36481	77889	80715	48223	58617	9505	12299	90215	32931	38633	51419	41458	37879	
25741	10393	47820	74449	30097	60952	35882	5523	64270	37592	28713	13597	33448	60185	55619	13460	32057	51182	26414	34978	80053	83936	44482	35858	37947	78301	73006	40379	26004	29986	34230	31067	27455	34905	57446	82559	17283	44166	55818	59460	13099	67618	46825	33777	17655	45666	24415	12264	70546	15913	32400	24036	31715	15836	55106	29063	13838	0	35488	33661	42424	27667	32973	28984	24065	7416	24679	66086	68913	36420	46814	16985	5882	78412	50436	31134	39617	29656	26077	
27007	32017	29028	61288	31363	42691	17621	38975	51109	28315	15570	33572	11919	47024	42458	44829	66969	53485	10018	16717	66892	70775	56381	26582	21195	65140	59845	22119	36062	28867	33111	8984	21305	37208	81056	69397	33689	34889	70985	50183	18231	54457	28564	35104	42659	48353	48504	21137	85714	21259	15684	22090	22216	47901	57794	58960	40477	35488	0	4244	13464	61792	36529	7574	61702	23451	10186	54789	57615	34930	34125	51354	27189	67115	73684	49140	21679	4655	28800	
25179	30190	26742	59358	29536	38606	13536	37148	49179	24230	13742	45222	7961	45094	40528	43001	65141	51644	8177	12632	64962	68845	54451	22496	17110	63210	57915	15253	34235	27040	31284	7156	19478	35368	85680	67467	31862	30804	69055	46098	19349	52527	24479	33277	40831	46423	46677	24166	83784	17704	11599	20263	18130	46073	55864	57133	45463	33661	4244	0	13731	65445	40181	5722	65354	32245	13215	50687	53513	30828	30023	55007	31344	63013	83328	52792	17577	7684	33028	
33942	38953	13365	63085	37133	33415	12664	45911	52906	25646	19618	53985	11604	48821	44255	51764	73905	66765	20953	10189	68689	72571	58178	23913	15822	66937	61641	5448	42998	33046	37289	16562	27180	45685	94443	71194	40625	32220	72782	47514	37058	56253	19288	39282	49594	50150	55440	45840	87511	29302	15326	33252	22080	54836	59591	65896	54226	42424	13464	13731	0	69115	43852	18798	69025	35916	33672	54358	57184	32134	24766	58678	47830	66684	86999	56463	12320	17776	36698	
56355	29572	74152	100781	60711	87284	62213	26149	90602	63923	55045	32288	59779	86517	81951	15709	10833	50892	52746	61310	106385	110268	59292	62190	64279	104633	99338	66711	38387	60600	64844	57399	53787	44263	37468	108890	33380	70497	58118	85792	52652	93950	73157	51142	31963	59099	31581	40347	72846	42065	58732	54651	58047	12274	69352	18642	24337	27667	61792	65445	69115	0	49322	53584	17650	32659	49279	90686	76749	65492	71414	10806	33923	103012	33990	41115	64217	54256	43171	
31092	20004	48888	75518	35448	62020	36950	30058	65338	38660	29781	44534	34516	61253	56688	34063	56203	52070	27482	36046	81122	85004	45370	36926	39015	79369	74074	41448	26792	35337	39581	32135	28523	35794	76742	83627	22411	45234	56706	60528	27388	68686	47893	34665	29250	62583	36010	36171	71435	16802	33469	29387	32784	37135	72024	48195	45638	32973	36529	40181	43852	49322	0	40863	25173	19939	36558	77966	80792	52771	58694	14826	22305	90292	43147	35185	51496	41535	30639	
21723	25513	28112	59841	26080	41244	16173	32471	49661	26867	14122	40545	10471	45576	41010	38325	60465	51012	4653	15270	65445	69327	44312	25134	19748	63692	58397	20671	29558	25969	30213	7536	19857	34735	81003	67950	27185	33441	55648	48736	13640	53009	27117	33607	36155	46906	42000	21108	70377	15744	14236	20019	20768	41397	56346	52456	40786	28984	7574	5722	18798	53584	40863	0	56187	18861	7680	53308	56134	36348	32644	45839	25613	65633	74161	43625	20198	4500	25954	
56265	29482	74062	100691	60621	87193	62123	20691	90512	63833	54955	24528	59689	86427	81861	17706	17764	66265	52656	61219	106295	110177	61530	62100	64188	104543	99247	66621	38770	60510	64754	57308	53697	47878	25007	108800	33762	70407	73491	85702	35063	93859	73067	50691	32345	87756	32469	28898	88220	41975	58642	54560	57957	15064	84725	30974	14957	24065	61702	65354	69025	17650	25173	56187	0	29782	51691	93099	95926	67905	73827	10341	22863	105425	17974	44730	66630	56669	45584	
18873	5461	40953	67582	23230	54085	29014	10903	57403	30724	21846	18977	26580	53318	48752	17400	37437	44314	19547	28110	73186	77068	37614	28991	31079	71434	66138	33512	19137	23119	27362	24199	20588	28038	62826	75691	15229	37298	48950	52593	5513	60750	39958	26909	15601	38798	22361	13983	63679	9046	25533	17169	24848	20472	48239	31532	19218	7416	23451	32245	35916	32659	19939	18861	29782	0	13265	59282	62109	29616	40010	22469	12632	71608	55921	33114	32813	22852	19273	
19928	21208	38709	65338	24284	51841	26770	28166	55159	28480	19602	27080	24336	51074	46508	34019	56160	46706	9841	25866	70942	74824	40006	26747	28835	69190	63894	31268	25253	24173	28417	21955	18344	30430	76698	73447	22880	35054	51342	50349	8045	58506	37714	29301	31849	52403	37695	15513	66071	11438	23289	18224	22604	37091	61844	48151	36481	24679	10186	13215	33672	49279	36558	7680	51691	13265	0	57281	60107	32086	38009	41577	20018	69606	69898	39362	30811	6957	21691	
28763	62616	41389	17097	26512	29917	35412	69574	6218	20395	43280	77648	45022	6351	13918	75427	97567	29140	54211	46552	23712	27594	20553	21574	29646	15571	10832	51954	35257	21852	22073	42641	28069	24430	118106	19324	39137	25029	35156	16675	60721	5444	29421	24157	39183	12525	40600	69503	49885	33937	43975	25792	26981	78499	21965	50155	77889	66086	54789	50687	54358	90686	77966	53308	93099	59282	57281	0	14108	19015	25949	81967	71119	11520	110289	33959	34257	61939	30455	
29757	65442	62220	19242	27505	43369	50282	72400	6579	32289	46107	80474	47848	19803	20464	78253	100394	31215	57038	49378	23608	27490	16910	29481	37750	16940	8073	54780	36546	26849	23066	45467	35975	25719	120932	20334	40427	33869	24233	30127	63547	9226	41275	28413	40472	9592	41890	72329	38961	40808	46801	33698	35085	81326	12134	54021	80715	68913	57615	53513	57184	76749	80792	56134	95926	62109	60107	14108	0	25378	37165	83431	72583	13239	111753	33190	53366	63403	30446	
13177	37421	34996	33399	13190	30485	22970	39908	22111	17173	22160	47982	25163	13529	9414	50232	72373	37242	28835	24977	39003	42886	27383	8934	17204	37251	30846	29730	29452	9102	12138	38730	15319	20965	92911	41509	29739	17514	41878	28397	29512	25458	26199	14222	34033	19355	37136	44309	56607	21187	20298	13042	14539	53305	28796	46690	48223	36420	34930	30828	32134	65492	52771	36348	67905	29616	32086	19015	25378	0	21307	56518	41387	37788	84840	30088	27178	35506	22653	
30326	43344	17129	37158	30339	12878	24529	50302	31475	8750	23719	58376	24358	18425	21201	56155	78295	47758	34939	17609	46341	46780	39171	17118	18763	44589	36237	21582	40393	26251	30495	27144	20385	38944	98834	48846	38020	5431	53774	20726	41449	30849	5121	32488	46990	31143	52835	50231	68503	29469	21857	26458	16098	59227	40583	70287	58617	46814	34125	30023	24766	71414	58694	32644	73827	40010	38009	25949	37165	21307	0	61647	50799	37090	89969	47607	12804	41619	40172	
45917	19134	63714	90343	50274	76846	51776	12766	80164	53486	44607	18905	49342	76079	71513	7359	14809	55918	42308	50872	95947	99830	51183	51752	53841	94195	88900	56273	28422	50163	54406	46961	43349	37531	35348	98453	23415	60060	63143	75354	27982	83512	62719	40343	21998	77409	22121	26964	77872	31628	48294	44213	47609	4716	74378	20626	9505	16985	51354	55007	58678	10806	14826	45839	10341	22469	41577	81967	83431	56518	61647	0	20567	95084	28322	34389	56288	46327	35243	
30787	15440	52866	79495	35143	65998	40928	10569	69316	42638	33759	11695	38494	65231	60665	18535	35218	56228	27774	40024	85099	88982	49528	40904	42993	83347	78052	45426	31051	35032	39276	36113	32501	39951	47870	87605	22329	49212	60864	64506	17172	72664	51871	38823	22701	50712	29461	6382	75593	20960	37446	29082	36761	21735	60152	34110	12299	5882	27189	31344	47830	33923	22305	25613	22863	12632	20018	71119	72583	41387	50799	20567	0	83459	49319	36180	44663	25296	31123	
35237	74941	71720	9965	32985	37233	59782	81900	13019	31790	55606	89974	57348	17746	31579	87753	109893	36946	66537	58878	10663	14546	28859	40596	41041	4377	2416	64280	43563	40873	28546	54967	47091	32736	130432	7771	47444	36424	29963	24393	73047	6516	40816	30630	47489	20831	48907	81829	44692	65291	56300	44813	38376	90825	19863	59752	90215	78412	67115	63013	66684	103012	90292	65633	105425	71608	69606	11520	13239	37788	37090	95084	83459	0	122314	41851	63928	73965	38348	
74239	47456	92036	118665	78595	105168	80097	38665	108486	81807	72929	38085	77663	104401	99835	35680	24300	84239	70630	79193	124269	128151	79504	80074	82162	122517	117221	84595	56744	78484	82728	75282	71671	65852	8095	126774	51737	88381	91465	103676	61434	111833	91041	82112	50319	105730	50443	55960	106194	64249	76616	72534	75931	33038	102699	48948	32931	50436	73684	83328	86999	33990	43147	74161	17974	55921	69898	110289	111753	84840	89969	28322	49319	122314	0	62701	84601	74640	63555	
23442	24629	61500	53757	19359	56857	49561	28372	32156	39863	42393	45237	47127	35047	26503	28659	49198	8210	38563	48657	59361	63243	16610	31624	39894	47840	42499	54059	13843	23510	19944	44746	30757	9466	69737	51235	22638	43886	19763	50091	34017	35504	48889	16345	15209	24302	13437	47097	34491	26339	46080	28479	34163	30130	23422	22149	38633	31134	49140	52792	56463	41115	35185	43625	44730	33114	39362	33959	33190	30088	47607	34389	36180	41851	62701	0	54034	44073	19122	
31135	36146	7059	60278	32107	21068	7638	43104	50099	13728	16811	51178	11912	28958	29501	48957	71098	63958	22676	5163	65882	69764	55371	18886	10796	64130	58834	9137	40191	28019	32263	13755	22154	40712	91636	68387	37818	20786	69975	33886	34251	53447	7683	34256	46787	47343	52633	43034	84704	26496	12519	28226	17054	52030	56784	63089	51419	39617	21679	17577	12320	64217	51496	20198	66630	32813	30811	34257	53366	27178	12804	56288	44663	63928	84601	54034	0	24987	34101	
24905	26185	32621	70315	29262	45753	20683	33143	60136	33457	24579	30343	14980	56051	51485	38997	61137	51684	6660	19779	75919	79802	44983	31724	24257	74167	68872	25181	30230	29151	33395	12046	23321	35407	77827	78424	27857	40031	56320	55326	15002	63484	31626	34278	36827	57380	42672	17908	71048	16415	18746	23201	27581	42069	66821	53128	41458	29656	4655	7684	17776	54256	41535	4500	56669	22852	6957	61939	63403	35506	41619	46327	25296	73965	74640	44073	24987	0	26626	
16007	19451	41735	46322	11924	49422	29796	29564	28652	32428	22628	37638	27362	27612	19067	28296	50052	26315	20667	28893	51926	55808	19615	24189	32458	50173	37388	34294	10145	16075	12509	24982	19216	10038	70591	45880	12526	36451	30951	42480	19041	32000	40740	8910	16742	20799	22587	32089	45680	10844	26315	17141	24222	30984	30239	35763	37879	26077	28800	33028	36698	43171	30639	25954	45584	19273	21691	30455	30446	22653	40172	35243	31123	38348	63555	19122	34101	26626	0	
// pour chaque client, la quantité à collecter
1	1
2	6
3	15
4	7
5	37
6	7
7	4
8	26
9	1
10	34
11	4
12	7
13	7
14	34
15	1
16	1
17	61
18	145
19	5
20	47
21	1
22	63
23	4
24	1
25	17
26	45
27	5
28	77
29	1
30	16
31	44
32	74
33	67
34	1
35	3
36	3
37	5
38	41
39	7
40	51
41	7
42	16
43	6
44	13
45	7
46	6
47	91
48	4
49	61
50	1
51	2
52	45
53	74
54	1
55	56
56	16
57	1
58	47
59	46
60	1
61	1
62	6
63	15
64	37
65	5
66	51
67	34
68	71
69	51
70	3
71	4
72	71
73	45
74	4
75	6
76	15
77	3
78	1


















































































































































































































































































































































































































































































































































































































































































































































































































































































































