//--------------------------------------------------------------------------------------------------------------------
//-- données sur le Loir et Cher récupérés par le géocodeur (matrice symétrique)
//-- 
//-- C. Duhamel, P. Lacomme C. Prodhon - juillet 2009 : 3999 kg à collecter, flotte de capa 5850
//--------------------------------------------------------------------------------------------------------------------
134 7 999999 0 0 0
2 50 35 1.5
2 75 20 3.1
8 100 50 2.2
8 150 70 4.2
8 200 80 3.2
2 500 80 5.2
1 1000 200 3.2
0   // la ville qui represente le depot
0	55287	67529	52872	84615	30318	82421	39853	5159	42201	25037	32117	29500	36232	57236	24996	25034	67042	20813	110008	30181	30546	12632	28397	30849	24543	100780	29748	21504	36419	87306	53647	104415	6823	46654	21633	22951	77784	41725	54973	45066	73604	59636	51137	42295	68197	61997	89314	105226	46924	96681	25117	77256	69847	66357	12016	47479	50498	57851	87311	48422	60517	64582	26781	61713	39404	102644	40171	30507	8867	47942	69600	10717	82352	54471	44861	73915	71920	97483	18655	26109	41215	23332	66511	92632	84066	101047	12948	4968	60321	45323	52389	15760	59910	44343	47572	50959	80314	13544	36925	93342	4415	53102	63049	59196	69113	77339	15092	44433	74716	84617	16334	100042	22681	86109	18939	63730	33122	61158	38979	94576	54177	83892	12216	10205	72032	39733	17018	74866	44511	49956	50248	81439	40500	110780	
55287	0	69560	49129	36984	88498	64116	40082	51304	68463	44010	59038	59635	35363	42859	74809	74847	116856	39303	146781	81179	67755	44105	63503	38223	72200	44184	64531	71317	66190	39674	79909	56784	51719	39659	52373	70243	43623	100420	31750	60304	75635	63715	30979	49017	164886	86059	41683	141999	25990	187090	48095	26988	54230	99787	64151	53227	64049	50443	30873	55145	108677	66613	76594	93647	33808	45534	60817	30926	57000	61494	16634	48010	48574	72942	78896	26284	90028	147269	68468	32025	30386	49957	44436	94663	36434	153362	49239	57584	6408	91031	92272	71068	12279	57894	51650	64511	32682	49879	56188	45711	51824	102915	81520	35973	16148	29708	64905	36715	147777	157903	54020	38753	76659	33144	68752	107509	82935	38225	77019	167862	60900	169435	54005	59311	23845	66637	43828	27234	51815	99860	54327	33808	54405	147552	
67529	69560	0	34214	68268	64547	28853	29999	61774	24470	40669	35086	35684	39271	29199	74100	65991	120664	47274	40484	57228	43803	80875	39551	39201	48249	68848	40580	70608	42238	53451	24093	64907	67817	31673	48186	46292	37859	76469	68596	21483	11195	15150	37048	25066	107447	24964	48823	84560	40773	129651	40355	60784	20049	51703	72484	29275	15884	19798	70963	16811	72555	5339	70958	51680	35822	70713	36865	52306	63222	18048	83223	60501	37180	9609	54945	51748	41943	89830	64847	47908	41284	43287	26160	37224	41586	95924	57211	67293	73944	67080	48857	70359	73533	22431	18717	13202	46883	86648	32237	44522	67922	78825	18367	72819	82737	60991	60520	32863	90338	100465	49491	68110	52708	68983	68043	63379	68337	32666	53067	110424	12528	111996	54760	62462	55383	27198	54924	58518	27864	75908	30375	65091	30453	48953	
52872	49129	34214	0	38952	51453	34602	15498	47756	31418	26651	21992	21665	24770	6293	61006	52897	79671	33256	66635	44134	30709	69153	26457	25183	35155	55117	27486	57514	29144	41643	42863	57132	53799	9055	35092	33198	29966	63375	56874	23258	31659	16384	5842	13796	74930	43632	40930	107122	13116	152213	26337	42318	22028	62742	59390	4659	27004	10033	41648	11039	71631	19737	57864	56601	21322	56981	23771	38288	45247	24448	46596	46483	34534	30977	41851	32495	52982	112392	51753	31308	18248	30193	18692	36879	33693	118486	43192	55746	45758	53986	55226	57265	29148	20849	11109	27465	26648	58061	19143	37569	53904	65731	39555	61097	54957	31676	47426	12692	64640	123027	35473	54379	39614	50517	54949	70463	55243	14638	39973	132985	16015	134558	41666	49367	36130	29592	40906	29203	9352	62814	6011	35776	17359	112676	
84615	36984	68268	38952	0	82904	41073	45415	73874	62869	64081	53443	51583	49238	32174	92457	84348	111122	59373	91957	75585	62160	73361	57908	55324	66606	18219	58937	88965	60595	8118	74314	27746	80975	38390	66543	64649	20579	94826	61006	54709	50567	47549	31374	45247	106381	76437	12756	123420	31141	168511	56254	11119	40509	94193	93407	39934	58455	41198	6472	51374	103082	56362	89315	88052	47683	20083	55222	56114	76317	55899	18100	77266	25531	62428	73302	11834	84433	128690	83204	52096	44892	61644	30714	46795	13702	134784	69310	86840	33637	85437	86677	88716	26809	52300	48096	58916	9826	79135	50594	22898	81080	97182	69840	65229	22100	8762	78877	41859	96091	139325	65390	17481	71065	19318	86400	101914	86694	27540	71424	149283	52640	150856	74076	88567	10834	61043	73084	10471	40799	94265	43968	7096	48810	100425	
30318	88498	64547	51453	82904	0	80960	42485	30737	28399	42638	32970	39116	51757	57442	25641	7740	39191	46392	49008	9758	24674	38215	32676	49790	19116	99619	27993	17573	26122	86145	39845	103255	35224	46860	27926	22406	76324	15552	87418	38084	71302	57334	52235	39992	42659	48195	87288	55031	55961	78818	38997	86820	68386	34644	24025	46018	39978	56391	86150	46120	32665	62280	13515	27111	48309	101484	32917	56085	27699	43248	102045	36300	80892	42422	17771	76997	37318	52274	14425	51687	53770	32852	65051	90330	80051	83183	35801	25904	92765	15495	19228	21900	71993	44298	45269	40647	79153	39127	35003	83928	32397	25251	52478	91640	101558	76179	22448	48050	42415	66753	34234	98881	15104	95019	19584	38192	6949	64824	11889	76712	51875	45734	30829	22834	80632	29992	42596	73705	43051	23580	47945	80279	38578	60585	
82421	64116	28853	34602	41073	80960	0	45013	77271	52893	56166	51507	51181	54285	33956	90521	82412	118837	62771	51968	73649	60224	112137	55972	54698	64670	52027	57001	87029	58660	36629	44061	45621	83314	40611	64608	62713	21038	81359	99858	52773	16497	25756	38984	43311	105621	36448	32002	82734	44914	127825	55852	53361	14855	63187	88905	36234	43886	27163	49908	40554	118428	26649	87380	63164	50837	51132	53286	67803	74762	46050	61378	75998	17894	37610	71366	47276	53427	88004	81268	61863	56298	59708	22557	6109	26681	94098	72708	85262	59956	76354	68825	86780	53128	50364	40624	41204	31800	87576	48658	25236	83419	81014	29851	104081	64652	36268	76941	47830	88512	98639	64988	51289	69129	53370	84464	108452	84758	31726	69489	108597	32550	110170	71181	78883	50911	58899	70421	37543	38867	77868	35526	44936	46874	60436	
39853	40082	29999	15498	45415	42485	45013	0	34801	23340	13696	13915	8711	9673	19764	52929	44820	71594	20301	58558	36056	22632	37964	16924	10541	27078	61942	19409	49437	21067	48467	34786	65577	40844	9183	20085	25121	40313	55298	52711	13557	36596	22628	14558	7714	66853	35499	51277	102959	16194	148051	13382	46551	32375	54665	49358	10007	18871	20380	48473	13841	63554	27574	49787	48524	6224	63806	15694	25333	32292	16315	45494	33528	44881	22844	33774	39320	44905	108230	43676	17250	11686	17670	29039	55624	44040	114323	30238	42791	38829	45908	47149	49187	29296	12715	10563	19332	41476	45106	7841	47916	40949	57654	31422	56934	48029	38501	39349	4981	56563	118864	22518	61204	31537	57342	46871	62386	47166	28812	31896	128823	19596	130395	25902	44155	41327	21515	27951	36027	7039	54737	13239	42601	9345	108513	
5159	51304	61774	47756	73874	30737	77271	34801	0	37139	19975	27055	24438	31169	52173	24724	24762	66771	15751	109737	29909	27299	9924	23335	25786	21434	89991	24685	21232	31356	76516	48585	93626	8047	41592	16571	21310	72722	41453	52265	40004	68542	54574	46075	37232	67925	56934	78525	104955	41861	96410	20055	66467	64784	66085	14653	42416	45436	52789	76521	43360	60245	59520	26509	61442	34341	91855	35109	25445	7139	42880	66893	4942	77290	49408	34036	63126	71648	97211	18383	21046	36152	18270	61449	87570	73277	100775	7886	8087	57613	45051	52117	20983	47299	39280	42509	45897	69524	12309	31863	82553	7167	52830	57987	56488	66406	66550	14820	39370	74444	84345	11271	89253	21927	77420	18667	63458	32850	56096	28528	94304	49115	83620	10357	9450	61243	34670	11955	64076	39449	49684	45185	70650	35438	110508	
42201	68463	24470	31418	62869	28399	52893	23340	37139	0	30220	17892	21927	31797	37482	45643	35104	55393	34745	35217	28771	12639	42866	19968	29830	19792	79659	15286	42151	9088	66185	11446	83295	42708	26900	20563	18669	56364	40297	67458	10483	40801	29129	32275	20032	42971	19796	67328	41240	36001	88353	24081	66860	48426	31324	44027	26058	12377	36431	66190	26160	47505	21406	40879	25639	28349	81524	8455	42936	34765	15647	82085	37885	60932	14821	18773	57037	21564	39546	36289	38537	33810	26093	45091	55334	60091	47318	32395	38836	72805	30908	31118	41902	52033	14331	25309	13045	59193	46969	15043	63968	42812	42653	26789	71680	81598	56219	32064	28090	33222	48713	26871	78921	24251	75059	39586	39556	34313	44864	16896	55811	26507	54167	27137	34005	60672	4504	39789	53745	23091	39736	27985	60319	18618	46794	
25037	44010	40669	26651	64081	42638	56166	13696	19975	30220	0	14098	7741	21378	30920	44605	44643	86651	9447	62810	34282	23996	23140	12879	15996	25303	73098	16449	41113	23794	59624	39039	76733	26020	20339	12983	19128	51469	53994	47376	23224	47289	33321	25714	15979	69580	43423	62433	68833	32071	116290	6280	56676	43531	58917	34534	21163	26795	31536	59629	22107	80126	38267	46390	51251	19361	74962	23814	15654	25190	24240	55619	18704	56037	30768	36500	53336	49157	67139	38264	11256	24823	10567	40196	66317	55196	74911	15413	27967	43728	48635	49876	40864	37509	20640	21256	27257	52632	30282	15591	59073	26125	72711	39347	51599	57837	49657	34701	18117	60815	104226	15416	72360	29762	67629	38548	65113	45391	39968	33129	114185	27862	103501	18799	29331	51452	25125	17097	47184	18196	69565	23932	53757	17269	74387	
32117	59038	35086	21992	53443	32970	51507	13915	27055	17892	14098	0	6624	22225	27910	39492	31383	60702	18925	49191	22620	9663	33256	4944	20258	13641	70087	5972	36000	10175	56613	25420	73723	33098	17328	13579	11684	46792	42332	57885	13612	41770	27802	22703	10460	55960	33769	57756	55214	26428	99761	8943	57288	38854	45298	37876	16486	20921	26859	56618	16588	52661	32748	36351	37631	18776	71952	10380	25131	28614	18365	72512	28275	51360	24894	22881	47465	35538	53519	30240	20733	24238	8864	35519	60798	50519	61292	22785	32685	63233	35016	36257	35751	42461	14766	15737	21382	49621	37359	5471	54396	33202	46762	33472	62108	72026	46646	25913	18518	47196	87697	17261	69349	18100	65487	33435	51493	33730	35291	21467	69784	22343	64913	20153	27854	51100	11505	26575	44173	13519	43845	18413	50746	9046	60768	
29500	59635	35684	21665	51583	39116	51181	8711	24438	21927	7741	6624	0	17836	25947	45638	37529	70314	15037	57278	28766	15808	28729	8463	15869	19787	68124	12118	42146	19787	54650	33506	71760	30469	15365	12199	16065	46495	48478	58431	18250	42316	28348	20741	11006	65573	38450	57459	63301	24466	105906	5496	54715	38558	53385	37560	16190	21822	26563	54655	17133	62274	33294	42496	47244	14388	69989	14414	21243	24406	19266	53658	25646	51063	25795	32494	45503	43625	61606	36385	16845	19849	9783	35222	61343	50222	69379	20156	32416	46993	44629	45869	41897	37460	15667	16283	22283	47658	34730	9505	54099	30573	56374	34373	62654	56192	44684	32058	13144	55283	93842	14632	67386	24246	63525	39581	61106	39875	34995	30616	77871	22888	74526	18015	31191	49138	17651	22687	42210	13222	53457	18959	48784	12296	68855	
36232	35363	39271	24770	49238	51757	54285	9673	31169	31797	21378	22225	17836	0	26937	55803	55841	80915	16675	67879	45378	31953	34338	26245	6086	36399	65406	28730	52311	30389	51932	44108	69041	37218	11785	29407	34442	49634	64619	40997	22878	45917	31949	21090	17035	76174	44820	53940	112281	16876	157372	22704	41882	41696	63986	45732	19328	28192	29701	51937	23163	72875	36895	57588	57845	3448	67270	25015	17080	33618	25636	40825	29902	54202	32165	43095	38541	54226	117551	49462	8722	7016	26991	38361	64945	48692	123644	26612	39165	34160	55230	56471	52062	24627	22037	19884	28653	44940	41480	17162	57968	37323	66975	40743	45219	43359	41965	45899	8074	65884	128185	31392	64668	40858	52835	49746	71707	63929	31111	41218	138144	28918	139717	31378	40529	36658	30836	24325	39492	16361	64058	22560	46065	18666	117834	
57236	42859	29199	6293	32174	57442	33956	19764	52173	37482	30920	27910	25947	26937	0	66380	58271	85045	37096	62050	49508	36083	59967	31831	29023	40529	47706	32860	62888	34518	32309	48237	45362	57639	12313	40466	38572	25936	68749	49036	28632	31027	15752	6024	19170	80304	41240	30261	114415	11954	159507	30177	34257	21396	68116	64764	10465	32378	9401	33077	20964	77005	24565	63238	61975	25431	49571	29145	34164	49087	29822	39322	50323	30504	28123	47225	25221	58356	119686	57127	30147	23522	35567	14662	36247	25067	125779	47032	59586	39648	59360	60600	62639	24572	26223	21034	32839	20355	61901	24517	33539	57744	71105	36701	53259	42596	25567	52800	15951	70014	130320	39313	46969	44988	42456	60323	75837	60617	8345	45347	140279	20843	141851	47040	54741	28856	34966	44746	23093	19277	68188	15936	27057	22733	119969	
24996	74809	74100	61006	92457	25641	90521	52929	24724	45643	44605	39492	45638	55803	66380	0	19547	57420	40936	111442	31614	33017	32759	39235	50971	27014	109138	34553	8443	39100	95664	57388	112774	28216	56379	34486	28966	85843	33781	75101	52663	80821	66853	61755	49511	69630	65738	96807	106660	65480	98115	45240	97383	77905	67790	16053	55537	59972	65910	95669	55639	50894	71799	14830	53422	57828	111003	44604	50630	22244	57416	89728	30845	90411	59966	39447	94043	63628	98916	13168	46231	61338	43455	74570	99849	89570	102480	33071	20449	80448	37379	43096	12479	80038	53817	54788	60434	88672	33672	44522	93447	26942	40143	70022	79323	89241	85698	15792	57570	68726	86050	36457	108400	25152	106237	6654	65163	21452	74343	33939	96009	61394	85325	27668	17378	92159	43474	37141	83224	52570	51389	57464	89798	48097	112213	
25034	74847	65991	52897	84348	7740	82412	44820	24762	35104	44643	31383	37529	55841	58271	19547	0	39376	41008	57274	10215	24893	32831	31111	51043	18530	101014	26428	10263	32818	87540	46541	104649	29841	48255	26361	20842	77718	15737	75172	44780	72696	58728	53630	41387	42844	54891	88682	87820	57355	79275	37432	88215	69781	42910	17829	47413	46674	57786	87545	47514	32850	63674	6205	35378	49703	102878	36479	50702	22315	49944	89800	30917	82286	49118	24467	78392	45584	80077	8228	46303	61410	31287	66445	91724	81445	83640	33143	20521	80520	19335	25052	15703	80110	45692	46664	47343	80548	33744	36397	85322	27014	25436	59174	79395	89313	77573	15864	49445	50682	67211	36529	100276	15561	96414	13387	38377	7134	66218	18585	77169	53269	45919	29264	17450	82027	36688	37212	75100	44445	23765	49340	81673	39973	93374	
67042	116856	120664	79671	111122	39191	118837	71594	66771	55393	86651	60702	70314	80915	85045	57420	39376	0	83904	53040	49145	52701	75727	70040	74563	57460	170830	65358	44879	50895	155432	49485	164424	72737	71633	65291	59771	139841	25381	160882	65879	75166	127102	77008	64765	17125	54161	150805	48258	80733	40395	65710	111593	125970	24751	63112	70791	67773	81164	110923	70892	11537	118185	40821	31939	73081	169935	63852	93598	65212	71044	126817	73813	136697	63925	34717	101770	34635	35816	46193	89200	78543	70217	89823	113081	145484	39379	76039	63417	117538	27985	23992	53668	96766	69728	70042	68442	150603	76640	59776	144039	69910	19569	61155	165105	161383	100951	59961	72823	30959	22509	79425	170092	54490	119792	51352	15542	33486	89596	40666	32626	127432	9396	68193	60346	105405	54765	80109	98478	67824	20245	72718	105051	63351	53811	
20813	39303	47274	33256	59373	46392	62771	20301	15751	34745	9447	18925	15037	16675	37096	40936	41008	83904	0	67966	35280	26798	15279	18035	11616	27032	75821	22765	36889	29436	62347	44194	79456	21796	27422	14650	20326	58552	57110	42997	29279	54372	40404	31905	23062	83582	51221	64355	120611	27692	112066	13860	52297	50614	61918	30310	28246	34593	38619	62352	29190	75902	45350	42166	54385	20172	77685	31416	11275	18196	32037	51240	14480	63120	38566	39635	48956	54313	112868	34040	6876	21983	12851	47279	73400	59107	116432	11190	23743	39349	60708	53010	36640	33130	28437	28339	35054	55355	26058	23471	68384	21901	68487	47144	47220	53457	52380	30477	25201	69689	100002	16870	75083	30760	63250	34324	79115	48507	41926	34126	109961	34945	99277	15956	25107	47073	30280	8089	49907	25279	65341	31015	56480	25067	126165	
110008	146781	40484	66635	91957	49008	51968	58558	109737	35217	62810	49191	57278	67879	62050	111442	57274	53040	67966	0	50389	47816	91918	55145	65007	49754	103008	50463	62924	44265	87611	23215	96602	88928	62077	55740	53045	72019	44784	144548	45660	39979	49138	67452	55209	26615	24096	82983	8038	71178	60390	59258	94529	53794	22213	79302	61235	41989	53787	93350	48355	43065	84451	58866	22190	63526	102114	43632	78113	65437	45259	159175	71929	68875	34830	36953	85493	14416	16723	64238	73714	68987	61270	59905	79347	77662	21247	66439	79608	149895	39779	32250	71713	149485	48070	103650	39602	82781	92831	50220	76218	86101	44440	32060	148770	158688	87250	76152	63268	13166	31204	62048	102271	49954	102728	69397	33889	51531	69943	42901	31324	46516	42735	61467	76537	89128	39681	73833	81665	58268	41293	106327	87478	53795	13956	
30181	81179	57228	44134	75585	9758	73649	36056	29909	28771	34282	22620	28766	45378	49508	31614	10215	49145	35280	50389	0	16130	37990	22348	42422	9768	92251	17665	19241	22213	78777	40501	95887	35000	39492	17598	12079	68956	21165	80049	35776	63933	49966	44867	32624	50109	48851	79919	87138	48592	78593	28669	79452	61018	48269	25374	38650	43085	49023	78782	38751	42428	54912	15183	28530	40940	94115	27716	45035	24470	40529	94676	30963	73524	43078	17892	69629	38736	79395	11046	40636	46402	22525	57682	82961	72683	82958	25473	25680	85397	24763	34301	27789	64624	36929	37901	43546	71785	38903	27634	76559	32172	35014	53134	84272	94190	68810	10616	40682	43834	66529	23906	91513	6798	87651	25473	45642	12562	57455	12010	76488	44506	65804	20501	22609	73264	26587	32867	66337	35682	31867	40577	72910	31210	92692	
30546	67755	43803	30709	62160	24674	60224	22632	27299	12639	23996	9663	15808	31953	36083	33017	24893	52701	26798	47816	16130	0	33600	12039	28460	7153	78289	7357	29512	6083	64814	24371	81924	33441	25530	12635	6939	54993	35844	66087	19132	49971	36003	30905	18661	51412	32721	65957	54166	34630	93272	18794	65490	47056	40615	31388	24688	24504	35060	64820	24789	57108	40949	29862	33083	26978	80153	11586	34983	22125	26567	80714	28618	59561	26949	18332	55667	34490	52471	23751	30585	32440	17561	43720	68999	58720	60243	23128	26196	71435	30467	31708	29263	50662	22967	23938	25173	57822	37703	13672	62597	33546	49693	37004	70310	80227	54848	19424	26720	46148	81208	18942	77551	11612	73689	26947	46945	27241	43493	13195	91167	30544	80483	18156	21365	59302	10457	30522	52374	21720	46547	26615	58948	17248	59719	
12632	44105	80875	69153	73361	38215	112137	37964	9924	42866	23140	33256	28729	34338	59967	32759	32831	75727	15279	91918	37990	33600	0	29400	28952	27499	89642	30750	28706	37422	76168	54650	93278	9108	44757	22636	27375	80116	48927	43835	46614	87721	75801	54212	40397	75399	63000	78177	112428	49999	103883	26120	66118	87226	73559	21539	45582	51928	75231	76173	46525	67719	78699	33983	68916	37507	91507	41174	26964	14388	49372	58463	5399	85068	55901	40102	62778	79122	104685	25857	24211	43812	24335	83890	106749	72928	108249	12297	14973	49183	52525	59591	28457	48773	45772	63736	52389	69176	6356	37928	82205	9213	60304	64479	48058	57976	66202	22294	42536	81918	91819	17337	88904	31227	74972	26141	70932	40324	74718	34593	101778	52280	91094	16422	16700	60894	40736	7257	63728	42614	57158	66412	70302	42402	117982	
28397	63503	39551	26457	57908	32676	55972	16924	23335	19968	12879	4944	8463	26245	31831	39235	31111	70040	18035	55145	22348	12039	29400	0	24254	13393	74552	4539	35752	14724	61078	29010	78188	29396	21793	7252	8572	51257	42084	62350	18077	46235	32267	27168	14925	59806	37360	62221	58805	30893	99513	7724	61753	43319	49010	37628	20951	25386	31324	61083	21053	63348	37213	36103	41477	22591	76417	14845	23913	23333	22830	76978	24573	55825	29359	26727	51930	39129	57110	29992	19514	28053	5674	39984	65263	54984	64882	19083	31343	67698	38862	40103	35503	45768	19231	20202	25847	54086	33658	9936	58861	29501	55934	37937	66573	76491	51111	25665	22983	50787	87448	13559	73814	17852	69952	33187	55339	33481	39756	21218	97407	26808	86723	14156	27606	55565	15096	25356	48638	17984	52787	22878	55212	13511	64358	
30849	38223	39201	25183	55324	49790	54698	10541	25786	29830	15996	20258	15869	6086	29023	50971	51043	74563	11616	65007	42422	28460	28952	24254	0	34365	71492	26696	46373	28354	58018	42073	75128	31280	15345	23807	29952	50117	66594	39891	20844	45937	31969	24362	14627	74140	42786	60027	112301	22963	121550	19529	47968	42180	61952	39794	19812	26158	30184	58023	20755	85386	36915	51650	55811	9535	73357	22981	15769	27681	23602	46911	23964	54685	30131	41061	44628	52192	70173	43524	7389	13103	21391	38844	64965	54778	123664	20674	33228	37941	53195	54436	46124	30713	20002	19905	26619	51026	35542	15036	57721	31385	77971	38709	44114	49446	48051	39961	11633	63850	109486	25454	70754	38824	58921	43808	69673	57991	38617	39183	86438	26510	108761	25440	34591	42744	28802	18387	45578	16844	74825	22581	52151	16632	117855	
24543	72200	48249	35155	66606	19116	64670	27078	21434	19792	25303	13641	19787	36399	40529	27014	18530	57460	27032	49754	9768	7153	27499	13393	34365	0	83274	8688	23337	13277	69800	31245	86910	27576	30515	9015	3496	59979	29617	71072	26799	54957	40989	35890	23647	46224	39595	70942	55815	39615	87045	20086	70475	52041	35428	25213	29673	31378	40046	69805	29774	50880	45935	23635	27895	31963	85138	18781	36825	16260	31552	85699	22753	64547	33822	13145	60652	38101	53058	17577	32426	37425	13941	48705	73984	63706	58649	17263	20022	76420	25280	26520	23088	55647	27952	28924	34569	62808	31837	18658	67582	27680	43466	43878	75295	85213	59833	13250	31705	43199	74981	15323	82536	5385	78674	20772	41757	21014	48478	7636	84940	35529	74256	12291	15191	64287	17651	24657	57360	26705	40319	31600	63933	22233	61368	
100780	44184	68848	55117	18219	99619	52027	61942	89991	79659	73098	70087	68124	65406	47706	109138	101014	170830	75821	103008	92251	78289	89642	74552	71492	83274	0	75088	105116	76747	13055	95023	21316	97127	54542	82695	80800	31553	110977	77157	70861	62625	59893	47525	61398	157280	87410	19072	134394	47293	179485	72406	21784	52568	114149	109558	62613	74606	53541	18331	66932	119234	68706	105467	104204	63835	4518	71374	72265	92468	72051	28592	93418	36504	72264	89453	27985	104389	139664	99356	68248	61044	77796	43058	57768	27806	145757	85461	102991	41177	101588	102829	104867	42960	68451	64248	75068	27468	95287	66745	33871	97231	113334	80813	81380	33792	25884	95029	58011	140171	150298	81542	7176	87216	15814	102551	118066	102846	43047	87576	160257	64983	161830	90228	104719	26986	77194	89236	26623	65246	110417	61904	23247	64962	111399	
29748	64531	40580	27486	58937	27993	57001	19409	24685	15286	16449	5972	12118	28730	32860	34553	26428	65358	22765	50463	17665	7357	30750	4539	26696	8688	75088	0	31023	9995	62107	27224	79216	30507	22822	8363	6468	52285	37355	63379	19106	47263	33295	28197	15954	55078	35574	63249	57018	31922	94784	11294	62782	44348	44281	32899	21980	26415	32353	62112	22081	58619	38241	31374	36749	24270	77445	13748	27483	23637	23859	78006	25684	56853	30388	21998	52959	37342	55324	25263	23084	29732	9244	41012	66291	56012	63096	20195	27708	68727	34133	35374	30774	47954	20259	21231	26876	55115	34769	10964	59889	30612	51205	38966	67602	77519	52140	20936	24012	49000	82720	14671	74843	13123	70981	28458	50611	28753	40785	16490	92678	27836	81995	14937	22877	56594	13310	27589	49667	19012	48058	23907	56240	14540	62572	
21504	71317	70608	57514	88965	17573	87029	49437	21232	42151	41113	36000	42146	52311	62888	8443	10263	44879	36889	62924	19241	29512	28706	35752	46373	23337	105116	31023	0	35608	92172	57683	109282	26277	52887	30994	25474	82351	21204	71609	49171	77329	63361	58262	46019	48311	66075	93315	103167	61988	94623	41748	93891	74413	48378	12561	52045	56480	62418	92177	52147	38317	68307	5277	40845	54336	107511	41112	47138	18752	53924	86236	27353	86919	56474	34222	90551	51051	95424	9676	42739	57846	39963	71078	96357	86078	98988	29579	16957	76956	24802	30519	9723	76546	50325	51296	56941	85180	30180	41030	89955	23450	30590	66530	75831	85749	82206	12300	54078	56149	82558	32965	104908	21660	102745	5184	43844	11898	70851	28339	92517	57902	51387	24175	13886	88667	39982	33649	79732	49078	29232	53972	86306	44605	108721	
36419	66190	42238	29144	60595	26122	58660	21067	31356	9088	23794	10175	19787	30389	34518	39100	32818	50895	29436	44265	22213	6083	37422	14724	28354	13277	76747	9995	35608	0	64021	20741	81131	36345	24736	14200	12306	54200	38041	65294	15502	49178	35210	30112	17868	49597	29090	65164	50535	33837	85485	18813	64697	46262	38800	36614	23895	20874	34267	64026	23996	46298	40156	38623	31268	26185	79360	10793	40772	27352	24144	79921	31522	58768	23318	16517	54874	30859	48840	28977	36373	31646	19592	42927	68206	57927	56613	26032	31423	70642	28652	29893	34489	49869	22174	23145	21543	57029	40606	12879	61804	36449	40398	33374	69516	79434	54055	24650	25927	42517	56334	20508	76758	16838	72896	32173	45130	32057	42700	14640	63624	29751	58549	23382	26592	58509	6826	33426	51581	20927	37481	25821	58155	16454	56089	
87306	39674	53451	41643	8118	86145	36629	48467	76516	66185	59624	56613	54650	51932	32309	95664	87540	155432	62347	87611	78777	64814	76168	61078	58018	69800	13055	62107	92172	64021	0	79720	23170	83630	41046	69199	67304	16250	97481	63661	57364	47322	44590	34029	47902	141977	72107	8180	119091	33797	164182	58910	18526	37265	98846	96062	47310	61110	38238	15073	51629	105737	53403	91971	90707	50338	14919	57878	58769	78972	58554	33573	79921	21201	56961	75957	18772	89086	124361	85860	54752	47548	64300	27755	42465	12503	130454	71965	89495	36292	88092	89333	91371	29464	54955	51700	61572	12166	81790	53249	18568	83735	99838	65510	67884	38773	10581	81533	44515	124868	134995	68046	14367	73720	18535	89055	104569	89350	27744	74080	144954	49680	146527	76731	91223	17773	63698	75740	13879	49943	96921	46601	14034	51465	96096	
53647	79909	24093	42863	74314	39845	44061	34786	48585	11446	39039	25420	33506	44108	48237	57388	46541	49485	44194	23215	40501	24371	54650	29010	42073	31245	95023	27224	57683	20741	79720	0	88594	54157	38349	32012	30118	64011	39872	78907	20395	31971	28793	43724	31481	37063	10966	74975	29465	47450	82445	35530	78309	45786	25416	55476	37507	18742	33441	77639	28009	43725	21070	53953	21858	39798	94106	19904	54385	46214	22012	93534	49334	60867	14484	24565	68486	15656	33637	45795	49986	45259	37542	51897	45318	69654	41410	43844	74695	84254	34867	27337	53351	63482	24823	29915	19410	74773	58418	26492	68210	54261	39527	17960	83129	93047	67668	43513	39539	27314	42805	38320	94263	35700	86508	51035	37092	46618	46309	28345	49902	26170	48259	38586	45454	72121	15953	51238	65194	34540	36381	39434	71768	26688	34058	
104415	56784	64907	57132	27746	103255	45621	65577	93626	83295	76733	73723	71760	69041	45362	112774	104649	164424	79456	96602	95887	81924	93278	78188	75128	86910	21316	79216	109282	81131	23170	88594	0	101144	58559	88690	86795	29256	116972	81175	76855	53332	52699	51543	67393	145381	75511	16800	122494	51310	167585	79935	38306	43274	102249	113575	60317	80601	51245	34853	64636	158188	58681	111462	102227	67852	17052	77369	76283	96486	78045	47106	97435	23832	69967	95448	37631	92490	127764	105351	72265	65061	83790	40762	45869	24078	133857	89479	107009	53806	107583	108824	110862	46978	74446	64706	81063	25172	99304	72740	18402	101249	119328	68913	85397	52306	30388	101024	62028	128272	138399	89070	25783	93211	34328	108546	148212	108840	40751	93571	148357	62687	149930	94245	108736	39129	83189	93253	31392	62949	116412	59608	35390	70956	99499	
6823	51719	67817	53799	80975	35224	83314	40844	8047	42708	26020	33098	30469	37218	57639	28216	29841	72737	21796	88928	35000	33441	9108	29396	31280	27576	97127	30507	26277	36345	83630	54157	101144	0	47594	22573	27312	87747	47255	51466	46006	74545	60577	52078	43235	73727	62937	85807	110757	47864	102212	26057	73749	70787	71887	15472	48419	51438	58792	83804	49362	66047	65523	32311	67244	40344	99138	41111	31447	14398	48882	66093	7211	83292	55411	40039	70409	77450	103014	24185	27049	42155	24272	67451	93572	80559	106577	13888	13301	56814	50853	57919	23062	56403	45283	48512	51899	76807	5470	37865	89836	3132	58633	63989	55689	65607	73832	20622	45373	80246	90147	17274	96535	28212	82602	24469	69260	38653	62098	34530	100106	55117	89422	16360	15735	68525	40673	14078	71359	45451	55486	51188	77932	41441	116310	
46654	39659	31673	9055	38390	46860	40611	9183	41592	26900	20339	17328	15365	11785	12313	56379	48255	71633	27422	62077	39492	25530	44757	21793	15345	30515	54542	22822	52887	24736	41046	38349	58559	47594	0	30507	28613	36010	58790	54209	18673	38093	22428	7521	9211	70345	39047	43440	104457	11117	149548	20218	42106	28072	58157	54805	4399	22419	16077	41436	15338	67046	29071	53279	52016	8337	56770	19186	32169	39128	19863	43347	40364	40578	26392	37266	32283	48397	109727	47168	19363	12598	25608	24736	57121	38191	115820	37074	49627	36683	49401	50641	52680	27149	16264	12060	22880	34439	51942	14558	47468	47785	61146	34970	58431	45882	31464	42841	4676	60055	120361	29354	54167	35029	50305	50364	65878	50658	21699	35388	130320	21093	131892	37081	44783	35918	25007	34787	28991	5072	58229	14736	35564	12774	110010	
21633	52373	48186	35092	66543	27926	64608	20085	16571	20563	12983	13579	12199	29407	40466	34486	26361	65291	14650	55740	17598	12635	22636	7252	23807	9015	82695	8363	30994	14200	69199	32012	88690	22573	30507	0	6145	59874	37184	70967	26694	54852	40884	35785	23542	54906	40833	70838	62277	39510	94612	7828	70370	51936	44109	29705	29568	34003	39941	69700	29669	58448	45830	31202	36577	25774	85034	19007	24017	16550	31447	63982	17790	64442	37976	21827	60547	42601	60583	25091	19618	31236	4926	48600	73879	63601	68355	12300	24560	52091	33961	35202	30602	45872	27848	28819	34464	62703	26875	18553	67477	22718	51033	46554	75190	66199	59728	20764	24531	54260	82548	6777	82431	12952	78569	28287	50439	28581	48373	16318	92507	35424	81823	8400	23335	64182	18569	19694	57255	26600	47887	31495	63828	22128	67831	
22951	70243	46292	33198	64649	22406	62713	25121	21310	18669	19128	11684	16065	34442	38572	28966	20842	59771	20326	53045	12079	6939	27375	8572	29952	3496	80800	6468	25474	12306	67304	30118	86795	27312	28613	6145	0	57998	31683	69091	24818	52975	39008	33909	21666	49405	39660	68961	58995	37634	89111	17234	68494	50060	38608	27227	27692	32127	38065	67824	27793	52947	43954	25701	31076	29982	83157	17131	32672	16101	29571	83718	23484	62566	36100	16326	58671	41428	56239	19590	28274	35444	11090	46724	72003	61725	61829	17995	22035	74439	28460	29701	25101	53666	25971	26943	32588	60827	32569	16676	65601	28412	45532	44678	73314	83232	57852	15263	29724	46380	77047	12471	80555	7451	76693	22786	44938	23080	46497	10817	87006	33548	76322	12131	17204	62306	17396	25389	55379	24724	42385	29619	61952	20252	64549	
77784	43623	37859	29966	20579	76324	21038	40313	72722	56364	51469	46792	46495	49634	25936	85843	77718	139841	58552	72019	68956	54993	80116	51257	50117	59979	31553	52285	82351	54200	16250	64011	29256	87747	36010	59874	57998	0	88268	66840	48151	31625	28892	30964	38689	126280	56410	11516	103393	36975	148484	51230	32876	21567	83149	84283	31612	51897	22541	29422	35932	96524	37705	82757	83126	46214	33406	48664	61947	70140	49341	37694	71376	5503	41263	66744	23296	73389	108663	76646	57930	50726	55086	12057	26768	6195	114757	68085	80639	39470	78878	80119	82157	32642	45742	36002	52358	11314	84969	44036	6399	86913	90624	49812	71062	40969	15783	72319	43207	109171	119298	60366	30803	64507	32885	79842	129111	80136	21226	64866	129256	33983	130829	66559	74260	27228	54485	65799	17057	34245	87707	30904	24450	42252	80398	
41725	100420	76469	63375	94826	15552	81359	55298	41453	40297	53994	42332	48478	64619	68749	33781	15737	25381	57110	44784	21165	35844	48927	42084	66594	29617	110977	37355	21204	38041	97481	39872	116972	47255	58790	37184	31683	88268	0	134804	45243	68993	64493	59394	47151	30223	47987	94446	50676	63119	64583	48408	93979	75545	30289	32061	53177	47137	63550	93309	53278	18921	69439	17088	22757	55467	108642	40076	64934	36548	50407	109203	45149	88051	49581	17103	84156	32963	47920	22460	60536	60929	42264	72209	82339	87210	68948	45213	34753	99924	6714	12431	29936	79151	51456	52428	47805	86312	47976	42162	91086	41246	11506	54981	139026	135305	83337	30096	55209	38061	52519	43645	106040	26538	102178	27620	25756	9753	71982	26465	62477	59033	31990	40240	31683	87791	37151	51445	80864	50209	9835	55104	87437	45737	56230	
54973	31750	68596	56874	61006	87418	99858	52711	52265	67458	47376	57885	58431	40997	49036	75101	75172	160882	42997	144548	80049	66087	43835	62350	39891	71072	77157	63379	71609	65294	63661	78907	81175	51466	54209	70967	69091	66840	134804	0	28554	43885	31965	29250	17267	133136	54309	62292	110249	32975	155340	32557	63835	43390	68037	64685	21477	32299	31395	63164	23395	76927	34863	63160	61897	28024	78498	29067	44508	55423	29744	76920	52703	55896	41192	47146	54012	58278	115519	57049	40109	33486	35489	40055	62913	55055	121612	49412	59494	67640	59281	60522	62560	67230	26144	19901	32761	56167	64280	24438	58932	60123	71027	49770	4223	76433	53193	52722	25065	116027	126154	41693	75896	44909	72034	60244	75759	60539	39828	45269	136112	29150	137685	46962	54663	57647	34887	47126	50719	20065	68110	22577	57293	22655	115803	
45066	60304	21483	23258	54709	38084	52773	13557	40004	10483	23224	13612	18250	22878	28632	52663	44780	65879	29279	45660	35776	19132	46614	18077	20844	26799	70861	19106	49171	15502	57364	20395	76855	46006	18673	26694	24818	48151	45243	28554	0	31757	26134	24213	11970	53463	21996	59266	51732	27938	98844	21280	58798	40364	41816	52489	17996	6002	28369	58128	18097	57996	18412	50856	36130	21300	73462	5654	35887	43226	5807	74022	42703	52870	11826	28750	48975	32056	50037	44852	31489	26762	23292	37028	52339	52029	57810	37213	47298	64743	40885	41609	50364	43970	4313	17247	10050	51131	51787	9007	55905	47630	52630	20984	63618	73536	48156	40525	20028	43714	59205	31689	70859	32713	66997	48048	50047	44290	36801	26872	66302	23512	64659	34765	42466	52610	8666	38505	45683	15028	49713	19923	52256	6945	56983	
73604	75635	11195	31659	50567	71302	16497	36596	68542	40801	47289	41770	42316	45917	31027	80821	72696	75166	54372	39979	63933	49971	87721	46235	45937	54957	62625	47263	77329	49178	47322	31971	53332	74545	38093	54852	52975	31625	68993	43885	31757	0	15978	36041	30941	62845	24459	42589	49342	41971	123990	46231	54550	13815	51198	78360	33291	26210	24220	53370	27137	72050	11260	76834	51175	41698	64478	42741	58182	69097	28374	59615	66377	30945	19934	60821	45514	41438	57663	70723	53784	47160	49163	19925	16138	35352	62188	63086	73168	60880	64365	56835	76234	54052	39818	33575	23528	40648	92524	38113	38288	73798	69025	17861	78695	62889	41943	66396	38739	53096	94804	55367	61876	58584	62749	73919	62874	74213	29964	58943	104762	22772	106335	60636	68337	49149	37523	60800	41686	35924	65878	32583	47499	36329	48447	
59636	63715	15150	16384	47549	57334	25756	22628	54574	29129	33321	27802	28348	31949	15752	66853	58728	127102	40404	49138	49966	36003	75801	32267	31969	40989	59893	33295	63361	35210	44590	28793	52699	60577	22428	40884	39008	28892	64493	31965	26134	15978	0	20780	18526	113218	27191	39856	90332	26711	135423	32955	51532	13182	53930	65084	18031	20350	6351	50353	14822	77325	9152	63558	47843	28422	61746	29465	44906	55821	22514	56598	53101	30313	14074	47545	42496	44170	95602	57447	40508	33884	35887	17619	28033	32619	101695	49811	59893	53583	59680	53322	62959	38508	26543	14487	17668	37631	64679	24837	36496	60522	71425	22653	66914	59872	38925	53120	25463	96109	106236	42091	59143	45308	59731	60643	65606	60937	19219	45667	116195	6794	117768	47360	55061	46132	31663	47524	38669	20664	68508	11355	44482	23053	95885	
51137	30979	37048	5842	31374	52235	38984	14558	46075	32275	25714	22703	20741	21090	6024	61755	53630	77008	31905	67452	44867	30905	54212	27168	24362	35890	47525	28197	58262	30112	34029	43724	51543	52078	7521	35785	33909	30964	59394	29250	24213	36041	20780	0	14394	75529	44230	36642	109640	6107	154731	25402	35309	26424	63340	59988	9082	27602	14429	34639	16393	72230	34254	58463	57200	19584	49973	24370	28317	44312	25047	39587	44804	35532	31575	42449	25486	53581	114910	52352	24300	17675	30792	19690	41275	31394	121003	41513	54067	31672	54584	55825	57863	22139	21447	17243	28064	27642	56382	19741	40671	52225	66330	40154	47412	40872	24667	48025	11176	65239	125545	34538	47370	40212	43508	55547	71062	55842	14369	40572	135503	25871	137076	42265	49966	29121	30190	39227	22194	9946	63413	11365	28767	17958	115194	
42295	49017	25066	13796	45247	39992	43311	7714	37232	20032	15979	10460	11006	17035	19170	49511	41387	64765	23062	55209	32624	18661	40397	14925	14627	23647	61398	15954	46019	17868	47902	31481	67393	43235	9211	23542	21666	38689	47151	17267	11970	30941	18526	14394	0	63405	32107	47912	98160	18423	143252	15737	49283	29010	51217	47865	7097	15479	17015	48613	6128	60106	22775	46340	45076	13472	63947	12247	27688	38603	12923	62539	35882	41516	19452	30326	39460	41457	103431	40229	23289	18934	18668	25675	50825	40675	109524	32592	42674	53260	42461	43702	45740	52850	9324	3656	15941	41616	47460	7618	44552	43303	54206	28031	52135	62053	38641	35902	10513	53115	114065	24873	61344	28089	57482	43424	58938	43718	25448	28449	124024	11883	72358	30141	37843	43095	18067	30305	36168	5513	51290	8440	42741	5834	103714	
68197	164886	107447	74930	106381	42659	105621	66853	67925	42971	69580	55960	65573	76174	80304	69630	42844	17125	83582	26615	50109	51412	75399	59806	74140	46224	157280	55078	48311	49597	141977	37063	145381	73727	70345	54906	49405	126280	30223	133136	53463	62845	113218	75529	63405	0	41739	135786	33239	78975	41023	62957	109835	110952	12329	64039	69033	55351	118169	109165	69134	16716	103167	44331	19517	71323	154917	51430	94525	66139	58621	177890	74740	121679	51503	31965	100012	22213	19720	56489	90127	76785	63492	82670	98063	130465	26735	76966	64344	168611	26488	21066	66453	168200	57306	122366	56020	135584	77567	58018	129021	70837	29988	48733	167486	177404	140053	60888	71065	14101	10630	80352	155074	55418	157155	64137	6739	36996	87838	37913	20589	112414	12846	56479	61274	103647	47478	81036	96720	66065	26029	125042	103293	61593	38793	
61997	86059	24964	43632	76437	48195	36448	35499	56934	19796	43423	33769	38450	44820	41240	65738	54891	54161	51221	24096	48851	32721	63000	37360	42786	39595	87410	35574	66075	29090	72107	10966	75511	62937	39047	40833	39660	56410	47987	54309	21996	24459	27191	44230	32107	41739	0	67362	38266	49147	82337	45657	78908	38173	30092	63826	39205	20276	32074	77729	26643	50944	19703	62346	30069	44058	86492	30031	57451	54564	23546	83973	57684	53254	13117	32958	69872	20332	38313	54188	53053	49520	47669	44284	37705	62041	51112	52194	83088	90350	43259	35730	61701	65179	26357	28548	17890	67160	66768	30117	60597	62611	47920	10347	89225	99143	71629	51862	41237	31990	47481	46670	86649	44050	87107	59385	41768	55010	54322	36694	54578	24803	52935	46936	53804	73507	26080	59588	66044	36237	44773	30352	71857	28288	37371	
89314	41683	48823	40930	12756	87288	32002	51277	78525	67328	62433	57756	57459	53940	30261	96807	88682	150805	64355	82983	79919	65957	78177	62221	60027	70942	19072	63249	93315	65164	8180	74975	16800	85807	43440	70838	68961	11516	94446	62292	59266	42589	39856	36642	47912	135786	67362	0	118637	36209	163729	62554	26776	32891	98393	98474	42936	63221	33865	23323	47256	107848	49029	94081	98370	52751	22357	59988	61181	81385	60665	41823	82334	16827	52587	78068	22530	88633	123908	87970	57164	49960	66410	23381	42012	8348	130001	74378	91907	38704	90202	91443	93481	31877	57065	47326	63682	10071	84203	55360	8161	86147	101948	65057	70296	47023	15287	83643	46927	124415	134542	71690	20385	75831	26785	91165	144355	91460	25650	76190	144501	45307	146073	79144	85584	24028	65809	78152	16291	45569	99031	42228	20289	53576	95643	
