//--------------------------------------------------------------------------------------------------------------------
//-- données sur l'Ardèche récupérés par le géocodeur (matrice symétrique)
//-- 
//-- C. Duhamel, P. Lacomme C. Prodhon - JUILLET 2009 : 5365 kg à collecter, flotte de capa 7500
//--------------------------------------------------------------------------------------------------------------------
107 4 999999 0 0 0
15 100 35 1.1
15 200 50 3.2
2 500 120 2.7
2 1000 175 5.5
0   // la ville qui represente le depot
0	61985	45247	55290	45971	90506	53022	161890	31668	4550	98190	82040	127024	26825	105440	41060	58095	15815	31997	18467	109081	26875	60263	53941	26365	40419	26987	55415	122987	98776	113042	116098	97050	113287	97803	45396	19565	106932	107572	97324	31720	86579	46018	46104	20983	91238	65685	94055	33188	67986	94457	99026	61229	47635	69308	53743	48186	111138	114839	40613	58101	58050	51316	48331	91346	42467	28771	20800	26948	88629	70986	51775	55741	30079	103064	61872	48623	93754	158845	16966	43010	86902	30594	97302	55354	42930	59098	39052	53001	62031	23385	45001	72551	97398	17142	126291	82658	76944	126592	51942	13210	82566	64885	93081	73766	83096	69925	35673	
61985	0	80895	105857	81619	34194	14602	73808	24137	50571	52655	61296	70712	29190	49128	55890	4281	79274	76764	47735	83156	63835	21843	101896	63016	82251	63946	9242	60445	47874	56730	59786	40738	50745	41491	82355	56216	50620	51260	30569	73023	25845	12344	56118	62780	50011	22094	56138	23806	97661	45895	42714	4947	88938	23690	108541	15939	54826	52297	67550	90995	103605	102108	99795	35035	85627	26139	29409	62886	25558	35841	11576	9424	25637	59580	108684	60039	45193	73168	46233	37476	30591	28248	40990	8342	81164	13019	74700	92709	91707	32778	80649	28326	52562	34602	56295	37337	118039	70280	87590	42141	26254	8573	30539	114309	37620	118150	20695	
45247	80895	0	13734	13268	127250	89766	198634	75810	49758	134934	113078	163768	71983	142184	72098	94839	37476	34965	34533	126679	42341	97007	9387	57403	13899	43008	92159	159731	140930	149785	152842	133794	150031	134547	35515	50647	143675	144316	134067	21947	123323	104404	77142	25786	143066	102429	149194	94234	11442	138951	135770	97973	17863	106052	19174	84930	147882	151583	60118	22907	13496	6761	3084	128090	32227	87637	74905	19487	125373	128897	88519	92485	79572	139808	17317	75948	130498	195589	36339	111950	123646	99535	134046	92098	25697	95842	6348	24621	10065	68543	4750	109295	145617	43012	163034	130392	25916	163336	10864	62517	119309	101629	129825	22186	119839	26026	89686	
55290	105857	13734	0	11865	134524	97041	205908	83085	64343	142209	106548	171042	79257	149458	61971	102113	41957	31572	47236	112317	38404	104282	4465	50313	19995	39084	99433	167006	148204	157060	160116	141068	157306	141821	24249	46603	150950	151590	141342	21914	130597	111679	67015	38490	115746	109704	116153	79097	8144	118964	143044	105247	7202	113326	3424	92204	155156	158857	45756	9621	6959	6844	12984	135365	24519	94911	82180	29154	132648	136171	95794	99759	86847	147082	8250	61586	137772	202863	49043	88919	130921	76504	141320	99372	21772	103116	19261	13355	14178	75817	12580	116569	121906	77845	170309	103569	11554	170610	7027	62160	126584	108903	137100	7824	127114	11664	96961	
45971	81619	13268	11865	0	110386	72902	181769	58946	58739	118070	103430	146903	55119	125320	62450	77974	36352	25967	35256	120700	32799	80143	21709	47754	9012	33479	75294	142867	124065	132921	135977	116929	133167	117683	22248	40998	126811	127451	117203	16309	106459	87540	67494	26510	112628	85565	115444	73492	23764	122086	118905	81109	4596	89188	10704	68066	131018	134718	54138	9640	25818	19083	16099	111226	18914	70773	58041	20211	108509	112032	71655	75621	62708	122944	20554	70013	113633	178725	37063	83314	106782	70899	117182	75234	16168	78978	6920	11354	23080	51678	12769	92431	128753	43736	146170	113528	23023	146472	19710	56556	102445	84765	112961	19293	102975	23133	72822	
90506	34194	127250	134524	110386	0	48985	44077	53483	74903	55135	24795	38272	58536	16688	47329	38664	87331	106109	77080	55179	76847	48424	131242	74403	111597	76958	37337	32399	14358	24289	27345	8297	22699	7975	94696	69028	18179	18819	10980	102369	11899	36972	46520	92126	16494	43668	22622	47014	127007	12379	9198	30211	118283	40127	137886	43265	22386	24250	63997	120340	132951	131454	129141	2213	92439	49347	58755	92232	20152	7365	39672	43807	54983	55960	138030	56486	47099	43436	75579	40957	4249	48730	8550	42725	110509	47402	104045	102301	121052	62123	109995	35486	19046	63948	28248	5575	104416	37840	116936	67096	8865	28103	18804	101237	40256	97396	50041	
53022	14602	89766	97041	72902	48985	0	83964	15101	41534	44494	75181	85895	20154	64311	59811	10613	70237	67727	38698	97041	56715	7241	92860	55897	73214	56827	14131	70601	61759	71913	74969	55921	60901	55377	75236	49097	65803	66443	44937	63987	39098	26377	70003	53744	63896	12663	70024	31193	88625	59780	56599	18832	79901	15529	99504	6902	70009	62453	70145	81958	94568	93071	90758	48920	76591	24665	20373	53849	36243	49726	10492	8260	16600	51419	99648	67425	37031	83323	37197	48050	44476	35635	53440	7873	72127	11616	65663	83672	82670	23741	71613	20165	66447	25565	67477	51222	109003	85463	78554	33104	40139	22459	40695	105273	29459	109113	11658	
161890	73808	198634	205908	181769	44077	83964	0	94760	116180	56355	66899	12881	99813	33201	100649	74733	152693	150182	121153	83053	130166	76594	175315	127723	155670	130278	78615	14827	48880	21112	18364	35764	29999	51834	148015	122347	29965	25945	41432	146442	45983	78249	90378	136199	56417	71839	62959	88291	171080	54483	49477	71488	162356	68297	181960	84542	21676	22298	117317	164414	177024	175527	173214	40865	159046	90624	100032	136305	48323	50786	80949	82851	96260	52708	182103	109806	56291	3045	119652	82234	47831	90008	38582	86551	154583	79874	148119	166128	165125	103401	154068	63657	58969	105225	28289	49433	191458	9935	161009	108373	50142	69380	46975	187728	68427	150716	91318	
31668	24137	75810	83085	58946	53483	15101	94760	0	28696	68218	79723	89139	4963	67555	47900	20210	45002	47474	17458	101583	43877	22378	79419	43059	59774	43989	17530	85738	66301	75157	78213	59165	76038	59918	62398	36259	69047	69687	57648	43734	48694	26991	52996	26271	68437	27800	74565	18424	75184	64322	61141	23344	59648	30666	65757	10301	73253	77590	57307	61705	81128	79631	77318	53462	59469	11827	5182	33597	46067	54268	13891	17856	3762	73092	86207	55515	63781	94303	15956	36140	49018	23724	59417	17469	51874	21213	52222	63419	69229	8551	58172	35302	70989	10375	96318	55764	95562	88707	65113	20266	44681	27000	55833	91832	53123	95672	4005	
4550	50571	49758	64343	58739	74903	41534	116180	28696	0	101109	74293	113292	20584	91708	36330	46651	22609	38901	21386	96153	26030	48819	58491	25520	54073	26142	43970	107419	90454	99310	102366	83318	97719	84071	44551	18720	93200	93840	81801	36271	79303	41468	41374	25533	83491	54241	86307	28638	72536	88475	85294	47497	57125	57107	63233	36742	97406	99271	39768	57256	62601	55866	52881	77614	41622	24221	18010	31498	71323	66436	40331	44297	25528	105983	73083	43893	96673	118456	19885	38460	73170	26044	83570	43910	42085	47654	43602	52156	66581	19963	49551	61743	89650	15397	129209	68591	76099	112860	56492	8660	68834	51153	76304	72921	86014	69080	30445	
98190	52655	134934	142209	118070	55135	44494	56355	68218	101109	0	78911	60721	70245	53789	109902	49331	112817	110306	81277	109294	117681	37980	135439	105988	115794	120923	64223	40969	69468	53291	50544	51200	32443	62091	134161	99188	50553	47313	45050	106566	49600	76468	96417	96323	70610	33224	76738	81284	131204	66495	63314	70037	122480	29683	142083	56994	50879	37781	120236	124537	137148	135651	133338	53185	119170	74756	70464	96429	36356	60456	60583	44236	66692	9110	142227	117517	8517	53691	79776	77775	55668	85726	48719	47936	114706	41259	108242	126251	125249	78182	114192	26025	73161	80210	28230	59690	151582	58846	121133	83196	57979	73693	40808	147852	15628	151692	61750	
82040	61296	113078	106548	103430	24795	75181	66899	79723	74293	78911	0	62127	84695	34374	41205	64823	81207	83593	103239	35732	70722	71460	111719	68279	98766	70834	63496	57962	16736	48144	51200	32956	47357	16814	88571	62903	35651	39671	34017	96474	34936	60791	40395	99514	9198	66704	12015	57730	115398	12416	18441	56369	101818	63163	107926	69423	46241	48664	61458	101276	113116	114098	117596	26871	86314	64327	84914	96214	43189	30119	65830	69966	72987	80618	114407	45016	70135	67291	101737	40064	27003	52430	33208	68883	86778	73560	108317	96177	147211	88282	114267	58522	15358	90106	52907	21094	101877	61695	113322	66434	31902	54261	41841	98698	63292	94857	76199	
127024	70712	163768	171042	146903	38272	85895	12881	89139	113292	60721	62127	0	94021	27409	94857	74150	134859	141595	112566	70865	124375	76786	166728	121931	147082	124486	72823	21101	43088	15320	11972	29972	36404	46042	142224	116555	24173	20153	41624	137854	47384	72457	84586	127611	50625	72030	57167	82499	162492	48691	43685	65696	153769	68489	173372	78750	15884	28703	111525	155826	168436	166939	164626	35073	139966	84833	94241	127717	48515	44995	75157	79293	90468	63755	173515	104014	62696	14091	111064	76442	42039	84216	34576	78210	145995	80065	139531	149829	156538	97609	145480	63848	53177	99433	34694	43641	151943	2303	152421	102581	44351	63588	47167	179140	68618	144924	85526	
26825	29190	71983	79257	55119	58536	20154	99813	4963	20584	70245	84695	94021	0	72563	52907	25218	40203	42675	12658	106591	49110	27387	76203	48292	45837	49222	22538	90746	71309	80165	83221	64173	81046	64926	67631	41492	74055	74695	62656	38935	53702	31998	58003	21472	73446	32809	79573	23431	71968	69330	66149	28352	54849	35674	60957	15309	78261	82598	62540	56906	77912	76414	74101	58470	51539	16834	2892	28797	51075	59276	18899	22864	8769	78100	82991	60522	68789	99311	11157	41147	54026	28731	64425	22477	47075	26221	49006	58620	66013	3751	46850	40310	75997	5432	101326	60772	92346	93715	53791	25273	49689	32008	60841	88616	58131	92456	9013	
105440	49128	142184	149458	125320	16688	64311	33201	67555	91708	53789	34374	27409	72563	0	62219	52568	102221	120013	90984	68815	91737	56973	145146	89293	125501	91848	51242	26469	17638	16650	19707	8390	27044	19708	109586	83917	4157	8177	21811	116273	25803	50876	61409	106030	25175	52217	31717	60918	140911	24112	17615	44115	132188	48676	151791	57169	14747	17170	78887	134245	146855	145358	143045	13492	107328	63251	72659	106136	28702	23413	53576	57711	68887	58062	151934	71376	55648	35797	89483	54861	20458	62634	12995	56629	124414	60252	117950	117191	134956	76027	123899	44035	27727	77852	29171	20464	119305	30201	130840	81000	22769	42007	27353	157559	48805	112286	63945	
41060	55890	72098	61971	62450	47329	59811	100649	47900	36330	109902	41205	94857	52907	62219	0	59419	40348	42734	59650	63067	29863	67209	67274	27419	57906	29974	53756	89093	57942	80983	84040	64991	79393	47376	47712	22044	63776	75514	63475	55615	60977	41566	5313	58654	50405	77232	53221	29594	70953	53623	48598	50966	60958	78828	67066	53026	79080	80945	17013	60417	68671	79721	76737	59288	45455	36191	53200	55354	62719	52207	53579	64562	44851	118147	69962	9255	87438	100130	58148	34660	54844	24294	65244	63480	45918	68156	67457	55317	93775	56569	73407	75825	56564	50869	84943	41824	57432	94534	73818	30928	50507	48858	71299	54253	80595	50412	49767	
58095	4281	94839	102113	77974	38664	10613	74733	20210	46651	49331	64823	74150	25218	52568	59419	0	75219	72709	43680	86620	61697	17788	97842	60879	78197	61809	12706	60930	51338	60194	63250	44202	51230	44956	80218	54079	54084	54724	35267	68969	28671	15808	59582	58726	53475	18039	59603	27270	93607	49359	46178	8411	84883	19636	104486	11884	58291	52782	75127	86940	99551	98053	95740	38499	81573	29647	25355	58831	26043	39305	15474	5369	21582	55525	104630	63503	41138	73653	42179	40940	34055	31712	44455	4287	77109	8964	70645	88654	87652	28723	76595	24271	56026	30547	56780	40801	113985	73744	83536	38087	29718	12038	31024	110255	33565	114095	16641	
15815	79274	37476	41957	36352	87331	70237	152693	45002	22609	112817	81207	134859	40203	102221	40348	75219	0	16182	24279	108247	10468	77834	47603	25530	32394	17359	72986	140558	97941	120982	124039	104991	130858	87375	32317	18774	103775	115513	114894	23696	100976	55254	45270	17636	90404	83256	93220	42423	49658	93622	88597	78800	34752	86879	40860	65757	119079	132410	39778	36809	51712	44977	41992	99287	19249	41297	42074	20610	106200	92206	69346	73312	42605	120635	50710	47789	111325	176416	23511	52245	94843	39830	105243	72925	19712	76669	32713	33751	59031	36869	38663	90122	96563	34285	143861	81823	53179	134533	45604	25736	90506	82456	110652	49449	100666	53290	49158	
31997	76764	34965	31572	25967	106109	67727	150182	47474	38901	110306	83593	141595	42675	120013	42734	72709	16182	0	30146	110646	10340	75324	38616	27930	21315	13655	70475	138048	100341	128102	131158	112110	128348	89774	21932	21174	121992	122632	112384	19024	101639	66498	47669	21400	92804	80746	95620	53668	42295	96022	90997	76289	24367	84368	30475	63246	126198	129899	42178	26424	42246	42467	39482	106407	8864	52292	45670	18099	103690	94606	66836	70801	53600	118125	40325	50188	108814	173906	31952	63490	101963	51074	112362	70414	9327	74158	29148	23366	56520	39307	36152	87611	98963	38625	141351	84223	42794	141652	37227	36731	97626	79945	108142	39064	98156	46462	68003	
18467	47735	34533	47236	35256	77080	38698	121153	17458	21386	81277	103239	112566	12658	90984	59650	43680	24279	30146	0	125309	37457	46105	43197	44892	33244	40699	41256	108829	90027	98883	101939	82891	99129	83644	53937	38092	92773	93413	83165	26341	72420	44500	64631	8879	92164	51527	98291	35933	57242	88048	84867	47070	42256	55149	48364	34027	96979	100680	59140	44313	47306	40571	37587	77188	38945	29336	15589	16204	74471	77994	37617	41582	21271	88905	51127	67150	79595	144686	1872	53649	72744	41233	83143	41195	34482	44939	28307	46027	51287	9226	34257	58392	94715	8544	112132	79490	60683	112433	41198	28050	68407	50726	78923	56953	68937	60793	21515	
109081	83156	126679	112317	120700	55179	97041	83053	101583	96153	109294	35732	70865	106591	68815	63067	86620	108247	110646	125309	0	92559	104222	118264	85931	120603	92671	85333	86569	46217	71339	72507	63334	77736	47192	99202	84740	70087	74107	64395	118311	65314	82628	62232	121351	37216	104472	30674	79567	121943	42795	48820	78206	120043	93542	116265	91260	72207	83100	72170	115196	120799	120643	126783	57250	112183	86164	106750	118050	73568	60498	87667	91802	94823	110997	115817	51114	100514	84258	123574	61901	57381	74266	63587	90720	118795	95397	130154	110096	127977	110119	125421	88901	36479	111943	83285	49596	108422	72470	119868	88270	62280	76098	72219	105244	93671	101403	98036	
26875	63835	42341	38404	32799	76847	56715	130166	43877	26030	117681	70722	124375	49110	91737	29863	61697	10468	10340	37457	92559	0	64019	45448	15058	28147	6887	59170	118620	87469	110510	113567	94519	108920	76903	34015	8302	93303	105041	93002	28549	90504	53627	34798	28763	79932	69441	82748	40796	49127	83150	78125	59656	31199	91732	37307	51941	108607	110472	29306	33256	49078	49830	46846	88815	15695	39420	46556	25463	83481	81734	55531	59496	40728	125488	47157	37317	116178	129657	39316	50618	84371	38203	94771	59109	16159	62853	37567	30198	63884	46671	43516	94975	86091	43942	148715	71351	49626	124061	44058	23860	80034	63312	115506	45896	105520	49736	45645	
60263	21843	97007	104282	80143	48424	7241	76594	22378	48819	37980	71460	76786	27387	56973	67209	17788	77834	75324	46105	104222	64019	0	100101	63138	80456	64068	21372	63360	61120	64672	67728	48680	53660	54738	82477	56338	58562	59202	37696	71228	41403	33618	77244	60985	63257	5422	69384	38434	95866	59141	55960	26073	87142	8288	106745	14143	62768	55212	77386	89199	101810	100312	97999	48281	83832	31906	27614	61090	29002	53102	17733	12443	23841	44178	106889	74667	29790	76082	44438	55291	48314	42876	46199	15114	79368	8627	72904	90913	89911	30982	78854	12924	65808	32806	60236	52337	116244	78222	85795	40346	47380	29700	33454	112514	22218	116354	18900	
53941	101896	9387	4465	21709	131242	92860	175315	79419	58491	135439	111719	166728	76203	145146	67274	97842	47603	38616	43197	118264	45448	100101	0	54105	22374	42875	95674	163247	144445	153301	156357	137309	153547	138063	28041	50394	147191	147831	137583	25706	126839	107920	76890	34261	146582	105945	121313	97750	4385	142466	139285	101489	10994	109568	7215	88446	151398	155099	50915	13413	4336	2379	8519	131606	28311	91153	78421	27962	128889	132413	92035	96001	83088	143324	8158	66746	134013	199105	44814	115466	127162	103050	137562	95614	25564	99358	14822	17147	10420	72058	7997	112811	149133	74086	166550	133908	16714	166852	4805	65952	122825	105145	133341	12984	123355	16824	93202	
26365	63016	57403	50313	47754	74403	55897	127723	43059	25520	105988	68279	121931	48292	89293	27419	60879	25530	27930	44892	85931	15058	63138	54105	0	43089	15157	58339	116164	85013	108054	111110	92062	106464	74447	26064	7226	90847	102584	90546	40797	88048	52796	32341	43837	77476	68609	83078	39965	63869	80694	75669	58824	46141	71475	48674	51110	106151	108015	14370	42058	61587	64904	61919	86359	30637	38589	45725	40537	82650	79278	54700	58665	39897	113900	62878	28511	104590	127201	43331	49787	81915	37372	92315	58278	31101	62022	52640	36958	78958	49750	58590	76111	83635	43111	112013	68895	50348	121605	59000	23029	77578	62480	98370	47169	93932	43328	44813	
40419	82251	13899	19995	9012	111597	73214	155670	59774	54073	115794	98766	147082	45837	125501	57906	78197	32394	21315	33244	120603	28147	80456	22374	43089	0	28827	75926	143499	124697	133553	136609	117561	133799	118314	27456	36346	127443	128083	117835	9782	107090	88172	62842	26358	107976	86197	110792	68840	24648	122718	119537	81740	12791	89819	18899	68697	131649	135350	57350	14848	26702	19967	16983	111858	18046	67465	50628	17021	109141	112664	72287	76252	56310	123575	30523	65361	114265	179356	36910	78662	107414	66247	117813	75865	11516	79609	7551	16562	23964	44265	13653	93062	114135	43583	146802	99395	31218	147103	20594	51904	103077	85396	113593	27488	103607	31328	73454	
26987	63946	43008	39084	33479	76958	56827	130278	43989	26142	120923	70834	124486	49222	91848	29974	61809	17359	13655	40699	92671	6887	64068	42875	15157	28827	0	59282	118732	87581	110623	113679	94631	109032	77015	26886	8414	93415	105153	93114	26536	90616	53739	34910	32017	80044	69553	82860	40908	49807	83262	78238	59768	31879	72419	37987	52054	108719	110584	29418	33936	49758	49075	46091	88927	16376	39533	46668	33775	83593	81846	55643	59609	40840	128741	47837	37429	119431	129769	43966	50731	84483	38315	94883	59222	16839	62966	36659	30878	53072	50385	42761	98228	86204	44054	114582	71463	50306	124173	44738	23972	80147	63424	88575	46576	108773	51415	45757	
55415	9242	92159	99433	75294	37337	14131	78615	17530	43970	64223	63496	72823	22538	51242	53756	12706	72986	70475	41256	85333	59170	21372	95674	58339	75926	59282	0	67038	50072	58928	61984	42936	57338	43690	77582	51443	52818	53458	41419	66333	38922	13547	58316	56090	52209	26834	58337	25010	90971	48093	44912	7116	82247	29700	101851	7229	57025	58889	72491	84304	96915	95418	93105	37233	78937	20764	22719	56196	30941	38040	3636	16890	18947	72350	101994	61242	63040	78075	39543	39674	32789	29451	43189	10854	74474	20247	68009	86019	85016	26087	73959	34335	54760	27912	62887	39535	111349	72479	80900	35451	28452	10772	35922	107619	52382	111459	14005	
122987	60445	159731	167006	142867	32399	70601	14827	85738	107419	40969	57962	21101	90746	26469	89093	60930	140558	138048	108829	86569	118620	63360	163247	116164	143499	118732	67038	0	39550	14861	12113	24199	16711	39572	135754	110086	20634	17394	28145	133155	32696	65988	78116	122912	48091	58552	54219	76030	157793	43976	40146	59227	149069	55010	168673	72281	15425	9011	105055	151126	163737	162240	159927	29761	145759	78363	90921	123018	35036	38525	68687	69564	87149	43892	168816	97544	43004	14178	106365	69973	35570	77746	25295	73264	141296	66586	134832	152841	151838	104771	140781	50370	50642	96114	15002	37171	178171	19333	147722	96112	37881	57119	33688	174441	55140	178281	82207	
98776	47874	140930	148204	124065	14358	61759	48880	66301	90454	69468	16736	43088	71309	17638	57942	51338	97941	100341	90027	46217	87469	61120	144445	85013	124697	87581	50072	39550	0	31409	34465	25183	36963	7620	101021	75353	18915	22935	23623	115012	24541	49615	52845	104768	7537	56310	14079	59656	139650	5603	5936	42853	114268	52769	120376	55907	29505	31928	79477	113726	145593	144096	141783	16477	98764	61990	71398	104874	32795	19725	52314	56450	67625	72820	150672	63035	59741	50555	88221	53600	16609	61373	22814	55367	99228	60044	116688	108626	133695	74766	122638	48128	10088	76590	43930	11900	119896	44959	129579	79738	21508	40745	31447	116717	52898	112876	62683	
113042	56730	149785	157060	132921	24289	71913	21112	75157	99310	53291	48144	15320	80165	16650	80983	60194	120982	128102	98883	71339	110510	64672	153301	108054	133553	110623	58928	14861	31409	0	2805	15666	24741	31737	127918	102250	9868	5848	27319	123549	33079	58152	70281	113306	36320	57725	42862	68194	148187	34386	29380	51391	139464	54184	159067	64445	1579	14866	97220	141521	154131	152634	150321	20768	125661	70527	79935	113412	34210	30689	60852	64987	76163	56138	159210	89709	55249	20468	96759	62137	27734	69911	20271	63905	131690	65760	125226	135524	142232	83304	131175	49543	38872	85128	27247	29336	137638	14871	138116	88276	30045	49283	32861	164835	54313	130619	71221	
116098	59786	152842	160116	135977	27345	74969	18364	78213	102366	50544	51200	11972	83221	19707	84040	63250	124039	131158	101939	72507	113567	67728	156357	111110	136609	113679	61984	12113	34465	2805	0	19019	26216	35089	131271	105602	13220	9200	30671	126901	36431	61504	73633	116658	39672	61077	46214	71546	151539	37738	32732	54743	142816	57536	162419	67797	4931	18219	100572	144873	157483	155986	153673	24120	129013	73879	83287	116764	37562	34041	64204	68339	79515	53397	162562	93061	52509	17727	100111	65489	31086	73263	23623	67257	135042	69112	128578	138876	145585	86656	134527	52895	42224	88480	24506	32688	140990	11632	141468	91628	33397	52635	36214	168187	57665	133971	74573	
97050	40738	133794	141068	116929	8297	55921	35764	59165	83318	51200	32956	29972	64173	8390	64991	44202	104991	112110	82891	63334	94519	48680	137309	92062	117561	94631	42936	24199	25183	15666	19019	0	18753	16070	112252	86584	9882	10522	13420	107883	17413	42486	54614	97640	24589	43827	30717	52527	132521	20474	15862	35724	123797	40285	143400	48778	14088	16511	81553	125854	138465	136967	134654	5101	109995	54861	64269	97745	20311	15023	45185	49321	60496	52014	143544	74042	47257	35138	81093	46471	12067	54244	4604	48239	116023	51861	109559	119857	126566	67637	115509	35645	27140	69461	24303	13669	121972	29542	122450	72609	14379	33617	18963	149169	40415	114952	55555	
113287	50745	150031	157306	133167	22699	60901	29999	76038	97719	32443	47357	36404	81046	27044	79393	51230	130858	128348	99129	77736	108920	53660	153547	106464	133799	109032	57338	16711	36963	24741	26216	18753	0	30553	126735	101067	22844	19604	18404	138872	22955	56969	69097	128629	39072	48810	45200	67010	163510	34957	31776	50207	154786	45269	174390	63261	23170	9356	96036	156843	169454	167957	165644	20742	151476	69344	81180	128735	25295	29506	59668	59823	77408	33261	174533	88525	32373	29345	112082	60954	26550	68727	16276	63523	147013	56845	140548	158558	157555	110488	146498	40628	41623	112516	5550	28152	183888	34500	153439	87092	28862	48100	23947	180158	42764	183998	72466	
97803	41491	134547	141821	117683	7975	55377	51834	59918	84071	62091	16814	46042	64926	19708	47376	44956	87375	89774	83644	47192	76903	54738	138063	74447	118314	77015	43690	39572	7620	31737	35089	16070	30553	0	94602	68934	20959	24979	17203	108592	18122	43195	46426	98349	8519	49891	14647	53237	133230	4404	2023	36434	107848	46350	113956	49488	31549	33972	63903	107307	139174	137677	135364	10057	92345	55570	64978	98455	26375	13306	45895	50030	61206	63804	144253	56392	53322	52599	81802	47180	10189	54953	16394	48948	92808	53625	110268	102207	127275	68346	116218	41709	11070	70171	36093	5481	104322	47003	123159	73319	15088	34326	25027	101143	46479	97302	56264	
45396	82355	35515	24249	22248	94696	75236	148015	62398	44551	134161	88571	142224	67631	109586	47712	80218	32317	21932	53937	99202	34015	82477	28041	26064	27456	26886	77582	135754	101021	127918	131271	112252	126735	94602	0	25947	111110	122848	110809	28817	108311	72135	52604	45393	97739	87949	102288	59304	34970	100957	95932	78163	20644	108362	22610	70449	126414	128279	31891	15994	34921	34968	39558	106622	12981	57928	65064	36057	101989	99541	74039	78004	59236	142118	33000	47721	132808	147464	55946	69126	102178	56711	112578	77617	19593	81361	29163	10894	41004	63300	35455	111605	103898	62450	165345	89158	31549	141868	29901	42368	97841	81820	132135	28370	122150	24529	64153	
19565	56216	50647	46603	40998	69028	49097	122347	36259	18720	99188	62903	116555	41492	83917	22044	54079	18774	21174	38092	84740	8302	56338	50394	7226	36346	8414	51443	110086	75353	102250	105602	86584	101067	68934	25947	0	85488	97226	85187	33793	82689	46173	26982	36832	72117	61987	74933	33343	57064	75335	70310	52202	39136	64853	45244	44488	100792	102656	21491	38772	57015	57899	54915	81000	23633	31967	39102	33532	76028	73919	48077	52043	33275	107278	55094	29502	97968	121842	36400	43165	76556	30749	86956	51656	24096	55400	45635	33672	71953	42819	51585	69489	78276	36488	106654	63536	57615	116246	51996	16406	72219	55858	81009	54437	87309	50596	38191	
106932	50620	143675	150950	126811	18179	65803	29965	69047	93200	50553	35651	24173	74055	4157	63776	54084	103775	121992	92773	70087	93303	58562	147191	90847	127443	93415	52818	20634	18915	9868	13220	9882	22844	20959	111110	85488	0	4020	23708	118170	27700	52773	63306	107927	26452	54114	32994	62815	142808	24518	19512	46012	134085	50573	153688	59066	10590	13013	80784	136142	148752	147255	144942	15389	109225	65148	74556	108033	30599	25310	55473	59608	70784	53905	153831	73273	53017	31640	91380	56758	22355	64532	14892	58526	126311	62149	119847	119088	136853	77925	125796	45932	29004	79749	25014	22361	121202	26044	132737	82897	24666	43904	29251	159456	50702	114183	65842	
107572	51260	144316	151590	127451	18819	66443	25945	69687	93840	47313	39671	20153	74695	8177	75514	54724	115513	122632	93413	74107	105041	59202	147831	102584	128083	105153	53458	17394	22935	5848	9200	10522	19604	24979	122848	97226	4020	0	22542	118772	28302	53375	65504	108529	30472	52948	37014	63417	143410	28538	23532	46614	134687	49407	154290	59668	4280	10090	92443	136744	149354	147857	145544	15991	120884	65750	75158	108635	29433	25913	56075	60210	71386	50982	154433	84932	50094	25330	91982	57360	22957	65134	15494	59128	126913	60983	120449	130747	137456	78527	126398	44766	33024	80351	22091	24559	132861	19734	133339	83499	25268	44506	28085	160058	49536	125842	66444	
97324	30569	134067	141342	117203	10980	44937	41432	57648	81801	45050	34017	41624	62656	21811	63475	35267	114894	112384	83165	64395	93002	37696	137583	90546	117835	93114	41419	28145	23623	27319	30671	13420	18404	17203	110809	85187	23708	22542	0	107408	4724	41153	63780	97164	25677	32804	31805	51195	132046	21561	18380	34392	123322	29263	142925	47446	27580	20023	80220	125379	137989	136492	134179	10701	120012	53528	62936	97270	9289	15522	43853	43816	59164	51352	143069	72710	36235	40894	80617	45138	10735	52911	11010	47516	115548	40839	109084	127093	126091	79023	115034	24622	28228	68129	24021	14757	152423	43034	121975	71277	13046	32284	7941	148693	29392	113620	54222	
31720	73023	21947	21914	16309	102369	63987	146442	43734	36271	106566	96474	137854	38935	116273	55615	68969	23696	19024	26341	118311	28549	71228	25706	40797	9782	26536	66333	133155	115012	123549	126901	107883	138872	108592	28817	33793	118170	118772	107408	0	97899	78981	63362	17660	108496	77005	111313	69361	32685	113527	110346	72549	16998	80628	23106	59506	122458	126159	57871	19055	34877	28004	25019	102666	15754	55676	41929	8323	99950	103473	63096	67061	47612	114384	32956	65881	105074	170165	28212	79183	98223	66767	108622	66674	9224	70418	15740	20769	32001	35567	21690	83871	120194	34885	137611	104969	35425	137912	28631	52424	93886	76205	104402	31695	94416	35535	64262	
86579	25845	123323	130597	106459	11899	39098	45983	48694	79303	49600	34936	47384	53702	25803	60977	28671	100976	101639	72420	65314	90504	41403	126839	88048	107090	90616	38922	32696	24541	33079	36431	17413	22955	18122	108311	82689	27700	28302	4724	97899	0	38636	61263	87275	26731	34984	32859	48678	122156	22616	19435	26594	113432	31442	133036	39648	31547	24574	77704	115490	128100	126603	124290	11755	106145	51011	53904	87381	11310	13005	36055	33919	50132	53531	133179	70193	38414	45444	70728	42621	8218	50394	15561	32836	105659	37388	99195	117204	116201	57272	105144	26801	29282	59097	28572	14057	142534	47001	112085	68760	10529	29767	12491	138804	31571	111103	45190	
46018	12344	104404	111679	87540	36972	26377	78249	26991	41468	76468	60791	72457	31998	50876	41566	15808	55254	66498	44500	82628	53627	33618	107920	52796	88172	53739	13547	65988	49615	58152	61504	42486	56969	43195	72135	46173	52773	53375	41153	78981	38636	0	46165	68347	52490	33693	58618	12451	103228	48375	45194	7397	83575	35289	89683	19486	57306	59171	56195	83706	109172	107675	105362	37514	68072	14785	31794	68452	31223	39232	15892	21023	23444	84607	114251	48684	56792	78356	42568	29645	33070	16893	43470	19940	68535	24617	80266	78606	97273	35162	86216	39925	55041	36986	63169	39816	123606	72760	93157	32533	28733	11053	36204	119876	49219	95530	24905	
46104	56118	77142	67015	67494	46520	70003	90378	52996	41374	96417	40395	84586	58003	61409	5313	59582	45270	47669	64631	62232	34798	77244	76890	32341	62842	34910	58316	78116	52845	70281	73633	54614	69097	46426	52604	26982	63306	65504	63780	63362	61263	46165	0	63554	49589	77453	52405	34678	75853	52807	47782	51186	65858	79049	71966	64240	79301	81165	21913	65317	73571	84621	81637	48613	50355	41275	58284	60254	62940	52428	60647	64783	49934	102776	74862	14155	87659	100351	63048	34881	55065	29377	65465	63700	50818	68377	72357	60217	98675	61652	78307	76046	55748	55952	85163	41008	62332	94755	78718	36012	50728	49078	71519	59153	80816	55312	54850	
20983	62780	25786	38490	26510	92126	53744	136199	26271	25533	96323	99514	127611	21472	106030	58654	58726	17636	21400	8879	121351	28763	60985	34261	43837	26358	32017	56090	122912	104768	113306	116658	97640	128629	98349	45393	36832	107927	108529	97164	17660	87275	68347	63554	0	107472	66835	113599	44748	48564	103356	100175	62378	33578	70457	39686	49335	112287	115988	58090	35635	38628	31894	28909	92496	30268	38151	24404	7526	89779	93302	52925	56890	30087	104214	42450	66100	94903	159994	10687	62465	88052	50049	98451	56503	25804	60247	19630	37349	42609	18042	25579	73700	110023	17360	127440	94798	52005	127741	32520	36865	83715	66034	94231	48275	84245	52116	30330	
91238	50011	143066	115746	112628	16494	63896	56417	68437	83491	70610	9198	50625	73446	25175	50405	53475	90404	92804	92164	37216	79932	63257	146582	77476	107976	80044	52209	48091	7537	36320	39672	24589	39072	8519	97739	72117	26452	30472	25677	108496	26731	52490	49589	107472	0	58404	6541	61749	141743	4115	10140	44946	111016	54862	117124	58000	37042	39465	70656	110475	147687	146189	143876	18570	95512	64083	73491	106967	34888	21819	54407	58543	69718	72317	152766	54214	61834	58093	90315	49262	18702	61628	24907	57460	95976	62137	118781	105375	135788	76859	124731	50221	6159	78683	44606	13993	111075	52496	131672	75632	23601	42839	33540	107896	54991	104056	64777	
65685	22094	102429	109704	85565	43668	12663	71839	27800	54241	33224	66704	72030	32809	52217	77232	18039	83256	80746	51527	104472	69441	5422	105945	68609	86197	69553	26834	58552	56310	57725	61077	43827	48810	49891	87949	61987	54114	52948	32804	77005	34984	33693	77453	66835	58404	0	64688	43802	101233	54445	51264	26334	92510	3591	112113	19511	58072	50515	82754	94567	107177	105680	103367	43584	89200	37274	32982	66458	24305	48406	23100	13021	29209	39481	112256	80034	25094	71386	49805	55464	43618	48243	41502	16721	84736	10043	78272	96281	95279	36350	84222	8227	61111	38174	55539	47640	121611	73526	91163	45713	42409	29960	28758	117881	17521	121722	24267	
94055	56138	149194	116153	115444	22622	70024	62959	74565	86307	76738	12015	57167	79573	31717	53221	59603	93220	95620	98291	30674	82748	69384	121313	83078	110792	82860	58337	54219	14079	42862	46214	30717	45200	14647	102288	74933	32994	37014	31805	111313	32859	58618	52405	113599	6541	64688	0	69745	147870	10243	16268	51074	113832	60990	119324	64128	43584	46007	71063	118256	122721	123703	150004	24698	98329	70211	79619	113095	41016	27946	60535	64671	75846	78445	128247	54621	67962	64634	96442	52079	24830	64444	31035	63588	98792	68265	124909	113156	141916	82987	130859	56349	12701	84811	50734	18921	111482	59038	122927	78448	29729	48966	39668	108303	61119	104462	70904	
33188	23806	94234	79097	73492	47014	31193	88291	18424	28638	81284	57730	82499	23431	60918	29594	27270	42423	53668	35933	79567	40796	38434	97750	39965	68840	40908	25010	76030	59656	68194	71546	52527	67010	53237	59304	33343	62815	63417	51195	69361	48678	12451	34678	44748	61749	43802	69745	0	93608	59837	56656	18859	71124	46751	77232	24290	68768	70633	43904	71254	99552	98054	95741	48977	55621	6597	23606	52020	42685	44057	24844	32485	15256	89412	104631	37092	80102	89818	34380	17716	44533	5301	54932	31403	56084	36080	70646	66154	87653	26974	76596	51387	66504	28799	74631	46212	90098	84222	83537	20082	40196	22515	47666	86920	69444	83079	20173	
67986	97661	11442	8144	23764	127007	88625	171080	75184	72536	131204	115398	162492	71968	140911	70953	93607	49658	42295	57242	121943	49127	95866	4385	63869	24648	49807	90971	157793	139650	148187	151539	132521	163510	133230	34970	57064	142808	143410	132046	32685	122156	103228	75853	48564	141743	101233	147870	93608	0	138169	134988	97191	14828	105270	11050	84148	147100	150801	54750	17247	5981	4821	9450	127308	32145	86855	74124	30243	124591	128115	87737	91703	78790	139026	11193	70580	129716	194807	69355	111168	122864	98753	133264	91316	29398	95060	17104	20981	6122	67761	11247	108513	144836	69789	162253	129611	20548	162554	9338	94438	118528	100847	129043	16818	119058	20658	88904	
94457	45895	138951	118964	122086	12379	59780	54483	64322	88475	66495	12416	48691	69330	24112	53623	49359	93622	96022	88048	42795	83150	59141	142466	80694	122718	83262	48093	43976	5603	34386	37738	20474	34957	4404	100957	75335	24518	28538	21561	113527	22616	48375	52807	103356	4115	54445	10243	59837	138169	0	6025	40831	114234	50747	120342	53885	35108	37531	73874	113693	143571	142074	139761	14455	98730	59967	69375	102852	30773	17703	50292	54427	65603	68202	148650	57432	57719	56158	86199	52480	14587	59351	20792	53345	99194	58022	114666	108593	131672	72744	120615	46106	6667	74568	40490	9878	114293	50562	127556	77716	19485	38723	29424	111115	50876	107274	60661	
99026	42714	135770	143044	118905	9198	56599	49477	61141	85294	63314	18441	43685	66149	17615	48598	46178	88597	90997	84867	48820	78125	55960	139285	75669	119537	78238	44912	40146	5936	29380	32732	15862	31776	2023	95932	70310	19512	23532	18380	110346	19435	45194	47782	100175	10140	51264	16268	56656	134988	6025	0	37497	108911	47413	115020	50551	29696	32119	64966	108370	140237	138740	136427	11121	93408	56633	66041	99518	27439	14369	46958	51093	62269	64868	145316	57455	54385	50746	82865	48243	11253	56017	17458	50011	93871	54688	111332	103270	128338	69410	117281	42772	13334	71234	37156	6544	105385	45150	124222	74382	16151	35389	26090	102207	47542	98366	57327	
61229	4947	97973	105247	81109	30211	18832	71488	23344	47497	70037	56369	65696	28352	44115	50966	8411	78800	76289	47070	78206	59656	26073	101489	58824	81740	59768	7116	59227	42853	51391	54743	35724	50207	36434	78163	52202	46012	46614	34392	72549	26594	7397	51186	62378	44946	26334	51074	18859	97191	40831	37497	0	88073	27892	107676	13054	49909	51774	62603	90130	102740	101243	98930	30117	84762	21193	28544	62021	23826	30924	9461	13626	24772	78176	107819	55092	49395	70959	45368	32559	25673	23301	36073	12544	80299	17220	73835	91844	90842	31913	79784	32528	47645	33737	55772	32420	117174	65363	86725	38941	21337	3656	28807	113444	41822	117284	19830	
47635	88938	17863	7202	4596	118283	79901	162356	59648	57125	122480	101818	153769	54849	132188	60958	84883	34752	24367	42256	120043	31199	87142	10994	46141	12791	31879	82247	149069	114268	139464	142816	123797	154786	107848	20644	39136	134085	134687	123322	16998	113432	83575	65858	33578	111016	92510	113832	71124	14828	114234	108911	88073	0	94256	6108	73135	136087	139787	52574	6055	17879	17927	20695	116295	17317	70519	55558	21951	113578	117101	76724	80690	61240	128013	15958	68404	118702	183794	41841	81717	111851	69301	122251	80303	14570	84047	11516	9789	23962	49195	17365	97500	117190	48513	151239	102450	18427	151540	12860	54958	107514	89834	118030	14697	108044	18537	77891	
69308	23690	106052	113326	89188	40127	15529	68297	30666	57107	29683	63163	68489	35674	48676	78828	19636	86879	84368	55149	93542	91732	8288	109568	71475	89819	72419	29700	55010	52769	54184	57536	40285	45269	46350	108362	64853	50573	49407	29263	80628	31442	35289	79049	70457	54862	3591	60990	46751	105270	50747	47413	27892	94256	0	115464	22452	54478	46921	85695	97917	110528	109031	106718	39990	92550	40215	35923	69809	20711	44812	26042	14565	32150	35887	115607	82970	21500	67792	53156	57008	40024	51179	37908	18265	88086	11588	81622	99632	98629	39291	87572	4633	57517	41115	51945	44046	124962	69932	94513	48654	42335	31505	25164	121232	13927	125072	27208	
53743	108541	19174	3424	10704	137886	99504	181960	65757	63233	142083	107926	173372	60957	151791	67066	104486	40860	30475	48364	116265	37307	106745	7215	48674	18899	37987	101851	168673	120376	159067	162419	143400	174390	113956	22610	45244	153688	154290	142925	23106	133036	89683	71966	39686	117124	112113	119324	77232	11050	120342	115020	107676	6108	115464	0	79354	142306	146007	48062	8088	14015	14063	18653	122514	23536	76738	61777	28171	119797	123321	82943	86909	67459	134232	11392	63892	124921	190013	48060	87936	118070	75520	128470	86522	20789	90266	17801	11822	20098	55414	14549	103719	123409	54732	157458	108669	13861	157760	8996	61177	113733	96053	124249	10131	114263	13971	84110	
48186	15939	84930	92204	68066	43265	6902	84542	10301	36742	56994	69423	78750	15309	57169	53026	11884	65757	63246	34027	91260	51941	14143	88446	51110	68697	52054	7229	72281	55907	64445	67797	48778	63261	49488	70449	44488	59066	59668	47446	59506	39648	19486	64240	49335	58000	19511	64128	24290	84148	53885	50551	13054	73135	22452	79354	0	62952	64817	65262	77076	89686	88189	85876	43160	71708	19783	15490	48967	37871	43967	3589	9661	11718	65122	94765	60523	55811	84002	32314	41148	38716	28732	49116	9274	67245	13018	60781	78790	77788	18859	66730	27107	60687	20683	88348	45462	104120	78406	73671	28222	34379	16699	47637	100390	45153	104230	6776	
111138	54826	147882	155156	131018	22386	70009	21676	73253	97406	50879	46241	15884	78261	14747	79080	58291	119079	126198	96979	72207	108607	62768	151398	106151	131649	108719	57025	15425	29505	1579	4931	14088	23170	31549	126414	100792	10590	4280	27580	122458	31547	57306	79301	112287	37042	58072	43584	68768	147100	35108	29696	49909	136087	54478	142306	62952	0	13288	95641	139942	152552	151055	148742	19189	124082	68948	78356	111833	32631	29110	59273	63408	74584	54180	157631	88130	53292	21050	95180	60558	26155	68332	18692	62326	130111	64181	123647	133945	140653	81725	129596	47964	37293	83549	25289	27757	136059	15454	136537	86697	28466	47704	31283	163256	52734	129040	69642	
114839	52297	151583	158857	134718	24250	62453	22298	77590	99271	37781	48664	28703	82598	17170	80945	52782	132410	129899	100680	83100	110472	55212	155099	108015	135350	110584	58889	9011	31928	14866	18219	16511	9356	33972	128279	102656	13013	10090	20023	126159	24574	59171	81165	115988	39465	50515	46007	70633	150801	37531	32119	51774	139787	46921	146007	64817	13288	0	96622	142693	155304	153807	151494	21437	137326	69930	82488	114584	26603	30092	60254	61131	78716	40663	160383	89111	39774	21792	97932	61540	27136	69313	16862	64831	132862	58153	126398	144407	143405	96338	132348	41936	41776	87681	11772	28738	169738	26947	139289	87678	29448	48685	25255	166008	46706	169848	73774	
