//--------------------------------------------------------------------------------------------------------------------
//-- données sur l'EURE-ET-LOIR récupérées par le géocodeur (matrice symétrique)
//-- 
//-- C. Duhamel, P. Lacomme C. Prodhon - juillet 2009 : 2400 kg à collecter, flotte de capa 6500
//--------------------------------------------------------------------------------------------------------------------
140 5 999999 0 0 0
10 50 20 2.1
20 50 35 1
20 100 50 2.2
10 100 70 1.8
20 100 80 1.2
0   // la ville qui represente le depot
0	76229	50446	8029	99983	72323	22578	54453	139124	43055	44950	62302	54121	49959	56154	36689	13720	61439	69150	79539	36879	16189	36552	85298	12029	7202	46342	47382	47374	94047	33851	94683	19801	5460	52782	35876	105820	50901	23118	102442	48343	63199	31365	84088	71391	42989	89928	12256	36455	44155	36910	23073	53787	54158	54892	60318	80415	46563	17920	39659	50378	11789	18528	35576	39534	72956	96513	88598	46204	110285	96842	14656	54030	54845	28369	55203	60677	42469	26145	48276	52925	13795	37652	33821	46374	89784	76120	19557	37764	9576	59905	57299	34843	53723	24347	81803	61089	94738	12877	12381	32210	48452	60479	7234	44456	51147	97907	58095	54554	108077	11988	28517	58245	32326	43074	43679	24365	29553	48523	8632	75773	82230	9118	48778	7971	55331	100976	36954	78340	56588	94672	29841	20042	105011	62008	14372	13898	17087	29146	74512	86991	
76229	0	30744	81913	32552	67538	64881	51954	73177	47638	37083	24462	25036	49509	26796	42094	91463	46621	31683	7034	45382	72500	71599	17866	72257	78335	37209	44709	36408	21092	53695	21779	60706	71863	36529	44495	34510	40527	61974	26542	34918	18870	76038	8188	44427	50373	16973	68338	72870	55554	73272	66306	40752	48929	24828	40778	42948	50592	65539	53933	36719	82302	92411	55754	51422	16950	23558	47636	42834	35266	23887	88539	64575	44288	68310	27882	46335	34968	56749	28923	25604	63146	62134	51519	34583	16829	48737	57916	48171	65408	18680	25318	50869	36545	55710	51805	23899	34591	66933	86264	51067	45291	30569	80595	40303	38802	24952	41747	25757	32177	85913	73909	28900	54551	47051	40777	77719	54942	52851	66953	50307	22557	81780	55436	80633	42734	37848	47560	34772	20676	53710	54612	62346	25512	22382	64294	71698	60155	56822	23880	17737	
50446	30744	0	55585	50721	36896	32318	34016	93362	27495	6703	13040	8359	31377	16367	15767	65135	27325	30985	33777	19054	46172	41220	36036	45929	52008	11035	18382	8612	48285	23315	45421	34379	45536	17309	14116	60058	20990	35647	53180	12969	17437	45658	34826	34964	24408	44166	42010	34356	37616	33985	39979	9230	35577	9130	23890	42250	32654	39212	29861	17143	55975	66084	29885	27222	23694	50751	50433	17204	64523	51080	62212	46795	34030	37930	9441	28397	8641	30422	4611	7163	36818	31755	24855	6270	44022	47537	31589	23050	39081	14143	11537	24541	18606	29383	53219	12683	48976	40606	59937	24740	22258	22314	54267	13610	6088	52145	32407	4842	58816	59586	43529	8533	28223	21469	11914	51392	24562	34913	40626	41659	36468	55453	33820	54306	18903	55214	22740	42867	10826	56507	28284	36019	59249	16246	37967	45370	33827	30495	28750	37730	
8029	81913	55585	0	106068	75033	28662	57167	145208	45769	51035	68387	60206	56044	62239	42774	10495	67524	75235	85624	42964	18903	42637	91382	14743	7934	52427	40925	53459	100132	39936	100768	30267	14746	58867	41961	111905	56986	25832	108527	54428	69284	37450	90173	77476	49074	96012	18340	39169	46869	39625	25788	59872	60243	60977	66402	86500	49277	24005	42373	56462	13931	11042	38290	42248	79040	102598	94683	52289	116370	102927	7170	60115	60929	34454	61288	54038	48554	28859	54361	59010	19879	43737	36535	52459	95869	82205	25642	40478	18245	65990	63383	34684	59808	29638	87887	67173	100823	20012	4894	34925	54536	66564	5225	50540	57232	103992	64179	60639	114162	11030	34602	64330	35040	40638	49764	30450	35638	51237	16812	78459	88315	3478	54863	6677	61416	107061	43039	84425	62673	100757	35926	26127	111096	68093	20457	24428	27554	31860	80597	93076	
99983	32552	50721	106068	0	109938	73129	94355	56452	90038	61055	38459	68384	57165	55007	66067	115435	89022	59883	27924	91692	96473	80634	17253	96229	102308	79610	90437	78808	21784	64127	9841	84679	95836	49690	68468	19578	82928	85947	7774	48078	47081	86470	21815	72627	61913	28657	92310	115271	97955	115673	90279	56093	56584	67914	90122	70733	92993	79771	96334	79120	106275	116384	98155	93823	29693	27160	69780	85235	14349	23786	112512	72231	51943	78742	70968	88736	58941	102477	52896	68691	87118	72566	93920	58555	20990	46114	81889	90572	89381	45553	53529	74841	78945	79683	42836	42720	52326	90906	110237	96795	56831	58780	104567	53463	52513	18067	49403	46501	16090	109886	84341	49221	100278	89452	83178	85742	66142	95252	90926	103356	51367	105753	63091	104606	85135	55582	60720	34159	63762	75854	69996	75664	14338	64783	88267	95670	84127	102550	52080	18065	
72323	67538	36896	75033	109938	0	61226	5796	129541	18853	42980	43588	32478	69007	25624	33305	61457	9716	20343	51382	30277	53343	77496	95465	54220	62511	26861	26391	25646	85667	59592	107000	48166	79315	53218	40708	93732	19602	43452	75253	48877	32466	82460	73537	8061	62038	81548	85084	28759	17725	29160	47785	46650	73456	34311	15244	24894	17982	61884	21560	23216	57028	74583	32259	24437	54242	77345	42762	26871	100703	84754	70063	84425	69938	75736	28341	11390	31699	35032	34820	31502	59490	68031	27320	32267	81404	112980	54261	24544	57095	52365	28776	34791	19680	36623	109702	45247	53782	51649	66092	31092	58166	19284	65697	51240	44700	89527	68315	40751	80661	59634	77839	44441	31250	24782	27842	74064	49762	13230	63298	6877	44786	72995	71450	72040	19936	58784	59017	95940	34945	39648	50956	58691	95429	56067	60639	68042	50463	32509	30054	80447	
22578	64881	32318	28662	73129	61226	0	54908	127736	34945	26093	38706	42734	27381	44767	25302	37257	50052	57763	68152	22278	28668	25757	57568	24508	24130	34955	35995	35987	72668	11274	66953	18216	17658	30204	16663	83289	39514	23378	72441	25765	51812	20793	57194	60004	20412	78541	13085	35447	43147	35902	25621	27042	31581	43505	48930	69028	49703	6642	38651	38991	28096	38206	33899	33771	45686	85126	77211	34817	74968	77755	34334	41254	32267	12305	43816	49290	31082	22318	36889	41538	11043	16292	28868	31281	67958	53543	6965	30054	15441	48518	45912	20591	42336	25502	59225	34660	83351	21069	32058	27401	25874	49092	26389	21878	28604	76656	35517	35594	81973	31707	16305	30345	32714	28473	32292	16399	6976	55806	12747	64386	70843	27575	26201	26427	43944	89589	14377	55762	45201	83285	13491	2535	65214	50621	9042	14506	15106	29421	63125	59262	
54453	51954	34016	57167	94355	5796	54908	0	112911	12781	34276	42136	31026	67555	25059	28767	59034	8519	19778	54528	25138	41727	68792	78834	41969	48506	24317	21874	23515	69037	50888	90369	34770	49184	51766	36170	80810	16875	31201	78229	47425	36122	79164	56906	10734	60586	64917	54953	17940	11161	16909	35533	45198	72004	32859	14679	27567	11910	58588	15487	20978	54605	72160	19673	18365	52790	71502	46246	22333	84072	71831	67640	82973	68486	72441	26889	7169	29492	28960	33368	30049	56195	59328	21247	29722	64773	96349	50966	18471	44844	35734	30222	28719	18260	30551	93071	43795	57266	39398	63668	25020	56714	18719	52641	49788	43248	72896	66863	39299	83636	57210	74543	42989	25178	18709	24547	70768	44623	6666	46023	11783	44220	58972	69998	57825	19371	62269	50313	79310	33493	52320	47661	55395	78798	39436	57344	64747	37067	26436	29489	63816	
139124	73177	93362	145208	56452	129541	127736	112911	0	74595	64725	41492	52940	48209	58292	69737	119105	73578	77068	41278	76248	101398	99242	22268	99899	105978	64166	74993	63365	43238	81337	33803	88349	99506	42820	72138	52310	67484	90873	39291	47782	53931	103680	33688	85752	52957	47952	95980	99828	82511	100229	95205	68395	47629	52471	74678	88334	77549	93182	80890	63676	109944	120054	82711	78379	31517	50811	96517	69791	27507	48326	116182	63275	42987	95952	55525	73292	62611	87033	56566	53247	90788	89777	78476	62225	38529	39783	85559	75128	93051	50310	53072	78511	63502	83353	36505	44371	85470	94576	113906	81351	47875	68398	108237	72985	66445	47227	40447	57144	48822	113555	101551	66187	84835	74008	67734	105362	82584	79808	94595	87912	72962	109423	54135	108275	69691	91708	80762	22744	48318	102591	82254	89988	22232	49339	91937	99340	87797	87106	67465	26979	
43055	47638	27495	45769	90038	18853	34945	12781	74595	0	24579	34224	23114	51445	23765	15583	46908	13152	27376	48198	13030	31144	53243	72504	31386	37923	14264	9766	15603	62706	35338	84038	22940	38601	43854	22985	74479	6506	20619	71898	39513	28210	60755	50575	23775	44476	58586	42977	11317	9122	10378	24951	37285	55645	24947	17581	48026	6004	40179	5516	10344	37747	54996	10866	6535	44877	65172	58705	9904	77742	65500	50476	66864	60574	47302	18976	8101	19307	17130	25456	22137	33057	43778	9418	23779	58443	90018	32556	6642	32367	29403	22309	16889	13240	18721	86741	35882	69725	29390	46505	13190	48802	22284	42059	39091	35335	66566	58951	31386	77306	41362	56134	35077	13348	6602	14212	52359	32515	11940	34193	26318	47241	48390	53888	47242	17666	74728	35750	72979	25581	64779	26090	36986	72467	33105	38934	46337	25237	14606	37700	57485	
44950	37083	6703	51035	61055	42980	26093	34276	64725	24579	0	23166	14985	32757	22994	8696	59676	26875	37611	40404	13507	40713	34995	46162	40470	46549	11737	15247	11042	54912	17090	55547	28919	40077	19239	7768	66685	17896	30187	63306	14898	24064	39433	44952	35058	25787	50792	36551	31222	36400	30851	34519	8930	36956	15757	23985	48877	28085	33752	26727	15927	50515	60624	26751	24088	33820	57377	57060	14069	71150	57706	56752	45800	35959	31705	16067	27180	6623	27288	9653	13790	31359	25530	21721	5659	50649	49466	26130	19915	33622	20770	18163	16281	17390	21123	55149	16675	55602	35147	54477	18557	21908	28940	48808	12614	6290	58772	34336	10045	68942	54126	37305	10462	25089	18335	10674	38706	18337	33697	35166	41209	43094	49994	32825	48846	18998	61841	16515	44797	17453	63133	17902	28628	65875	22872	32508	39911	28368	27361	35376	47856	
62302	24462	13040	68387	38459	43588	38706	42136	41492	34224	23166	0	15256	32161	23264	27608	76977	34222	37882	29376	30896	58014	47728	22996	57771	63849	24068	30223	18857	37259	29824	32381	46220	57377	15974	30009	47880	27887	47488	40140	13776	16979	52167	21786	41861	29000	38665	53852	46197	44513	45827	51820	16819	38270	10333	30787	49147	39551	51053	38272	24040	67816	77925	41726	39064	10654	44832	57330	29045	40396	42347	74053	51388	33628	44439	16338	35294	20482	42263	14437	14060	48660	38263	36696	20097	32550	40674	43430	34891	50922	8502	18434	36382	25503	41224	43633	4261	48518	52447	71778	36581	22139	29211	66109	19160	14154	41247	31088	8042	45776	71427	50038	11022	40065	33310	23755	63233	31839	41810	52467	48556	36010	67294	38413	66147	25800	54756	26417	29158	12825	63404	40126	47860	30642	15283	49808	57212	45669	42336	35647	24689	
54121	25036	8359	60206	68384	32478	42734	31026	52940	23114	14985	15256	0	40544	8702	19528	68897	21499	25159	27329	22816	49934	49033	52837	49691	55769	11345	22143	8475	41837	31129	46267	38140	49297	24755	21929	53610	15164	39408	51029	20414	9382	53472	29707	29138	33574	37717	45772	34674	31790	30411	43740	18186	44993	4619	18064	36424	26828	42973	25549	11317	59736	69845	33647	26059	24911	44303	44607	20965	58075	44632	65973	55962	41475	45744	3615	22571	12402	34183	6357	3038	40580	39568	28616	12017	37574	54982	35350	22807	42843	7695	3481	28303	12780	33144	67074	15916	40921	44367	63698	28501	29703	16488	58029	22777	16236	45697	39852	12287	56437	63347	51343	15978	31985	25230	14913	55153	32376	29087	44387	35833	28413	59214	42987	58067	13077	47159	30553	53312	4378	50681	32046	39780	52801	9798	41728	49132	37589	34256	22924	36616	
49959	49509	31377	56044	57165	69007	27381	67555	48209	51445	32757	32161	40544	0	47307	38831	64617	58265	61925	54205	39023	56028	25735	39893	51868	51489	40526	42663	39830	60959	18357	51635	41299	45017	16873	30002	70141	51930	44472	57122	19249	48377	35558	46615	65904	7439	65673	40444	55114	61248	54744	48804	24191	5216	40070	54830	73190	63594	34002	54911	48083	55456	65565	50643	50516	32720	68532	81373	46164	58545	66047	61693	21267	5725	32972	40381	59337	36912	43412	35551	38103	40064	21811	45613	34448	56250	27000	34324	46798	42800	45083	42477	38170	49546	42021	32683	26862	79916	48428	59418	42747	9168	53254	53749	19027	25753	64947	8975	29020	66654	59067	33429	23632	48982	45217	40875	39972	21775	65853	40107	72599	67408	54934	8192	53787	49843	86154	18750	31422	41766	87447	26917	29895	43544	47186	36401	41866	38836	45041	59690	44700	
56154	26796	16367	62239	55007	25624	44767	25059	58292	23765	22994	23264	8702	47307	0	27345	76713	15710	15563	30091	25481	49291	56849	39507	49533	63586	13607	22886	10737	44599	38945	49029	45957	57114	32571	29746	56372	17425	38766	53792	28230	8910	61288	32469	22032	41391	40480	53588	36936	34052	32673	43098	26003	52809	13665	12024	26828	29090	50790	27811	13579	67552	77662	34389	28320	33595	47065	35011	19406	64153	47394	73790	63778	49291	53560	7449	24833	14680	34926	14173	10855	48396	47385	28418	19833	40336	62799	43167	25069	50659	14229	5220	36119	11291	36517	73152	24600	32025	52184	71514	29244	37520	6892	65845	30593	24053	48459	47668	20104	59199	71163	59159	23795	32728	23623	17175	62970	40192	31349	52203	30354	25943	67031	50803	65883	6025	39497	38370	59390	14298	41085	39862	47596	58879	17931	49545	56948	45405	34999	15513	39378	
36689	42094	15767	42774	66067	33305	25302	28767	69737	15583	8696	27608	19528	38831	27345	0	51772	23702	36165	45300	4745	32809	37584	72937	32566	38645	11483	6272	14390	59808	19680	60444	21016	32173	27577	7402	71581	13164	22283	68203	23237	28960	46425	49849	35493	28818	55689	28647	22246	26028	21876	26615	17269	39986	20653	24009	47430	22081	25849	17752	12640	42611	52721	17776	14902	38717	62274	55613	6842	78175	62603	48848	51205	40673	39701	20964	22939	8230	15839	14037	18686	23455	28119	12745	12135	55545	57805	18226	10940	25718	25666	23060	9587	15479	15747	63487	26850	60499	27243	46573	9795	34280	27494	40904	20627	14628	63668	42675	20315	73838	46222	41804	18801	16114	9359	8713	38028	19934	29456	27262	38035	47991	42090	38230	40942	22058	66737	20092	53135	22349	61687	14921	22655	72901	27769	24604	32007	20464	15371	37104	52752	
13720	91463	65135	10495	115435	61457	37257	59034	119105	46908	59676	76977	68897	64617	76713	51772	0	58821	83931	94320	38432	15510	51363	100079	13200	7061	61124	39383	62156	108829	48633	109464	26397	15111	67563	50657	120601	49170	24290	117223	63124	77980	46176	98869	69359	57771	104709	27067	37626	45327	38082	22080	68569	68939	69673	75099	95196	47735	32701	40830	49450	9905	14087	36747	40706	87737	111294	95269	43652	125067	111623	9567	68841	69626	43181	69984	63218	57250	27316	63058	67706	28576	52463	34992	61155	104565	90901	34338	38936	23451	74686	72080	33141	52288	28095	96584	75870	106289	19037	5596	33382	63233	75260	6456	59237	65928	112688	72876	69336	122859	5286	43328	73026	33497	39095	58460	39176	44334	54275	24360	65020	97011	12499	64803	15698	70112	111291	51735	93121	71369	101343	44622	34824	119792	76789	31027	33155	30962	30317	89293	101772	
61439	46621	27325	67524	89022	9716	50052	8519	73578	13152	26875	34222	21499	58265	15710	23702	58821	0	14609	47469	23106	44478	67893	71775	44720	51257	17257	19220	16042	61977	49988	83310	36274	51935	43614	31104	73750	12431	33952	71170	39273	27971	72856	49847	11904	52434	57858	55079	24247	17468	23216	38284	37046	63852	24708	6012	30670	14344	52280	17685	13612	51081	68329	24200	19868	44638	64443	38853	17267	77013	64772	63809	74822	60334	66133	18737	7511	22095	30464	25217	21898	49887	58428	22751	22663	57714	89290	44657	19975	45701	28675	22070	27323	10077	32055	86012	35643	46274	42724	59838	26523	48563	11145	55392	41636	35096	65837	58712	31147	76577	54696	68235	34838	26681	20213	18239	64460	51235	13871	53694	14446	39052	68521	61846	67374	10022	51277	49413	72251	25342	47217	41353	49087	71739	32377	51035	58439	38571	27940	24320	56757	
69150	31683	30985	75235	59883	20343	57763	19778	77068	27376	37611	37882	25159	61925	15563	36165	83931	14609	0	31433	38475	62285	71582	49505	62527	70967	26601	35880	23730	47866	53677	50541	53338	64495	47304	44478	65542	22201	51759	55304	42963	22638	76021	41159	12744	56123	43746	60969	37067	30288	36036	56091	40735	67541	28397	9616	16454	28630	58171	31971	26573	74933	85043	38486	34154	48327	49155	24637	27191	82728	56563	81170	78511	64024	68293	22426	20667	27674	47920	28906	25587	55777	62117	37037	28242	43602	77531	50548	30450	58040	32348	19628	43101	20000	49511	91727	39332	32059	59565	78895	42238	52252	7485	73226	45325	38785	51725	62401	34836	60712	78544	73892	38527	40967	29481	30169	70350	54925	25793	59584	18624	24837	74412	65536	73264	14887	37061	53102	77965	29031	26745	47243	54977	57151	34451	56926	64329	52786	42226	10105	49377	
79539	7034	33777	85624	27924	51382	68152	54528	41278	48198	40404	29376	27329	54205	30091	45300	94320	47469	31433	0	48422	75541	74640	19513	75297	81376	40250	47750	39448	15019	56735	19216	63747	74904	41464	47536	26792	43568	65015	23979	39852	21911	79078	9834	44221	55307	10900	71378	75911	58595	76312	69347	43793	53863	27869	40572	42742	53633	68580	56974	39760	85343	95452	58794	54463	21885	17485	45119	45875	36913	17814	91580	69510	49222	71350	30923	49376	38009	59790	31964	28645	66187	65175	54560	37623	10756	50384	60957	51211	68449	21721	28359	53909	39585	58751	53451	27694	27665	69974	89305	54108	50225	29387	83635	48383	41843	18879	46682	30965	29386	88954	76950	34108	57591	50091	43817	80760	57982	55892	69994	50101	15861	84821	60370	83674	45775	30922	56160	36419	23717	51193	57652	65387	27159	25423	67335	74738	63195	59863	23674	19384	
36879	45382	19054	42964	91692	30277	22278	25138	76248	13030	13507	30896	22816	39023	25481	4745	38432	23106	38475	48422	0	25459	40839	74822	25701	32238	13678	4701	16658	65024	22934	63303	15365	26694	35642	12147	76797	13186	14934	74217	31301	29883	48351	52894	35516	32072	60905	30573	17108	23242	16738	19266	22344	43241	23513	24032	49699	18608	27775	15213	12663	32062	54647	12637	12509	41576	67490	57882	6864	80060	67819	50775	54460	43927	34898	20649	21221	12592	11094	16897	18497	25381	31374	7607	14995	60761	65870	20152	8402	22316	31722	23982	4842	15501	10464	71552	29709	61421	22024	40820	5050	37534	29763	36374	30848	19704	68884	47177	23175	79624	35677	43730	26865	10976	6821	11309	39955	20111	24544	29189	38058	48913	44016	41485	42869	24253	67660	23346	75297	25209	63956	13687	24582	74786	30628	26530	33933	14824	10627	39373	55612	
16189	72500	46172	18903	96473	53343	28668	41727	101398	31144	40713	58014	49934	56028	49291	32809	15510	44478	62285	75541	25459	0	41949	99394	4668	11205	37941	26024	40087	89597	39218	90050	13039	11883	62388	31218	101369	35811	10488	97809	53710	58566	36762	79455	53597	48356	85477	17652	24268	31968	24723	7588	49154	59525	50259	46657	73128	34376	23287	27472	36091	8181	28792	23389	27347	68322	92062	87439	30293	104632	92391	24272	59427	60211	33766	50570	39137	36021	13958	43643	41925	15623	43049	21634	41741	85333	81487	24924	25577	11144	55272	52665	19783	38930	14736	87169	56455	98459	7994	20301	20023	53818	53191	15341	49822	46514	93456	63461	49921	103444	14045	33914	53612	20139	25737	34737	29762	34920	36336	14946	57190	77597	21672	55389	20524	48516	103462	42321	99870	51955	93513	27703	25409	99358	57375	21612	23740	15126	16959	62801	82358	
36552	71599	41220	42637	80634	77496	25757	68792	99242	53243	34995	47728	49033	25735	56849	37584	51363	67893	71582	74640	40839	41949	0	64558	40112	39612	46262	44481	45566	81569	18199	75855	40062	36347	39106	31820	92190	52798	46291	81343	34667	58588	11325	66096	69582	24306	85316	24785	56933	63067	56563	51157	35944	29117	50281	58509	83401	61436	24385	56730	50451	43701	53688	52462	52334	54588	91902	91584	47492	83210	86657	49816	18025	30178	9946	50592	61705	41525	45231	44177	48314	28397	9767	47432	40183	76860	51665	27481	48617	32795	55294	52687	39989	51914	43839	57348	43562	90127	38423	47541	44566	29769	63465	41872	30780	37506	85558	34016	44495	90874	47311	14151	39247	50801	47036	45576	16197	22767	68221	30101	75733	77618	43057	19785	41910	53522	96365	23278	56087	51977	97658	28736	23085	68209	57397	23831	22715	40049	46860	69900	68163	
85298	17866	36036	91382	17253	95465	57568	78834	22268	72504	46162	22996	52837	39893	39507	72937	100079	71775	49505	19513	74822	99394	64558	0	98523	104602	62790	73617	61989	21404	48561	11968	86973	98130	34748	70762	30475	66108	89497	17456	39711	31516	73430	11853	84376	44886	26117	94604	98452	81135	98853	93829	45881	39557	51095	73302	62893	76173	91806	79514	62300	108568	118678	81335	77003	14940	28977	64454	68415	19126	26491	114806	55204	34916	63176	54149	71916	61235	85657	55190	51871	89412	57613	77100	60849	16694	31097	84183	73752	91675	29988	51696	77135	62126	81977	34372	27155	47000	93200	112530	79975	39804	43215	106861	37898	47811	25392	32376	30935	26988	112179	71301	33655	83459	72632	66358	70176	50577	78432	93219	86536	35196	108047	46064	106899	68315	50257	45155	17132	46942	70528	54431	60099	9372	47963	90561	97964	86421	85730	43825	5144	
12029	72257	45929	14743	96229	54220	24508	41969	99899	31386	40470	57771	49691	51868	49533	32566	13200	44720	62527	75297	25701	4668	40112	98523	0	6855	38607	26690	48391	95064	34868	95700	13705	7533	53799	36893	106837	36477	11597	103459	49360	64216	32412	85105	54263	44006	90944	13302	24934	32634	25390	11553	54804	55175	55909	47323	81432	35042	18937	28138	36757	6190	23928	24055	28013	73972	97530	91092	30959	105298	97859	19408	55077	55861	29416	56220	39803	43486	14624	49293	53942	14811	38699	22300	47391	90801	77137	20574	26243	7489	60922	58315	20449	39596	15402	82819	62105	95755	6345	15437	20690	49468	61496	10991	45472	52164	98924	59111	55571	109094	10294	29564	59262	20805	26403	35404	25412	30570	37002	10596	60843	83247	17322	51039	16174	49182	107115	37971	79357	57605	97166	30858	21059	100024	63025	17262	19390	13436	17625	75529	88008	
7202	78335	52008	7934	102308	62511	24130	48506	105978	37923	46549	63849	55769	51489	63586	38645	7061	51257	70967	81376	32238	11205	39612	104602	6855	0	47958	32991	48990	95663	35467	96299	20006	8050	54398	37492	107436	42779	17898	104057	49959	64815	34196	85704	60564	44605	91543	15086	31235	38935	31691	17854	55403	55774	56508	61933	82031	41343	19536	34439	51993	5998	16906	30356	34315	74571	98129	100773	37260	111901	98458	12386	56861	56460	31200	56819	46104	44085	20925	49892	54541	15410	40482	28601	47990	91400	77736	21172	32544	11219	61521	58914	26750	55339	21704	83418	62704	96354	12078	8693	26991	50067	62095	4344	46071	52763	99523	59710	56170	109693	5541	31347	59861	27106	32704	45295	27195	31169	43303	11223	70525	83846	10676	50394	9529	56946	102592	38570	79955	58204	106847	31456	21658	106627	63624	15988	21174	18981	23926	76127	88607	
46342	37209	11035	52427	79610	26861	34955	24317	64166	14264	11737	24068	11345	40526	13607	11483	61124	17257	26601	40250	13678	37941	46262	62790	38607	47958	0	11958	3841	52788	28358	74120	30509	41666	33631	19925	64560	7783	27838	61980	29290	17987	55918	40657	27767	33193	48668	38140	27932	26413	23030	32170	18711	44361	14724	16693	37803	17971	35342	18168	4632	52105	62214	23462	18678	34655	55253	45986	7121	67823	55582	58342	55580	50351	49195	8753	17193	4845	23999	8445	7004	32948	36798	18431	7193	48524	80100	27719	13071	35211	19485	12087	19180	7403	25590	76822	25660	49526	36736	56067	18316	38579	17867	50397	22395	16234	56647	48728	21164	67387	55715	51297	24854	21800	11420	4699	47522	29462	23709	36756	31813	37018	51583	42605	50436	11707	55764	27783	63061	15358	52060	24414	32149	62549	23187	34097	41500	29957	24071	27477	47567	
47382	44709	18382	40925	90437	26391	35995	21874	74993	9766	15247	30223	22143	42663	22886	6272	39383	19220	35880	47750	4701	26024	44481	73617	26690	32991	11958	0	14063	63573	26495	62778	17851	33863	35116	13675	75346	10591	15880	72765	30776	27287	51912	51442	32482	35633	59453	34134	15974	19780	15604	20212	26096	46802	22987	20998	47104	14899	31336	11504	10067	33008	50257	11504	8841	41050	66038	55287	4269	78609	66367	45737	58020	51837	38459	18054	16545	9997	12041	16371	15901	28942	34935	6473	14469	59309	65344	23713	4693	27278	30270	21387	8403	12906	13632	71026	29183	58826	24301	41766	6358	40065	27167	37320	29780	23620	67432	50214	22649	78172	36624	47291	26340	9842	3112	8714	43516	23672	20835	32749	35024	46318	47577	45045	46429	22492	65064	26907	73846	24683	61361	17247	28142	73334	30103	30091	37494	20148	12113	36778	55086	
47374	36408	8612	53459	78808	25646	35987	23515	63365	15603	11042	18857	8475	39830	10737	14390	62156	16042	23730	39448	16658	40087	45566	61989	48391	48990	3841	14063	0	51988	27743	73321	31673	42830	25493	18544	63761	8987	30095	61181	21153	14939	57082	39858	24889	32940	47869	39305	30189	25613	24234	34427	18925	44108	11676	13816	34755	20651	36506	19372	5140	53269	63378	25719	19882	31606	54454	42938	13037	67024	54783	59506	55327	42214	50359	5705	16394	6010	26256	6141	4699	34113	36183	20688	6578	47725	55721	28883	16630	36375	18686	9038	21437	5703	27847	76023	22612	46478	37900	57231	20573	30442	14819	51562	22142	15981	55848	40591	13026	66588	56880	52461	16717	24057	17302	8071	48686	28990	22910	37920	29957	33970	52747	42352	51600	8829	52716	27168	62261	12310	49012	25579	33313	61750	22388	35261	42665	31122	26328	24429	46768	
94047	21092	48285	100132	21784	85667	72668	69037	43238	62706	54912	37259	41837	60959	44599	59808	108829	61977	47866	15019	65024	89597	81569	21404	95064	95663	52788	63573	51988	0	63780	17699	78490	89647	49344	62279	15095	58311	79758	16433	47732	36654	86123	15469	60617	63187	7902	86122	90654	73338	91056	84090	55747	60802	42612	56969	51565	68376	83323	71717	54503	100086	110195	73538	69206	29765	7992	50612	60618	32203	6117	106323	76448	56160	78395	45666	64119	52752	74533	46707	43388	80930	72220	69303	52367	6539	52341	75700	65955	83192	36464	43102	68652	54328	73494	55409	41538	33158	84717	104048	68851	58105	48353	98378	53117	56586	4889	53620	45318	13393	103697	83995	48299	72334	64834	58560	95503	65796	70635	84737	66498	32199	99564	67308	98417	60518	36414	60374	38376	38460	56686	72396	80130	29117	40166	82078	89481	77938	74606	40071	19292	
33851	53695	23315	39936	64127	59592	11274	50888	81337	35338	17090	29824	31129	18357	38945	19680	48633	49988	53677	56735	22934	39218	18199	48561	34868	35467	28358	26495	27743	63780	0	57951	25213	28209	21202	13916	74286	34894	28387	63438	16763	40683	22853	48192	51678	11409	67412	23636	39028	45162	38658	32719	18040	22578	32376	40604	65496	43532	17193	38825	32546	38647	48757	34558	34430	36683	73997	73679	29587	65965	68753	44885	33695	23264	15994	32687	43800	23620	27327	26273	30409	23255	8734	29527	22279	58955	44540	17516	30713	25992	37389	34783	22084	34010	25935	50222	25657	72222	31620	42609	26662	16871	45560	36940	12875	19601	67653	26514	26591	72970	42258	20724	21343	32896	29132	27671	23164	5690	50316	23298	57828	59714	38126	18642	36979	35618	78460	5374	46760	34072	79753	10831	13086	56211	39492	19593	25057	24132	28956	51996	50259	
94683	21779	45421	100768	9841	107000	66953	90369	33803	84038	55547	32381	46267	51635	49029	60444	109464	83310	50541	19216	63303	90050	75855	11968	95700	96299	74120	62778	73321	17699	57951	0	81848	93005	44405	65636	19271	77643	83115	6607	42793	40668	81184	13819	64631	56627	22417	89479	109986	92670	110387	87447	50808	51299	44176	60983	63153	87708	74486	91049	73835	103443	113553	92869	88538	24408	25277	67897	79950	20282	16316	109681	66945	46658	73456	49680	83451	56110	97192	50064	47402	84287	67281	88635	55724	12994	42839	79058	85286	86550	40478	47116	72010	73660	76852	45907	39889	50443	88075	107405	91510	51546	52366	101736	48178	47228	14027	44117	43669	15784	107054	79056	43935	94993	84166	77892	80456	60857	89967	88094	70511	35681	102922	57806	101774	79850	53699	55435	28874	42474	73971	64711	70379	14338	59498	85436	92839	81296	97265	44085	13315	
19801	60706	34379	30267	84679	48166	18216	34770	88349	22940	28919	46220	38140	41299	45957	21016	26397	36274	53338	63747	15365	13039	40062	86973	13705	20006	30509	17851	31673	78490	25213	81848	0	15497	51300	20129	90098	27648	6854	86720	37008	47477	37309	68366	45491	34345	74205	18200	18923	26623	19378	9127	38065	45513	39170	44595	64693	29031	18042	22127	27927	20065	37314	18044	18185	57233	80791	72876	22129	94563	81120	32794	57533	46200	31872	39481	29817	26747	5794	32554	37203	11809	33681	13470	30652	74062	67476	11224	17413	11119	44183	41576	12222	30766	6237	73158	45366	79016	8661	28823	11860	39807	44757	24376	33120	35425	82185	49450	38832	92355	23680	34461	42523	13339	17573	27957	30309	22079	30991	12944	48033	66508	27871	43757	26724	39609	85254	25619	76857	40866	78950	14383	15654	89289	46286	16774	24288	3989	10046	58790	71269	
5460	71863	45536	14746	95836	79315	17658	49184	99506	38601	40077	57377	49297	45017	57114	32173	15111	51935	64495	74904	26694	11883	36347	98130	7533	8050	41666	33863	42830	89647	28209	93005	15497	0	49283	32377	102321	47402	18879	98943	44844	59700	27896	80589	67892	39490	86429	8787	32216	39916	32671	18834	50288	50659	51393	56819	76916	42324	14421	35420	46879	11378	24946	31337	35295	69457	93014	85099	42705	106786	93343	20426	50561	51346	24901	51704	43056	38970	19033	44777	49426	8058	34183	26709	42875	86285	72621	16058	30652	4706	56406	53800	22669	50224	19477	78304	57590	91239	8982	17559	25099	44953	56980	10299	40957	47648	94408	54596	51056	104578	13189	25048	54746	28087	30812	40180	20896	26054	44284	4729	71509	78731	13325	46523	12178	51832	97477	33455	74841	53089	91173	26342	16544	101512	58509	12746	14875	12217	24907	71013	83492	
52782	36529	17309	58867	49690	53218	30204	51766	42820	43854	19239	15974	24755	16873	32571	27577	67563	43614	47304	41464	35642	62388	39106	34748	53799	54398	33631	35116	25493	49344	21202	44405	51300	49283	0	23992	64277	37958	52616	51258	6070	34406	44792	34045	51933	13843	50924	44536	51325	54585	50954	56948	12240	20238	26099	40859	59219	49623	38094	46830	34112	59548	69657	46854	44191	22922	57091	67402	34172	43690	54606	65785	35397	16720	37064	26410	45366	25610	47391	21580	24132	53787	30888	41824	22629	44808	30228	48558	40018	46892	31112	28505	41510	35575	46352	35910	12097	65945	57575	63510	41709	8761	39283	57841	11785	14170	53506	15097	15049	60790	63159	42663	9661	45192	38438	28883	44064	24464	51882	44199	58628	53437	59026	23540	57879	35872	72183	19042	25558	27795	73476	28318	33987	37680	33215	40493	45958	50796	47464	45719	38836	
35876	44495	14116	41961	68468	40708	16663	36170	72138	22985	7768	30009	21929	30002	29746	7402	50657	31104	44478	47536	12147	31218	31820	70762	36893	37492	19925	13675	18544	62279	13916	65636	20129	32377	23992	0	74097	20568	19980	70719	19618	31476	34937	52365	42471	24383	58205	29905	29302	35436	28932	24312	12743	35552	23169	31397	56289	29485	27107	25155	20044	43869	53979	24832	24704	41232	64790	64472	14246	78562	65119	50107	46771	36238	27209	23480	30343	12957	18835	17066	21202	24713	23685	19801	13071	58061	52993	19484	18344	26976	28182	25576	12358	22883	17266	58676	24087	63015	28501	47831	16935	29845	36353	42162	14863	13723	66184	39488	17535	76354	47480	32808	17875	23170	16763	14559	31313	12422	36859	28520	45439	50507	43348	33796	42201	26410	69253	15657	48323	24865	70546	8067	16592	73288	30285	25862	33265	21722	19229	42789	55268	
105820	34510	60058	111905	19578	93732	83289	80810	52310	74479	66685	47880	53610	70141	56372	71581	120601	73750	65542	26792	76797	101369	92190	30475	106837	107436	64560	75346	63761	15095	74286	19271	90098	102321	64277	74097	0	70065	91512	15823	58555	48408	96946	26291	72372	75141	18399	97876	102409	85092	102810	95844	66569	69812	54366	68723	60090	80130	95077	83471	66257	111840	121949	85292	80960	40587	16517	59137	72372	29996	9610	118077	85459	65171	89218	57420	75873	64507	86288	58461	55142	92684	83042	81057	64121	19701	61760	87455	77709	94947	48218	54856	80407	66083	85248	58482	52360	41683	96472	115802	80605	70059	60107	110133	63939	62253	12094	62631	56141	7165	115451	94817	59121	84089	76589	70315	107257	76618	82389	96491	91957	40724	111319	76319	110171	72273	44939	71196	47387	50214	65211	84150	91884	29739	51920	93833	101236	89693	86360	51825	30115	
50901	40527	20990	56986	82928	19602	39514	16875	67484	6506	17896	27887	15164	51930	17425	13164	49170	12431	22201	43568	13186	35811	52798	66108	36477	42779	7783	10591	8987	58311	34894	77643	27648	47402	37958	20568	70065	0	25738	65393	33007	21704	62324	44070	24075	46168	52081	44547	17756	13307	17178	30070	30780	57586	18441	12591	41521	10189	41748	12315	3839	42867	68620	16208	11876	38372	58666	49704	6735	71236	58995	64748	68555	54068	55601	12471	10798	12652	21899	18950	15632	39355	43360	14759	17124	51937	83513	34126	10897	41618	22898	15804	17818	6735	23490	80235	29377	53243	34159	51624	16216	42296	17294	47178	35370	28830	60060	52445	24881	70800	46482	57703	28571	18689	9026	7707	53928	35869	17314	43162	26617	40735	57990	55580	56842	15424	59481	34345	66473	19075	55777	30821	38555	65962	26600	40503	47907	36364	19948	31194	50979	
23118	61974	35647	25832	85947	43452	23378	31201	90873	20619	30187	47488	39408	44472	38766	22283	24290	33952	51759	65015	14934	10488	46291	89497	11597	17898	27838	15880	30095	79758	28387	83115	6854	18879	52616	19980	91512	25738	0	87696	40215	48453	43703	69342	43484	37552	75364	24594	14155	21855	14611	4332	39041	48721	40146	36544	63015	24263	23227	17359	25978	17970	35219	13276	17235	58209	81949	77426	20180	94520	82278	30699	59939	49407	40707	40457	29024	25908	3845	33530	31812	16993	36854	11521	31628	75220	70683	16409	15464	14484	45159	42552	9670	28817	4624	76365	46343	88446	9038	26728	9911	43014	43078	22282	36328	36401	83344	52657	39808	93331	21585	40855	43499	10026	15624	24625	36703	25186	26223	18129	47177	67484	28613	46964	27465	38403	93449	28826	89757	41842	83500	17590	20838	89245	47262	21959	30682	9173	6846	52689	72245	
102442	26542	53180	108527	7774	75253	72441	78229	39291	71898	63306	40140	51029	57122	53792	68203	117223	71170	55304	23979	74217	97809	81343	17456	103459	104057	61980	72765	61181	16433	63438	6607	86720	98943	51258	70719	15823	65393	87696	0	50846	45430	89237	18582	69394	63235	23306	94242	99431	82115	99832	92210	58861	57907	48939	65745	65381	77152	91443	80494	63280	108206	118315	82314	77983	32878	21808	64429	69395	18192	18434	114443	73553	53265	81509	54443	72895	60872	82653	54827	52165	89050	75334	78080	60487	17757	49447	83820	74731	91313	45241	51878	76773	63105	81614	46679	44651	46974	92837	112168	76971	58153	57129	106499	56231	54544	12716	50725	48432	11541	111817	87108	51412	80455	73611	67337	88509	68910	79412	92857	75274	46016	107684	64413	106537	69295	50231	63487	35482	47236	70502	72764	78432	17935	48943	90198	97602	86059	82726	48847	18136	
48343	34918	12969	54428	48078	48877	25765	47425	47782	39513	14898	13776	20414	19249	28230	23237	63124	39273	42963	39852	31301	53710	34667	39711	49360	49959	29290	30776	21153	47732	16763	42793	37008	44844	6070	19618	58555	33007	40215	50846	0	29638	39106	32690	47164	15939	49569	38850	46556	49817	46186	44520	7472	27108	21331	36091	54451	44854	32407	42061	29343	53862	63971	42086	39423	21181	55736	62634	29404	50464	53251	60099	38327	19863	31378	21642	40597	20842	42623	16811	19364	38469	25202	37055	17860	43454	35983	32730	35250	41206	26344	23737	36742	30807	41584	41666	9600	61177	42711	57824	36940	10535	34514	52154	6099	9402	52151	20853	10280	57468	57473	36977	4893	40424	33669	24114	38378	18778	47113	38513	53859	48668	53340	25351	52193	31104	67415	13356	31313	23027	68708	22632	28300	40709	28446	34807	40271	35932	42695	40950	34757	
63199	18870	17437	69284	47081	32466	51812	36122	53931	28210	24064	16979	9382	48377	8910	28960	77980	27971	22638	21911	29883	58566	58588	31516	64216	64815	17987	27287	14939	36654	40683	40668	47477	59700	34406	31476	48408	21704	48453	45430	29638	0	62376	24549	28880	42479	32560	54676	60857	38480	37101	52644	27090	53897	11031	17821	34274	33518	51877	32239	18007	68640	78749	42551	32749	22726	39145	38962	23835	57093	39474	74877	64866	50379	54648	10305	29261	21306	43088	13127	11942	49484	48472	37520	20921	32416	69369	44254	29497	51747	6666	7438	37207	19470	42048	66091	17993	31539	53272	72602	37405	38607	12689	66933	31681	25140	40539	48756	21192	51279	72251	60247	24882	40889	28051	21603	64057	41280	35777	53291	41632	19031	68119	51891	66971	12872	37777	39457	52330	6879	45036	40950	48684	39233	10368	50632	58036	46493	43160	15206	31458	
31365	76038	45658	37450	86470	82460	20793	79164	103680	60755	39433	52167	53472	35558	61288	46425	46176	72856	76021	79078	48351	36762	11325	73430	32412	34196	55918	51912	57082	86123	22853	81184	37309	27896	44792	34937	96946	62324	43703	89237	39106	62376	0	73708	81058	31918	99595	19495	57146	64846	57602	43765	43556	38114	64560	69985	90083	70757	22926	60350	60045	36308	42991	58167	58039	62200	106180	98266	55872	92206	94269	43183	28866	39174	8487	64870	70344	52137	47948	51789	62593	26938	17379	53137	47795	84472	60662	26022	54322	27140	69573	66966	44511	63390	46556	66344	51174	104405	33553	40149	48456	37381	70146	34479	38392	45118	93169	43013	52107	98486	39919	4983	46859	53768	52741	53346	9291	23601	76860	28642	85440	91897	26165	29719	23793	64998	110644	30890	65083	66256	104339	30516	21626	81728	71675	22372	15312	38590	50475	84179	75775	
84088	8188	34826	90173	21815	73537	57194	56906	33688	50575	44952	21786	29707	46615	32469	49849	98869	49847	41159	9834	52894	79455	66096	11853	85105	85704	40657	51442	39858	15469	48192	13819	68366	80589	34045	52365	26291	44070	69342	18582	32690	24549	73708	0	54763	47718	20187	75660	80509	63193	80910	73628	40278	46275	30356	43339	53285	58230	72861	61572	44358	89624	99733	63534	59060	14296	23046	54846	50473	29324	20561	95861	61921	41633	62927	35521	53973	42290	64071	36245	33243	70468	56752	59158	41905	10764	42795	65238	55809	72730	24980	32956	58190	44183	63032	45863	26069	37392	74255	93586	58389	42636	38207	87916	37648	35962	19461	39093	29850	23990	93235	68526	32830	61873	54689	48415	69927	50327	60489	74275	60644	25588	89102	52781	87955	50373	40649	44905	28830	28314	60920	54182	59850	19570	30021	71616	79020	67476	64144	34217	9956	
71391	44427	34964	77476	72627	8061	60004	10734	85752	23775	35058	41861	29138	65904	22032	35493	69359	11904	12744	44221	35516	53597	69582	84376	54263	60564	27767	32482	24889	60617	51678	64631	45491	67892	51933	42471	72372	24075	43484	69394	47164	28880	81058	54763	0	60095	56419	63220	29054	22275	28024	46648	44707	71513	32369	11652	18495	22533	60422	26110	25330	65134	82689	30787	28987	52299	61828	27323	28985	89687	69236	78169	82482	67995	72264	26398	15940	29925	39583	32878	29559	58028	66089	31870	30493	56275	81503	52799	29094	55958	36320	25184	40511	21795	41174	98686	43304	38846	50512	74197	35642	56224	14395	63756	49297	42757	64398	66372	38808	73384	67739	76377	42499	35800	29332	31399	72602	58896	17780	61835	7674	37509	76663	69507	75515	16344	43848	57074	84924	33003	28704	49494	57228	84413	38422	59177	66580	55037	37059	22778	62049	
42989	50373	24408	49074	61913	62038	20412	60586	52957	44476	25787	29000	33574	7439	41391	28818	57771	52434	56123	55307	32072	48356	24306	44886	44006	44605	33193	35633	32940	63187	11409	56627	34345	39490	13843	24383	75141	46168	37552	63235	15939	42479	31918	47718	60095	0	64205	33475	48145	54278	47774	41835	17222	11638	35968	50728	69087	59491	27032	47941	43980	48487	58596	43674	43546	33146	70373	77270	39195	65145	67888	54724	26290	12325	26003	36278	55234	29943	36443	31448	34000	33094	14842	38644	27478	58090	33600	27355	39829	35831	40981	38374	31201	45444	35051	39283	22760	75813	41459	52449	35778	7576	49151	46779	11441	18784	66788	15575	24917	71668	52098	29790	19530	42012	38248	33905	33003	14806	61750	33138	68496	63305	47965	13530	46818	45741	82052	11781	36436	37664	83344	19948	22925	48558	43083	29432	34897	31867	38072	55587	49394	
