//--------------------------------------------------------------------------------------------------------------------
//-- données sur la Mozelle récupérés par le géocodeur (matrice symétrique)
//-- 
//-- C. Duhamel, P. Lacomme C. Prodhon - juillet 2009 : 26054 kg à collecter, flotte de capa 28000
//--------------------------------------------------------------------------------------------------------------------
162 4 999999 0 0 0
5  100 100 2.5
5 500 80 5.2
10 1000 180 6.2
10 1500 180 9.2
0   // la ville qui represente le depot
0	166037	85038	160382	149001	156662	170719	139332	152949	181679	147263	177550	147764	165261	87896	86776	156078	66201	77024	173253	117860	147378	134351	98489	172118	67033	155268	151844	87204	146380	120120	86095	105484	29293	80144	99485	51464	163726	73332	142001	174765	89753	109772	158445	83704	87334	82801	142185	158844	90982	103761	171591	97554	91731	158942	64665	159133	74110	81416	155754	149476	104073	68484	111562	163284	176176	78032	90464	76815	156845	150632	163017	170117	163868	94259	139871	69581	138195	100857	19190	143124	91163	145547	164990	146354	142466	110012	135192	165804	148260	68613	137961	156215	134792	69024	95948	150986	155766	166638	73463	19379	163529	149752	99625	180793	138629	73197	101509	32576	148686	141087	101793	79934	26528	78429	91154	126719	153538	70076	152265	154664	80635	156519	148306	185929	95202	135795	152671	158742	63111	27324	77039	80691	151055	103203	141766	86449	160246	178131	72093	88102	100954	146712	162186	105972	87042	163650	146490	176523	13243	154422	97121	101207	70014	131920	153395	175938	159765	14210	69594	148386	72424	160932	
166037	0	98608	34262	20349	51292	6972	28597	47579	20481	45879	15678	22857	20759	94997	83440	18479	124291	145075	14810	58263	20099	47541	74623	19576	81238	45894	18627	88703	51164	52602	68654	81619	161060	91504	75620	99595	23066	135991	27457	17234	96923	72960	11841	85203	89329	72052	49967	12075	91971	81002	9237	88420	82598	15514	148800	53763	122661	99944	18154	23713	80208	101087	70510	5866	11946	99080	81305	98479	17782	45488	3923	25614	20954	75103	36491	147279	38339	76992	166674	39745	80016	26864	13755	23041	50248	75441	37196	25145	18932	137376	38873	24599	42574	84267	86814	40525	17617	9220	106066	155550	3834	50957	90491	15456	46411	132392	92375	140875	22528	37707	77928	92990	149600	111032	58690	46568	17180	128626	19557	21639	101456	47144	23131	24731	72442	35007	31025	44041	106488	158531	109642	113294	41425	94070	38386	87948	8613	33629	140856	95966	91820	22013	10394	83212	88542	11151	26001	14146	155272	15644	78746	52779	89180	35259	16924	18407	22165	160085	102197	34274	105027	17263	
85038	98608	0	89875	82784	85562	104502	73116	81848	115462	79867	111334	81548	99045	7137	24134	89862	32366	47069	107037	51644	81162	59388	32272	105902	68009	80163	85628	19244	83290	53904	46387	39267	80281	17383	33268	58464	97509	37986	75785	108549	5957	43555	92229	26518	20582	48253	75969	92628	10537	37545	105375	11274	21696	92726	43852	88033	24656	3860	89537	83260	37857	16653	45346	97068	109959	25560	24259	14155	90628	79757	96800	103900	97652	27787	73655	49273	71979	34641	85895	76908	30675	79331	98773	80138	76250	43796	68976	99588	82044	38597	71745	89999	68576	49387	15738	74795	89549	100422	16312	74771	97312	86663	10639	114576	72413	34387	14810	60096	82470	74871	35577	23261	68821	17347	69765	60503	87321	30621	86049	88448	8334	81414	82090	119712	28985	69579	86454	92526	24592	77752	12030	16737	84838	9433	75549	29263	94029	84026	44290	3472	7756	80496	95970	39755	15166	97434	80274	110307	74493	88206	32789	78781	76264	65704	87178	109722	93549	79306	20300	82170	15751	94715	
160382	34262	89875	0	15176	22736	53176	26995	13017	64136	17671	60008	30222	47719	93395	81838	38536	122689	143473	55711	56661	34059	73151	73021	54576	69979	8023	19081	87101	22171	34475	67052	80017	159458	89902	74017	88336	46183	134389	29664	57223	95321	71358	23803	83601	87727	70450	28374	41302	90369	79400	54049	86818	80996	21592	147198	18817	121059	98342	38212	27171	78606	99485	68908	45742	58633	97478	79703	96877	39303	18131	45474	52575	46326	73501	11718	145677	13254	75390	141315	6864	78414	23242	47448	10990	24112	73839	18176	48262	30718	135774	14681	8937	24447	73639	85212	12240	14898	24190	104464	153948	45987	23939	88889	63250	28818	130790	90773	139272	11161	9998	76326	91388	147997	109430	53606	28441	35995	127024	14556	17449	99854	11569	35182	68386	70840	17720	3455	5832	104886	156928	108040	111692	7145	92468	10237	86346	42704	60589	139254	94364	90218	29170	44644	81610	86940	46108	33366	58981	153670	24948	77144	31186	77921	34591	20631	58396	42223	158483	100595	12244	103425	43389	
149001	20349	82784	15176	0	35250	32017	12242	25920	35692	29837	31564	15469	32966	78641	67085	16440	107936	128720	27267	41908	19305	58398	58268	39823	64883	19936	3905	72348	35122	36247	52298	65263	144705	75149	59264	83240	31430	119636	14911	42470	80568	56605	8627	68848	72973	55697	33612	12266	75616	64647	25605	72065	66242	6416	132445	31720	106306	83589	16116	7045	63853	84731	54154	17298	43880	82725	64949	82123	24549	29446	17030	37821	31573	58748	20449	130923	22297	60637	150318	18231	63661	6952	32694	4040	33893	59086	21154	23333	15965	121021	22831	7214	26219	67912	70459	24483	7826	17118	89711	139195	17542	34915	74135	36455	30056	116037	76020	124519	3528	21665	61572	76635	133244	94677	42334	30213	10799	112271	3264	6725	85101	24472	20428	39942	56087	18652	10676	11239	90133	142175	93287	96938	16475	77714	22344	71593	11465	45836	124501	79611	75464	14417	29891	66857	72186	31355	18613	30537	138917	9772	62391	36424	72824	19837	5455	43643	20127	143729	85842	11860	88672	28636	
156662	51292	85562	22736	35250	0	55827	29896	9114	66787	13899	62658	32872	50369	84387	72831	41187	113682	134465	58362	47653	36709	55704	64014	57226	66652	15562	37164	78094	8389	39223	58044	71009	150450	80895	65010	85009	48834	125382	32174	59873	86314	62351	43553	74593	78719	61443	20301	43953	81362	70392	56700	77810	71988	44050	138190	5906	112051	89334	40862	33520	69598	90477	59900	48393	61284	88471	70695	87869	41953	8819	48125	55225	48976	64493	15184	136669	14400	66383	137988	18456	69407	30868	50098	31674	16504	64831	20035	50912	33368	126767	14537	29684	29194	70312	76204	12557	35646	51747	95457	144941	48637	10540	79881	65901	23078	121783	81766	130265	34006	15877	67318	82381	138990	100423	50278	33189	38646	118017	35616	39984	90846	15714	37832	71037	61832	22468	22130	23305	95879	147921	99033	102684	22103	83460	12941	77339	45354	63239	130247	85357	81210	31820	47294	72603	77932	48758	36016	61632	144663	39530	68136	23114	74594	37491	45459	61046	44873	149475	91587	21408	94418	46040	
170719	6972	104502	53176	32017	55827	0	33911	52893	14040	51193	9237	28171	20238	100310	88754	21940	129605	150389	8369	63577	22709	47020	79937	20020	86552	51208	30348	94017	56478	57916	73967	86932	166374	96818	80933	104909	22545	141305	32770	16714	102237	78274	23562	90517	94642	77366	55281	11400	97285	86316	8540	93734	87911	27235	154114	59077	127975	105258	20764	29027	85522	106401	75823	13341	18124	104394	86618	103792	17261	50801	10388	25094	20434	80417	41805	152592	43652	82306	171987	45058	85330	32177	12891	36966	55562	58509	42510	24624	24245	142690	44186	27193	47888	89581	92128	45839	20211	11229	111380	160864	11138	56270	95804	8536	51725	137706	97689	146188	34249	43021	83241	98304	154913	116346	64003	51882	23143	133940	31278	33360	106770	52458	25741	18290	77756	40321	43283	49355	111802	163844	114956	118608	46739	99383	43700	93262	12677	33108	146170	101280	97133	27327	9873	88526	93855	10630	31315	8142	160586	20220	84060	58093	94493	40573	28644	8434	24776	165398	107511	39588	110341	16742	
139332	28597	73116	26995	12242	29896	33911	0	28660	65827	26349	61699	31913	49410	67480	55923	40227	96774	117558	57402	30746	31527	47237	47106	56267	53721	26975	35993	61186	29772	25085	41137	54102	133543	63987	48103	72078	47874	108474	26150	58914	69407	45443	42594	57686	61812	44535	22450	42993	64454	53485	55740	60903	55081	43091	121283	38786	95144	72427	39903	33625	52691	73570	42993	47433	60325	71563	53788	70962	40994	26568	47165	54266	48017	47586	20466	119762	18790	49475	139157	23719	52499	29696	49139	30503	22731	47924	15787	49953	32409	109860	18556	40364	15057	56750	59297	21606	39915	50787	78550	128033	47678	33144	62974	64942	18894	104875	64858	113358	32835	21682	50411	65473	122083	83515	31173	19051	37687	101109	36414	38813	73939	28225	32455	70078	44925	16390	36820	42891	78972	131014	82125	85777	25400	66553	22361	60431	44395	62280	113340	68449	64303	30861	46335	55695	61025	47799	30639	60672	127755	38571	51229	25262	61663	25344	37543	60087	43914	132568	74680	21947	77510	45080	
152949	47579	81848	13017	25920	9114	52893	28660	0	63081	8950	58953	29166	46664	80681	69125	37481	109976	130760	54656	43948	33003	51999	60308	53521	62946	13740	30475	74388	9154	35517	54338	67303	146745	77189	61304	81303	45128	121676	28468	56168	82608	58645	39847	70888	75013	57737	20203	40247	77656	66687	52994	74105	68282	40344	134484	13196	108346	85629	37156	29814	65893	86771	56194	44687	57578	84765	66989	84163	38247	5113	44419	51519	45271	60788	11478	132963	10694	62677	134282	18043	65701	27162	46392	28825	12798	61126	16329	47206	29663	123061	10832	20018	25489	66606	72498	8851	25980	34777	91751	141235	44931	9942	76175	62195	21785	118077	78060	126559	22340	14550	63612	78675	135284	96717	46573	29483	34940	114311	25950	28531	87141	6048	34126	67331	58127	18762	14634	13640	92173	144215	95327	98978	18324	79754	9235	73633	41648	59534	126541	81651	77504	28115	43589	68897	74226	45053	32310	57926	140957	35824	64431	23015	70888	33786	32025	57340	41167	145769	87882	17702	90712	42334	
181679	20481	115462	64136	35692	66787	14040	65827	63081	0	61392	5356	38370	33642	110509	98953	33991	139804	160588	10659	73776	35612	64160	90136	27240	96751	61407	34140	104216	66677	68115	84166	97131	176573	107017	91132	115108	39820	151504	42969	17267	112436	88473	27354	100716	104841	87565	65480	27547	107484	96515	13280	103933	98110	31027	164313	69276	138174	115457	33667	39226	95721	116600	86022	20588	18677	114593	96817	113991	36222	61000	18645	38498	33838	90616	52004	162791	53851	92505	182186	55257	95529	42376	23057	38553	65761	90954	52709	40884	34444	152889	54385	43076	58087	99780	102327	56038	29686	20704	121579	171063	19622	66469	106003	8438	61924	147905	107888	156387	38041	53220	93440	108503	165112	126545	74202	62081	32692	144139	35069	37152	116969	62657	38643	4941	87955	50520	46538	59554	122001	174043	125155	128807	56938	109582	53899	103461	27464	46512	156369	111479	107332	37526	23278	98725	104054	24035	41514	9833	170785	31157	94259	68292	104692	50772	32436	12544	37678	175597	117710	49787	120540	30147	
147263	45879	79867	17671	29837	13899	51193	26349	8950	61392	0	57194	27407	44905	75667	64111	35722	104962	125745	52897	38933	31244	55424	55294	51762	49942	12196	31700	69373	5618	30634	49324	62289	141730	72175	56290	68298	43369	116662	26709	54409	77594	53630	38088	65873	69999	52723	10666	38488	72642	61672	51235	69090	63268	38585	129470	14633	103331	80614	35397	28055	60878	81757	51180	42928	55819	79750	61975	79149	36488	6516	42660	49760	43512	55773	11818	127949	13212	57663	128238	17599	60687	25403	44633	26209	4411	56111	15435	45447	27904	118047	6607	24246	20605	52971	67484	7914	35621	46282	86737	136221	43172	8990	71161	60436	11226	113063	73046	121545	28542	12511	58598	73661	130270	91703	32938	24599	33181	109297	32120	34519	82126	13447	32367	65572	53112	17003	18764	21141	87159	139201	90313	93964	19280	74740	9575	68619	39889	57775	121527	76637	72490	26355	41830	63883	69212	43294	30551	56167	135943	34065	59416	13479	57883	34513	39995	55581	39408	140755	82867	15943	85698	40575	
177550	15678	111334	60008	31564	62658	9237	61699	58953	5356	57194	0	34242	28804	106381	94825	29863	135676	156459	5821	69647	31484	55586	86008	28586	92623	57278	30012	100088	62548	63987	80038	93003	172444	102889	87004	110979	31112	147376	38841	18997	108308	84345	23226	96588	100713	83437	61351	23418	103356	92386	8442	99804	93982	26899	160184	65148	134046	111328	29539	35098	91593	112471	81894	15751	20407	110465	92689	109863	32093	56872	13807	33660	29000	86487	47876	158663	49723	88377	178058	51129	91401	38248	21457	34425	61633	86826	48581	33190	30316	148761	50257	38948	53958	95652	98198	51910	23404	14422	117451	166935	14784	62341	101875	10169	57796	143777	103760	152259	33913	49092	89312	104375	160984	122417	70074	57953	28564	140011	30941	33024	112841	58529	34515	9606	83827	46392	42410	55425	117873	169915	121027	124678	52810	105454	49770	99333	23336	41674	152241	107351	103204	33398	18440	94597	99926	19197	37386	4995	166657	27028	90131	64164	100564	46644	28308	14275	33550	171469	113581	45658	116412	25309	
147764	22857	81548	30222	15469	32872	28171	31913	29166	38370	27407	34242	0	19827	76550	64993	9049	105844	126628	27819	39816	4105	34322	56176	26684	62791	27447	10145	70256	32717	34155	50207	63172	142613	73057	57173	81148	18291	117544	5177	29331	78476	54513	13011	66756	70882	53605	31520	13410	73524	62555	26157	69973	64151	8119	130353	35316	104214	81497	7874	5279	61761	82640	52063	17850	30741	80633	62858	80032	11411	27041	17582	24683	18434	56656	18044	128832	19892	58545	148227	21298	61569	7578	19556	13205	31801	56994	18749	15182	2800	118929	20426	23067	24127	65820	68367	22078	14067	21204	87619	137103	18095	32510	72044	35358	27964	113945	73928	122428	15538	19260	59481	74543	131152	92585	40243	28121	5818	110179	10737	12965	83009	28697	7144	40494	53995	16560	19522	25594	88041	140084	91195	94847	22978	75623	19939	69501	14812	32697	122409	77519	73373	3579	16752	64765	70095	18216	5329	31089	136825	8988	60299	34332	70733	14587	14917	30504	10610	141638	83750	12627	86580	15497	
165261	20759	99045	47719	32966	50369	20238	49410	46664	33642	44905	28804	19827	0	93212	81655	11827	122506	143290	31434	56478	15611	35560	72838	8325	79453	44109	25267	86918	49379	50817	66869	79834	159275	89719	73834	97810	9240	134206	25672	27642	95138	48074	21657	83418	87544	70267	48182	18333	90186	79217	31605	86635	80813	18345	147015	51978	120876	98159	13666	21928	78423	99302	45624	20274	18486	97295	79520	96694	9388	43703	22718	5920	6204	73318	34706	145494	36554	75207	164889	37960	78231	25079	12750	29867	48463	47048	35411	13163	17147	135591	37088	39729	40789	82482	85029	38740	29381	24537	104281	153765	22396	49171	88706	33669	44626	130607	90590	139090	32200	35922	76143	91205	147814	109247	56905	44783	16045	126841	26197	28279	99671	45359	18642	41355	70657	33222	36184	42256	104703	156745	107857	111509	39640	92285	36601	86163	19611	13935	139071	94181	90035	20228	9942	81427	86757	9812	24216	30770	153487	15833	76961	50994	87395	25115	23564	28815	12201	158300	100412	32489	103242	5942	
87896	94997	7137	93395	78641	84387	100310	67480	80681	110509	75667	106381	76550	93212	0	17381	83109	39320	54024	100284	44891	74409	61381	25519	99149	68577	73410	78875	11689	76538	47151	39634	32515	82915	8500	26515	52382	90756	44940	69032	101796	2350	36802	85476	11334	13600	41500	69216	85875	3555	30792	98622	8830	14943	85973	50806	81280	31610	6685	82785	76507	31104	19287	38593	90315	103206	28194	17507	9546	83876	73004	90047	97148	90899	21034	66902	56227	65226	27888	88529	70155	19244	72578	92020	73385	69497	37043	62223	92835	75291	45551	64992	83246	61823	43305	8438	68042	82796	93669	18946	77405	90560	79910	4677	107823	65660	41341	14325	62729	75717	68118	28824	17514	71454	19981	63012	53750	80568	37575	79296	81695	7512	74661	75337	112959	22232	62826	79702	85773	27226	80385	14683	22242	78086	8882	68796	14529	87277	79619	51244	4548	7205	73743	89217	33002	8183	90681	73521	103554	77127	81453	26036	72028	76833	58951	80425	102969	86796	81940	22934	75417	18385	87962	
86776	83440	24134	81838	67085	72831	88754	55923	69125	98953	64111	94825	64993	81655	17381	0	74544	45472	55856	91719	36325	65844	52816	12668	90584	60012	64845	70309	2428	67972	38585	31068	23949	82240	10067	17950	45195	82191	46773	60466	93230	22646	28237	76910	3766	9723	32934	60650	77310	10263	19033	90057	9490	6458	77407	69980	72714	33443	25666	74219	67941	22538	22267	30027	81750	94641	20261	7726	13202	75310	64438	81482	88582	82334	11187	58336	58060	56660	19323	87854	61589	10830	64013	83455	64819	60931	28477	53657	84269	66725	58557	56426	74680	53257	36118	5580	59476	74231	85104	27247	76731	81994	71344	16213	99258	57095	43174	13570	62055	67151	59552	20258	14171	70780	32213	54446	45185	72003	39408	70730	73129	17279	66095	66771	104394	13667	54260	71136	77208	27669	79711	20817	34474	69520	13488	60231	6116	78711	76537	62037	21688	17542	65177	80651	21243	5640	82116	64955	94989	76453	72887	16788	63462	68267	50385	71860	94403	78230	81265	23378	66852	16731	79397	
156078	18479	89862	38536	16440	41187	21940	40227	37481	33991	35722	29863	9049	11827	83109	74544	0	114585	135369	27118	48557	5335	31086	64917	19342	71532	36188	15919	78997	41458	42896	58947	71912	151354	81798	65913	89889	6746	126285	11600	21790	87217	43600	12309	75497	79622	62346	40261	10746	82265	71296	25456	78714	72891	8997	139094	44057	112955	90238	3390	11141	70502	91381	41150	17149	23201	89374	71598	88772	2868	35781	16881	16937	7682	65397	26785	137573	28632	67286	156968	30038	70310	17157	12015	21946	40542	42574	27490	8690	8645	127670	29166	24856	32868	74561	77108	30819	20033	20503	96360	145844	17393	41250	80785	27817	36705	122686	82669	131168	24278	28001	68222	83284	139893	101326	48984	36862	6697	118920	16849	18931	91750	37438	8367	39793	62736	25301	28263	34335	96782	148824	99936	103588	31719	84363	28680	78242	14110	24951	131150	86260	82114	12307	9211	73506	78835	10675	12370	30388	145566	6485	69040	43073	79473	21010	14216	22963	7401	150379	92491	24568	95321	7751	
66201	124291	32366	122689	107936	113682	129605	96774	109976	139804	104962	135676	105844	122506	39320	45472	114585	0	19524	143425	88031	117550	104522	68660	142290	74529	116551	122015	57375	119678	90291	82774	75655	61611	34311	69656	55052	133897	11240	112172	144936	41434	79943	128616	53875	41836	84640	112356	129016	42663	73933	141763	46483	52596	129113	17107	124420	7909	29033	125925	119647	74244	25938	81733	133456	146347	28374	60635	31083	127016	116144	133188	140288	134040	64430	110042	16459	108366	71029	67224	113295	61335	115719	135161	116525	112637	80183	105363	135975	118431	12240	108132	126386	104963	55278	46638	111182	125937	136810	26385	56101	133700	123050	44028	150964	108801	6996	51978	41425	118857	111258	71964	35684	50150	24127	106152	96891	123709	3875	122436	124835	32317	117801	118477	156100	65373	105966	122842	128914	26801	45475	21813	22968	121226	51454	111937	56620	130417	109706	15720	35720	49204	116883	132357	76143	38723	133822	116661	146695	55823	124593	67292	115168	77511	102091	123566	146109	129936	60635	22118	118558	28174	131103	
77024	145075	47069	143473	128720	134465	150389	117558	130760	160588	125745	156459	126628	143290	54024	55856	135369	19524	0	153037	97643	127162	109103	78272	150248	95162	126163	131627	56959	129290	99903	92386	85267	67692	49041	79268	74573	143509	14447	121784	154548	56164	89555	138228	54300	56567	94252	121968	138628	57393	83545	151375	61213	67327	138725	12348	134032	29425	43764	135537	129259	83856	43806	91345	143068	155959	52713	70247	45814	136628	125756	142800	142652	143652	73418	119654	8217	117978	80641	75299	122907	70947	125331	144773	126137	122250	89796	114975	145587	128043	16978	117744	135998	114575	76540	61368	120794	135549	146422	41115	64176	143312	132662	58758	160576	118413	12503	66708	44446	128469	120870	81576	50414	58225	38857	115764	106503	133321	16395	132048	134447	47047	127413	128089	165712	74985	115578	132454	138526	51745	67156	36544	37698	130838	66184	121549	66232	140029	133741	18717	50450	63934	126495	141969	85755	53453	143434	126273	156307	66365	134205	76904	124780	103418	111703	133178	155721	139548	66717	47453	128170	42904	140715	
173253	14810	107037	55711	27267	58362	8369	57402	54656	10659	52897	5821	27819	31434	100284	91719	27118	143425	153037	0	65707	27543	54800	82067	27800	88682	53338	26071	96147	58608	60046	76097	89062	168504	98948	83063	107039	30325	143435	34900	24494	104367	80404	19285	92647	96772	79496	57411	19478	99415	88446	7656	95864	90041	22958	156244	61207	130105	107388	25598	31157	87652	108531	77953	13465	25904	106524	88748	105922	28153	52931	11522	32874	28214	82547	43935	154723	45782	84436	174118	47188	87460	34307	20671	30484	57692	82885	44640	32404	26376	144820	46316	28489	50018	91711	94258	47969	20495	11514	113510	162994	12499	58400	97934	10127	53855	139836	99819	148318	29972	45151	85371	100434	157043	118476	66134	54012	24623	136070	27000	29083	108900	54588	30575	14794	79886	42451	32285	29838	113932	165974	117086	120738	48869	101513	45830	95392	19395	40888	148300	103410	99264	29457	17654	90656	95985	18411	33445	4209	162716	23088	86190	60223	96623	42703	24367	14371	29609	167528	109641	41718	112471	24523	
117860	58263	51644	56661	41908	47653	63577	30746	43948	73776	38933	69647	39816	56478	44891	36325	48557	88031	97643	65707	0	40367	18085	20332	65107	52541	39368	44833	41042	42495	13099	21062	19176	113398	43843	18346	55601	35568	88330	34990	67754	49262	14728	51434	37542	41667	24461	35173	51833	44310	23318	64580	40759	34936	51930	101138	47237	75000	52283	48742	42465	15669	53425	12278	56273	69164	51419	33643	50817	49833	38962	56005	41392	56857	27441	32860	99617	31184	14613	119012	36113	32355	38536	57978	39343	35455	17209	28181	32124	41249	89715	30950	49204	27780	38589	39152	33999	48754	59627	58405	107889	56517	45867	42829	73781	31618	84731	44714	93213	41675	34075	15457	45329	101938	63371	28960	17825	46526	80965	45253	47653	53795	40618	41294	78917	24781	28784	45659	51731	58827	110869	61981	65632	44043	46408	34754	40287	53234	43167	93195	48305	44158	39701	55175	25529	40880	56639	39479	69512	107611	47410	21980	37986	60796	20903	46383	68927	35330	112423	54536	41375	57366	53920	
147378	20099	81162	34059	19305	36709	22709	31527	33003	35612	31244	31484	4105	15611	74409	65844	5335	117550	127162	27543	40367	0	30217	56253	23560	62868	32281	16567	70333	37550	34232	50284	63249	142690	73134	57249	81225	11257	117621	6714	26207	78553	42732	12957	66833	70959	53682	31597	11393	73601	62632	26103	70050	64227	9645	130430	40150	104291	81574	4253	8083	61838	82717	40281	17796	27618	80710	62934	80108	6816	31874	17528	21559	15310	56733	22878	128909	24725	58622	148304	26131	61646	11654	16432	18039	31878	41706	23583	11078	5271	119006	25259	27900	24204	65897	68444	26912	20681	21150	87696	137180	18041	37343	72121	32235	28041	114022	74005	122504	20371	24094	59558	74620	131229	92662	40320	28198	7344	110256	13207	19579	83086	33531	3032	40441	54072	16679	24356	30428	88118	140160	91272	94924	27812	75700	24772	69578	14758	29573	122486	77596	73450	7672	13628	64842	70172	15092	7035	31035	136902	7133	60376	34409	70810	17538	14863	27380	6990	141715	83827	20661	86657	12374	
134351	47541	59388	73151	58398	55704	47020	47237	51999	64160	55424	55586	34322	35560	61381	52816	31086	104522	109103	54800	18085	30217	0	27708	33826	71176	50382	46062	57519	58972	29540	37540	20382	129876	60320	24003	74237	26468	89757	33124	50503	65739	15934	42452	54019	58144	40938	51651	41194	60787	37465	54466	57236	51413	39140	95623	58251	76427	57067	30265	38258	20724	69902	13484	43135	51913	67896	50120	67294	32249	49976	47024	29806	30182	30749	40977	111687	41028	28760	135489	44230	39163	55013	36290	55820	51932	13170	44658	23024	35446	106192	47427	65681	34249	57224	55629	45013	50176	47398	74882	124366	45257	62344	59306	56530	48095	86158	43055	109690	58152	42193	23418	61806	118415	69953	48462	29713	36840	82392	61730	49074	60940	51632	28707	64216	41258	34091	62136	68208	75304	127346	63711	72215	45911	46334	42871	56764	42472	28503	109672	64782	60635	43089	37924	39675	57357	39388	32710	53631	124088	36628	36127	54463	79432	27574	44359	51676	26230	128900	71013	42458	73843	31286	
98489	74623	32272	73021	58268	64014	79937	47106	60308	90136	55294	86008	56176	72838	25519	12668	64917	68660	78272	82067	20332	56253	27708	0	82493	51669	56754	62219	12932	59882	30495	22726	7482	94232	24676	1994	47141	74101	69163	52376	85140	30095	11770	68820	18375	22501	24592	52560	69219	25143	13884	81966	21592	10006	69317	81972	64624	55833	33116	66129	59851	6918	34259	13560	73659	86551	32252	14477	31650	67220	56348	73392	80492	74243	1885	50246	80451	48570	9400	99846	53499	12898	55922	75365	56729	52841	12010	45567	45989	58635	70548	48336	66590	45167	37717	13020	51386	66141	77014	39238	88722	73904	63254	23663	91168	49004	65564	15893	74046	59061	51462	6028	26162	82771	44204	42456	37094	63913	61798	62640	65039	34628	58005	58681	96304	5324	46170	63046	69117	39660	91702	42814	46466	61430	27242	52141	21120	70621	51467	74028	29138	24992	57087	72561	16094	21714	74025	56865	86898	88444	64797	11628	55372	59925	42295	63770	86313	70140	93257	35369	58761	38199	71307	
172118	19576	105902	54576	39823	57226	20020	56267	53521	27240	51762	28586	26684	8325	99149	90584	19342	142290	150248	27800	65107	23560	33826	82493	0	84218	48873	25630	91683	54143	55582	71633	50734	164039	94484	78599	102574	14354	138971	30436	14477	99903	46287	21719	88183	92308	75032	52946	17142	94951	83981	28247	91399	85577	21844	151779	56743	125641	102923	18430	26693	51077	104066	43836	19083	8541	102060	84284	101458	16761	48467	21526	7168	13577	78082	39471	150258	41318	79972	169653	42724	82996	29843	7129	34632	53228	45261	40175	15251	21911	140356	41852	34566	45553	87247	89793	43505	31743	23346	109046	158530	19038	53936	93470	20908	49391	135372	84052	143854	36964	40687	80907	95970	152579	114012	61669	49548	19543	131606	26559	28642	104436	50124	23407	31431	75422	37987	40949	47020	109468	161510	112622	116273	44405	97049	41365	90928	18419	15183	143836	98946	94799	24993	12893	86192	91521	11264	28981	25197	158252	18263	81726	55759	92159	30232	23926	16054	19574	163064	105176	37253	108007	13315	
67033	81238	68009	69979	64883	66652	86552	53721	62946	96751	49942	92623	62791	79453	68577	60012	71532	74529	95162	88682	52541	62868	71176	51669	84218	0	64771	67782	55771	55883	49196	32721	58510	74596	55615	52511	20732	79663	77870	57939	90703	73985	62797	74383	52271	53274	29427	38696	74782	69033	36727	87529	65481	59659	74879	80689	68635	73552	64910	71691	65414	52134	57466	64588	79222	92113	51826	53515	55671	72782	60135	78954	86054	79806	51994	49491	82173	47930	42562	47942	53604	50754	61485	80927	62292	46179	63038	43213	81742	64198	73152	45410	72153	48414	19553	63875	60489	71703	82576	58660	57305	79466	59255	67552	96730	38642	78512	69437	68215	64624	50913	49854	46229	56437	61923	32662	52408	69475	75392	68202	70602	60135	66021	64243	101866	46980	47571	68608	74680	56585	50232	60533	64184	55285	71131	50284	55330	76183	94069	76632	73027	68881	62650	78124	35208	56061	79588	62428	92461	61333	70359	39294	36461	9012	62321	69332	91876	75703	75351	57953	51783	54110	76869	
155268	45894	80163	8023	19936	15562	51208	26975	13740	61407	12196	57278	27447	44109	73410	64845	36188	116551	126163	53338	39368	32281	50382	56754	48873	64771	0	25104	72117	17842	33246	52067	65032	144474	74918	59033	83223	42857	119405	26197	53897	80337	56374	37576	68617	72742	55466	23261	37976	75385	64416	50723	71834	66011	38073	132214	19357	106075	83358	34885	27543	63622	84500	53923	42416	55307	82494	64718	81892	35976	11501	42148	49248	43000	58517	7754	130692	8141	60406	136202	12887	63430	24891	44121	17013	18999	58855	14058	44935	27392	120790	9568	14960	23218	68526	70227	7127	20922	30214	89480	138964	42660	16330	73904	59924	23705	115806	75789	124288	17184	5504	61341	76404	133013	94446	48492	27212	32669	112040	20579	23472	84870	2718	31855	65060	55856	16491	9478	11855	89902	141944	93056	96707	13169	77483	5124	71362	39377	57263	124270	79380	75233	25844	41318	66626	71955	42782	30040	55655	138686	33553	62160	26073	72808	31515	26654	55069	38896	143498	85611	10899	88441	40063	
151844	18627	85628	19081	3905	37164	30348	35993	30475	34140	31700	30012	10145	25267	78875	70309	15919	122015	131627	26071	44833	16567	46062	62219	25630	67782	25104	0	75575	38350	39475	55526	68491	147932	78377	62492	86467	20487	122864	18139	34809	83796	59832	6845	72075	76201	58925	36839	10483	78844	67874	23822	75292	69470	4539	135672	33488	109533	86816	14334	8269	67080	87959	57382	15515	36219	85952	68177	85351	16888	32673	15248	30160	23912	61975	23677	134151	25524	63865	153546	19999	66889	10180	18568	7268	37121	62313	24382	21550	7484	124249	26058	9839	29446	71140	73686	27711	5086	14378	92939	142423	15760	38142	77363	34672	33284	119265	79248	127747	6755	24893	64800	79863	136472	97904	45562	33440	7696	115499	2981	3887	88328	26240	14231	38160	59314	21879	12444	13007	93361	145403	96515	100166	19703	80942	25572	74821	9683	38175	127729	82839	78692	10293	13142	70085	75414	23694	15096	28754	142145	7990	65618	39651	76052	23065	3314	35982	18345	146957	89069	15087	91900	20975	
87204	88703	19244	87101	72348	78094	94017	61186	74388	104216	69373	100088	70256	86918	11689	2428	78997	57375	56959	96147	41042	70333	57519	12932	91683	55771	72117	75575	0	68033	38646	31130	24010	82667	9048	18011	45622	82252	45754	60528	93292	13906	28298	76971	3830	9415	32995	60711	77371	8157	19855	90118	7383	6519	77468	70407	72775	32424	22975	74280	68002	22600	22694	30088	81811	94702	20688	7787	12183	75371	64500	81543	88643	82395	11248	58397	57041	56722	19384	88281	61651	11653	64074	83516	64880	60993	28539	53718	84330	66787	58984	56487	74742	53318	36545	3474	59537	74292	85165	27674	77158	82055	71405	13522	99319	57156	42155	11464	62482	67213	59613	20319	14598	71207	23494	54507	45246	72064	38389	70791	73190	16260	66156	66832	104455	13728	54321	71197	77269	28096	80138	19798	25756	69581	11382	60292	6938	78772	74431	62464	18997	14851	65238	80713	22065	3533	82177	65017	95050	76880	72948	17610	63524	63423	50447	71921	94464	78291	81692	23804	66913	15712	79458	
146380	51164	83290	22171	35122	8389	56478	29772	9154	66677	5618	62548	32717	49379	76538	67972	41458	119678	129290	58608	42495	37550	58972	59882	54143	55883	17842	38350	68033	0	34205	52895	65860	145302	75746	59861	74377	48487	120233	31827	59527	81165	57202	43206	69445	73570	56294	12021	43606	76213	65244	56353	72662	66839	43703	133041	9143	106903	84186	40515	33173	64450	85328	54751	48046	60937	83322	65546	82720	41606	5098	47778	54878	48630	59345	16936	131520	18330	61234	127356	22717	64258	30521	49751	31327	9451	59683	19007	50565	33021	121618	11673	29111	24176	52587	71055	13032	40739	51400	90308	139792	48290	3501	74732	65554	14797	116634	76617	125116	33659	17629	62169	77232	133841	95274	32553	28171	38299	112868	37238	39637	85698	15141	37485	70690	56684	22121	23882	22732	90730	133855	93884	97535	24397	78311	14693	72190	45007	62893	125098	80208	76061	31473	46947	67454	72783	48412	35669	61285	139514	39183	62988	14833	63962	37145	45113	60699	44526	144326	86439	21061	89269	45693	
120120	52602	53904	34475	36247	39223	57916	25085	35517	68115	30634	63987	34155	50817	47151	38585	42896	90291	99903	60046	13099	34232	29540	30495	55582	49196	33246	39475	38646	34205	0	17263	36466	115908	46352	30467	51802	35790	90839	29516	62280	51771	27784	45960	40051	44176	20662	27364	46359	46819	26451	59106	43268	37445	46457	103648	38615	77509	54792	43269	36991	27131	55934	25334	50800	63691	53928	36152	53326	44360	30339	50532	57632	51383	29951	24237	102126	22561	21917	121521	27490	34864	33063	52505	33869	27645	30265	19558	29557	35775	92224	22327	43730	11108	34790	41662	25377	43281	54154	60914	110398	51044	38058	45338	68308	23809	87240	47223	95722	36201	25453	25126	47838	104447	65880	16919	10097	41053	83474	39780	42179	56304	31996	27953	73444	27290	19422	40186	46258	61336	113378	64490	68141	29171	48917	26132	42796	47761	54661	95704	50814	46667	34227	49701	24932	43389	51165	26137	64038	110120	41937	33594	30176	56997	15842	40910	63453	29403	114932	57045	25718	59875	48447	
86095	68654	46387	67052	52298	58044	73967	41137	54338	84166	49324	80038	50207	66869	39634	31068	58947	82774	92386	76097	21062	50284	37540	22726	71633	32721	52067	55526	31130	52895	17263	0	29091	108702	39147	23092	35292	67081	83634	45356	78121	44566	35946	61800	32846	36971	5001	37116	62200	39614	9728	74947	36063	30240	62297	96442	57604	70304	47587	59109	52831	25999	48729	33495	66640	79531	46723	24096	46121	60200	49328	66372	73472	67224	22575	43226	94921	41550	13143	68778	46479	21336	48903	68345	49709	45822	33619	38547	51779	51615	85019	41316	59570	25704	18279	34456	44366	59121	69994	53709	103193	66884	56234	38133	84148	37063	80035	40018	88517	52041	44442	23993	40633	97242	58675	18502	24862	56893	76269	55620	58019	49099	50985	51661	89284	17561	39150	56026	62098	54131	60558	57285	60936	54410	41712	45121	25911	63601	62822	88499	43609	39462	50067	65542	8208	36184	67006	49846	79879	102915	57777	12295	34881	40487	33104	56750	79293	63120	107727	49840	51742	52670	64287	
105484	81619	39267	80017	65263	71009	86932	54102	67303	97131	62289	93003	63172	79834	32515	23949	71912	75655	85267	89062	19176	63249	20382	7482	50734	58510	65032	68491	24010	65860	36466	29091	0	100929	31374	6736	53838	43458	75860	59074	91838	36793	5795	75517	25072	29198	31289	59257	75917	31841	20581	88664	28289	17402	76014	88669	71321	62530	39813	47256	66548	6099	40956	7586	80357	93248	38949	21174	38348	73917	63046	80089	46796	47172	11119	56943	87148	55268	16098	106543	60197	19596	62620	82062	63426	59539	6095	52264	40015	65333	77246	55033	73288	51864	44415	26683	58083	72838	83711	45936	95419	80601	69951	30360	97865	55702	72262	19745	80744	65759	58159	8324	32860	89469	50901	49153	35477	70610	68496	69337	71736	41325	64702	45697	103001	12021	52867	69743	75815	46358	98400	49512	53163	68127	33939	58838	27817	77318	45493	80726	35835	31689	63784	79259	22792	28411	80723	63563	93596	95141	71494	18325	62070	66622	38000	70467	93010	43220	99954	42066	65459	44897	48276	
29293	161060	80281	159458	144705	150450	166374	133543	146745	176573	141730	172444	142613	159275	82915	82240	151354	61611	67692	168504	113398	142690	129876	94232	164039	74596	144474	147932	82667	145302	115908	108702	100929	0	75407	94748	59188	158989	68595	137265	170029	85016	105035	153709	78967	82597	109733	137449	154108	86245	99025	166855	92817	86995	154206	55321	149513	69373	76680	151017	144740	99337	63747	106826	158548	171439	73295	85728	72079	152108	141237	158280	165380	159132	89523	135135	60236	133459	96121	30276	138388	86427	140811	160253	141618	137730	105276	130456	161068	143524	63877	133225	151479	130056	67570	91211	136275	151029	161902	68727	19186	158792	148143	94888	176056	133893	68460	96773	23232	143950	136351	97057	75198	24318	73693	90467	121983	148801	65340	147529	149928	75899	142894	143570	181192	90465	131059	147934	154006	58375	24971	72303	75954	146318	98467	137029	81713	155509	173395	57083	83366	96217	141976	157450	101235	82306	158914	141754	171787	18621	149686	92385	140261	77738	127184	148658	171202	155029	18032	64858	143650	67688	156195	
80144	91504	17383	89902	75149	80895	96818	63987	77189	107017	72175	102889	73057	89719	8500	10067	81798	34311	49041	98948	43843	73134	60320	24676	94484	55615	74918	78377	9048	75746	46352	39147	31374	75407	0	25557	45472	89798	37945	68074	100838	10695	35844	84517	6234	8500	36331	68257	84917	7426	22347	97664	15174	17804	85014	43811	80321	24614	13655	81826	75548	30146	12320	37634	89357	102248	15506	16536	4374	82917	72046	89089	96189	89941	20332	65943	49232	64268	26930	90773	69197	14144	71620	91062	72426	68539	36085	61264	91876	74333	38556	64033	82288	60864	36395	12015	67083	81838	92711	14650	79649	89601	78951	10327	106865	64702	34346	19255	64974	74759	67159	27865	12415	73699	15685	54196	52792	79610	30580	78337	80736	8451	73702	74378	112001	21274	61867	78743	84815	20265	82630	11989	17947	77127	17721	67838	9430	86318	82382	44249	12893	15471	72784	88259	24557	5387	89723	72563	102596	79372	80494	20102	71070	63272	57993	79467	102010	85837	84184	15597	74459	7903	87004	
99485	75620	33268	74017	59264	65010	80933	48103	61304	91132	56290	87004	57173	73834	26515	17950	65913	69656	79268	83063	18346	57249	24003	1994	78599	52511	59033	62492	18011	59861	30467	23092	6736	94748	25557	0	47707	74666	69729	52942	85706	30661	9377	69386	18940	23066	25157	53125	69785	25709	14449	82532	22157	11835	69882	82537	65189	56398	33681	66694	60417	4900	34824	11167	74225	87116	32818	15042	32216	67785	56914	73957	81057	74809	3714	50812	81016	49136	10455	100411	54065	13464	56488	75930	57295	53407	12861	46133	43596	59201	71114	48902	67156	45732	38283	20551	51951	66706	77579	39804	89288	74469	63819	24228	91733	49570	66130	26113	74612	59627	52027	4010	26728	83337	44770	43021	37660	64478	62364	63205	65605	35193	58570	59246	96869	5890	46736	63611	69683	40226	92268	43380	47031	61995	27807	52706	21686	71186	49075	74594	29704	25557	57653	73127	16660	22279	74591	57431	87464	89010	65362	12194	55938	60490	42861	64335	86879	70706	93822	35934	59327	38765	71872	
51464	99595	58464	88336	83240	85009	104909	72078	81303	115108	68298	110979	81148	97810	52382	45195	89889	55052	74573	107039	55601	81225	74237	47141	102574	20732	83223	86467	45622	74377	51802	35292	53838	59188	45472	47707	0	98122	58245	76397	109161	53030	65256	92841	42009	43011	31886	57155	93240	49965	37125	105987	60994	55171	93338	61063	87094	59800	54647	90150	83872	54593	47203	67047	97681	110572	36630	46371	45409	91241	78593	97413	104513	98264	54453	67950	62547	66389	45021	34054	72063	42702	79944	99386	80750	64637	65497	61672	100200	82656	53526	63868	90611	58349	18109	59387	78947	90162	101035	48397	43418	97925	77713	63064	115189	57101	58886	64949	54328	83082	69372	52313	35966	42549	51660	40240	57508	87934	55766	86661	89060	49873	84480	82702	120325	49439	66030	87067	93139	38491	31866	50270	53922	73743	66643	68742	41998	94642	112527	57006	68540	64393	81108	96582	37667	45798	98046	80886	110920	47446	88818	39292	54920	23726	67497	87791	110334	94161	61463	41595	70242	43848	95328	
163726	23066	97509	46183	31430	48834	22545	47874	45128	39820	43369	31112	18291	9240	90756	82191	6746	133897	143509	30325	35568	11257	26468	74101	14354	79663	42857	20487	82252	48487	35790	67081	43458	158989	89798	74666	98122	0	132618	24083	26054	93550	38966	18138	81830	85955	68679	46594	16745	88598	77629	30017	85047	79224	14826	145427	50390	119288	96571	7612	20340	43756	97714	36516	18686	27464	95707	77931	95105	7800	42114	22709	11889	4022	71730	33118	143905	34965	73619	163300	36371	76643	23490	11841	28279	46875	37940	33823	4056	15558	134003	35499	38140	39201	80894	83441	37152	25861	22949	102693	152177	20808	47583	87117	32081	43038	129019	89002	137501	30611	34334	50588	89617	146226	107659	55316	29517	12525	125253	22677	24760	98083	43771	12830	39767	69069	31634	34596	40668	103115	155157	106269	109921	38052	90696	35013	84575	18023	19904	137483	92593	88446	18640	13475	79839	85168	14939	16834	29182	151899	12313	75373	49406	85806	21118	20044	27227	5704	156711	98824	30901	101654	7054	
73332	135991	37986	134389	119636	125382	141305	108474	121676	151504	116662	147376	117544	134206	44940	46773	126285	11240	14447	143435	88330	117621	89757	69163	138971	77870	119405	122864	45754	120233	90839	83634	75860	68595	37945	69729	58245	132618	0	112674	145438	47054	80444	129118	45190	47456	85142	112858	129517	48283	74434	142264	52103	58216	129615	7659	124922	13529	34653	126427	120149	74746	34696	82235	133957	146849	36950	61137	36703	127518	116646	133689	140790	134541	64307	110544	7011	108868	71530	73575	113797	61836	116220	135663	117027	113139	80685	105865	136477	118933	5240	108634	126888	105465	67430	52258	111684	126439	137311	32005	62452	134202	123552	49648	151466	109302	7116	57598	39757	119359	111760	72466	41304	56501	29747	106654	97392	124211	8115	122938	125337	37937	118303	118979	156602	65874	106468	123344	129415	33152	51826	27433	28588	121728	57074	112438	57122	130919	132209	11063	41339	54824	117385	132859	76645	44343	134323	117163	147196	62174	125095	67794	115670	83861	102593	124067	146611	130438	66986	30694	119059	33794	131604	
