//--------------------------------------------------------------------------------------------------------------------
//-- données sur les Bouches_Du_Rhone récupérées par le géocodeur (matrice symétrique)
//-- 
//-- C. Duhamel, P. Lacomme C. Prodhon - juillet 2009 : 3000 kg à collecter, flotte de capa 7500
//--------------------------------------------------------------------------------------------------------------------
118 5 999999 0 0 0
10 50 50 1.2
10 100 70 3.5
10 100 80 2.2
10 250 130 4.2
10 250 190 2.4
0   // la ville qui represente le depot
0	40942	51291	92113	41091	52325	35833	40369	84760	18436	25075	26993	14290	91814	61491	22500	35588	45406	48456	52725	58134	28098	16720	42712	74801	38434	12552	51265	9044	38345	63999	47819	77048	69752	62663	18153	16418	42186	34331	42466	83141	21875	57188	31060	21358	31559	53589	30401	20651	46000	27878	49693	20580	30253	29090	36728	12688	65827	23302	77784	30946	33301	36945	50675	77240	60167	20034	16233	22505	45637	60863	57353	72442	59539	67501	25645	30203	33829	26135	56370	38964	53702	77321	30595	25891	19815	78628	47891	34246	21535	61177	22966	13241	33502	32881	79073	20435	55574	57366	45812	98204	69456	24009	29684	109438	38102	45463	64860	25086	27263	88967	32683	19448	14581	13724	9277	27750	63946	24479	
40942	0	79200	120022	14927	80234	22720	68278	112669	33185	18682	46598	29942	119723	89400	28771	14676	22219	49682	29538	34948	68086	29303	43938	102710	59784	61282	30493	51637	39571	91908	75728	104957	97661	63889	24080	24461	30028	35557	70375	111050	18263	75797	66864	61346	20465	30402	15987	49391	12619	67867	77602	60568	55036	64895	27616	32170	93736	24528	105693	81560	34527	15568	51902	105149	88075	55838	30983	19309	73546	88772	85262	100351	87447	95410	65559	23810	12914	61939	84279	6209	54928	78547	36844	39432	57894	106537	24704	21133	29878	89085	37716	55510	59131	68686	106982	56240	83483	58592	81617	126113	97365	15657	30911	137347	66011	46689	92769	21929	27954	116876	30775	54902	43524	49529	50565	67738	91855	36672	
51291	79200	0	84315	87752	18305	82494	6916	49247	65097	71736	34168	63610	56301	25978	65022	82249	92067	77281	99386	104796	8360	63381	71537	39288	20706	29761	97926	27672	67170	23106	13798	41535	39515	47632	64814	67513	88847	57069	18204	47628	68536	35977	46797	15480	78220	100250	77062	28546	92661	14132	7120	11866	23426	30983	65553	59350	35589	57929	42271	5331	54426	74678	79501	41727	29929	38069	62894	73540	24427	25350	25184	36929	17268	34045	13869	76864	80490	41872	20857	76697	82527	81386	77256	42539	20906	43115	94552	80907	68196	25664	69627	19417	24657	21935	43560	46453	32718	43381	57986	59250	33943	72230	53482	101640	13913	74288	29348	62819	70148	59284	79344	49368	46632	39742	32906	9372	28433	55476	
92113	120022	84315	0	129108	55863	123850	70024	54075	106452	113091	79368	104965	46248	94031	106377	123605	133422	84441	140742	146151	90634	104736	78186	55693	65906	79587	139281	101850	85823	60530	63848	53415	34580	56267	106169	108868	130203	98424	58495	47656	109891	64196	120023	71373	119576	141605	118417	73746	134016	96407	66892	94140	68625	118053	88780	100705	42194	99284	48446	86191	95781	116033	76332	42627	41736	108997	104250	114895	61666	64525	48839	60762	92078	36600	67305	118219	121846	115098	88909	118052	63926	28276	118611	83895	84890	54154	135908	122262	109551	93716	110983	79701	69856	104210	40467	109398	43401	67899	134775	44279	51345	113586	94837	43520	60121	81448	97400	104174	111503	37891	120699	112145	87987	102687	82850	75580	59721	96832	
41091	14927	87752	129108	0	89237	14264	77281	121672	33922	18734	53218	47665	128726	98403	38331	20491	7303	55528	14429	19839	68192	32365	49784	111713	75346	57474	14394	51743	45417	100911	84731	113960	106664	69734	30992	34838	7709	41403	79378	120053	20644	94100	66971	61452	16462	15293	15147	57563	4953	67973	86605	60674	67165	65001	34349	32906	102739	34088	114696	90563	41147	13595	57747	114152	97079	55944	31719	25123	82549	97775	94265	109354	96450	104413	74562	23862	18575	62045	93282	18667	60774	84393	46240	46052	58000	115540	9595	7631	37180	98089	38452	55616	70414	68792	115985	56346	92486	64438	81723	135116	106368	21472	37531	146350	75014	52535	101772	31489	33769	125879	30826	51012	58894	49635	50671	67845	100858	43292	
52325	80234	18305	55863	89237	0	84057	22409	43837	66659	73298	39575	65172	44045	23489	66584	83812	93630	78844	100949	106358	27214	64943	73099	31406	24338	39795	99488	41651	68733	12332	8486	25848	21210	39847	66377	69075	90410	58631	17158	30055	70099	28192	80230	26760	79783	101812	78624	33953	94223	32987	12658	30720	28833	49838	67116	60912	17285	59492	26961	22771	55988	76240	54752	26417	11624	69204	64457	75103	20329	16327	6879	23334	22139	15740	21048	78426	82053	75305	19929	78259	42346	53043	78818	44102	39761	34323	96115	82469	69758	22833	71190	35088	28289	40790	29713	69605	17254	33711	94982	38855	18633	73793	55044	73297	16922	75851	35125	64381	71710	29618	80906	72353	48194	62895	43057	27845	21032	57039	
35833	22720	82494	123850	14264	84057	0	72502	116893	29142	13030	59125	42885	123946	93623	51095	13572	18589	68854	25908	31317	63413	27586	63110	106933	70567	52694	24448	46963	58743	96131	79951	109181	101884	83061	18427	24062	15369	54729	74598	115273	14940	89320	62191	56673	7235	26772	6898	52783	19182	63193	81826	55895	62386	60221	47676	28127	97959	47414	109917	85784	54474	26922	71074	109373	92299	51165	26940	18204	77769	92995	89486	104574	91671	99634	69783	15320	10327	57266	88502	24345	74100	97719	28353	58023	53220	110760	21074	7273	21388	93309	33673	50837	65634	64013	111206	51566	87706	77765	76943	130337	101589	14553	50858	141570	70235	65862	96993	44815	26850	121100	21602	46233	54115	44855	45892	63065	96078	53075	
40369	68278	6916	70024	77281	22409	72502	0	55699	53940	60579	28321	52453	62752	32429	53865	71093	80911	66124	88230	93639	14551	52224	60380	45739	14859	21469	86769	29137	56013	30486	18042	47987	43729	42654	53657	56356	77691	45912	13517	54079	57380	31000	50177	11219	67064	89093	65905	22699	81504	20324	13466	13332	17579	31616	54396	48193	39804	46772	48723	9804	43269	63521	68344	48178	34144	41449	51738	62384	19449	31801	29427	43380	24649	45226	6514	65707	69334	45251	27308	65540	71370	66909	66099	31383	22372	49566	83396	69750	57039	32115	58471	20883	18810	28127	50011	47919	29551	38403	73296	65701	40395	61074	42325	87163	10968	63132	35799	51662	58991	66692	68187	59633	35475	41208	27177	7752	34884	44320	
84760	112669	49247	54075	121672	43837	116893	55699	0	99535	106174	78536	98048	9473	21980	99460	116687	126505	111719	133824	139234	56220	97819	89130	8704	65074	78756	132364	75532	101608	30142	44565	16153	26991	67210	99252	101951	123285	91507	69106	8293	102974	62310	113106	68359	112658	134688	111500	72914	127099	61993	47819	59726	67794	78844	99991	93788	31045	92367	12744	51777	88864	109116	87276	19970	32769	102080	97332	107978	72277	26969	39279	18801	33599	30194	64290	111302	114929	108181	29066	111135	74870	73581	111694	76978	68767	6452	128991	115345	102634	24075	104065	67278	69025	69796	17811	102481	54344	78843	127858	11380	20805	106668	87920	68714	57700	108727	41944	97257	104586	18354	113782	105228	81070	95770	94312	56851	23155	89914	
18436	33185	65097	106452	33922	66659	29142	53940	99535	0	17387	40850	16163	105671	75349	32820	22015	38111	58777	45430	50840	45138	4956	53033	88658	52292	34419	43970	28688	48666	77856	61676	90906	83610	72983	10465	11833	34891	44652	56323	96998	14187	71045	41224	38398	24264	46294	23106	34508	38705	44918	63551	37620	44111	41946	47049	3555	79684	33623	91642	67509	43622	46444	60996	91098	74024	32890	5909	19232	59495	74721	71211	86299	73396	81359	51508	15472	26535	38991	70227	34825	64023	87642	12507	39748	34945	92485	40597	26951	9978	75034	4748	32562	47359	45738	92931	23222	69431	67687	58668	112062	83314	17881	40005	123296	51960	55784	78718	35407	19022	102825	21126	22937	35840	26580	27617	44790	77803	34800	
25075	18682	71736	113091	18734	73298	13030	60579	106174	17387	0	47618	21674	112440	82117	28052	7449	22628	57526	29947	35356	51906	10278	51782	95427	59060	41187	28487	35457	47415	84624	68444	97674	90378	71733	8250	13886	19408	43401	63092	103766	7602	77813	44991	45166	6919	30810	7568	41277	23221	51686	70319	44388	50879	48714	45798	16341	86453	32372	98410	74277	42371	30961	59746	97866	80792	39658	15154	12081	66263	81489	77979	93067	80164	88127	58276	7428	7715	45759	76995	20259	62772	86391	20461	46516	41714	99253	25113	11413	13496	81802	20847	39330	54127	52506	99699	40059	76199	66436	65436	118830	90082	8430	38755	130064	58728	54534	85486	29833	20727	109593	14392	38520	42608	33349	34385	51558	84571	41568	
26993	46598	34168	79368	53218	39575	59125	28321	78536	40850	47618	0	36162	92057	61734	34991	47409	70382	47250	77701	83110	58337	41695	41506	75044	20172	15620	76240	22742	37139	64242	34415	77291	56349	42799	43128	41359	67162	27038	21516	83384	46851	31144	56982	26709	56535	78564	55376	9779	54339	35780	30688	32492	15424	55012	35522	37664	52424	27898	78027	53894	20160	44647	49470	77483	46763	45956	41209	43509	19134	61106	43950	72685	59782	54098	22640	55178	58805	52057	56613	46666	52496	51914	55570	10404	32790	78871	72867	59221	46510	61420	47942	26673	12732	42007	76175	46357	35518	32590	71734	84801	69699	46217	23451	96035	23619	44258	65103	32788	40117	75564	57658	49104	14497	39646	16059	30916	64189	25446	
14290	29942	63610	104965	47665	65172	42885	52453	98048	16163	21674	36162	0	107088	76765	6378	14459	44062	37047	51381	56790	41222	16159	31303	90075	47149	23108	49921	21351	26936	79273	63093	92322	85026	51254	14836	6245	40842	22922	57740	98415	15138	63162	40000	34482	25856	52245	29057	32034	35228	41002	64967	33704	42401	38030	25319	14762	81101	11893	93058	44070	21892	25536	39267	92514	75440	28974	9868	10559	60911	76137	72627	87716	74812	82775	39458	23054	18032	35075	71644	27555	42293	65912	30034	26797	31029	93902	46547	32902	19653	76450	20308	28646	46496	41822	94347	29375	70848	45957	54752	113478	84730	13267	18276	124712	53376	34055	80134	9770	9021	104241	27039	28814	30889	22664	20783	40874	79220	17781	
91814	119723	56301	46248	128726	44045	123946	62752	9473	105671	112440	92057	107088	0	28939	106419	123646	133464	118678	140783	146192	63179	104778	89338	17896	72033	85714	139323	82491	108567	30701	42824	16711	27198	67418	106211	108910	130244	98465	69646	9860	109933	62518	120065	75317	119617	141647	118459	79873	134058	68952	54778	66685	74752	85802	106950	100746	31253	99326	13302	58736	95823	116074	87484	20178	32977	109038	104291	114937	56120	30535	39487	25622	37299	30402	71249	118261	121887	115139	36025	118094	75078	73789	118653	83936	75725	14859	135949	122304	109593	31034	111024	74236	75983	76754	18019	109440	54552	79051	134817	12389	21363	113627	94878	63360	57290	115685	48903	104215	111545	13000	120741	112187	88029	102729	101271	63810	23713	96873	
61491	89400	25978	94031	98403	23489	93623	32429	21980	75349	82117	61734	76765	28939	0	75696	92923	102741	87955	110060	115470	32456	74055	82211	12084	41310	54992	108600	51768	77844	12494	22768	11820	34287	85689	75488	78187	99521	67743	45342	20424	79210	60063	89342	44595	88894	110924	87736	49150	103335	38229	21867	35962	44030	55080	76227	70024	25925	68603	17985	28013	65100	85352	90175	22452	27993	78316	73568	84214	48513	7373	22925	7781	11802	29892	40526	87538	91164	84417	6288	87371	93201	92060	87930	53214	45003	15911	105227	91581	78870	4377	80301	43514	45261	46032	24285	78717	58449	67467	104094	32046	17165	82904	64156	112314	33936	84962	18180	73493	80822	32080	90018	81464	57306	72006	70548	33087	4987	66150	
22500	28771	65022	106377	38331	66584	51095	53865	99460	32820	28052	34991	6378	106419	75696	0	21720	42679	35990	49998	55408	48617	31243	30246	85625	42700	19598	50953	17841	25879	74823	58643	87873	80576	50196	21224	12633	56710	21865	53290	93965	22399	68012	47395	41877	46083	50862	44925	23130	34171	48398	60517	41099	32732	45426	24262	27212	76651	10836	88609	64475	17175	24479	38209	88064	70991	36369	16257	17821	56461	71687	68178	83266	70363	78325	48475	29443	25293	42470	67194	26498	41236	64855	45118	22347	38425	89452	45165	48769	36058	72001	37490	22730	42046	49217	89897	36771	66398	44900	62148	109029	80281	20528	16231	120262	48927	32997	75685	9014	13650	99792	33427	36209	20174	30060	17272	48269	74770	14271	
35588	14676	82249	123605	20491	83812	13572	71093	116687	22015	7449	47409	14459	123646	92923	21720	0	24230	47849	31549	36958	62982	17859	42105	106503	70136	52264	30088	46533	37738	95701	79521	108750	101454	62055	12636	9988	21010	33724	74168	114843	5027	88890	49930	56242	9022	32412	6668	52353	24823	62763	81395	55465	61955	59791	36121	20727	97529	22695	109486	85353	32694	32562	50068	108942	91869	50735	15762	4835	77339	92565	89055	104144	91241	99203	69352	12367	3596	56836	88072	16140	53095	76714	25401	37598	52790	110330	26715	11814	18435	92879	26273	50407	65204	63582	110775	51136	87276	56759	76513	129906	101158	1184	29077	141140	69804	44856	96562	20070	13481	120669	19331	43459	41690	44425	45462	62635	95648	34838	
45406	22219	92067	133422	7303	93630	18589	80911	126505	38111	22628	70382	44062	133464	102741	42679	24230	0	60466	6672	19844	71974	36147	54722	115495	79128	61256	16164	55525	50355	104693	88512	117742	110446	74673	34774	38620	10472	46341	83160	123835	24426	97882	70752	65234	20244	14114	18928	61345	10794	71755	90387	64456	70947	68783	39288	36688	106521	39026	118478	94345	46086	18534	62686	117934	100860	59726	35501	28905	86331	101557	98047	113135	100232	108195	78344	27643	22357	65827	97064	23606	65712	89331	50022	50990	61782	119322	6949	11445	40962	101870	42234	59398	74196	72574	119767	60128	96268	69376	85505	138898	110150	25254	42470	150132	78796	57473	105554	36427	37551	129661	34608	54794	62676	53417	54453	71626	104640	48231	
48456	49682	77281	84441	55528	78844	68854	66124	111719	58777	57526	47250	37047	118678	87955	35990	47849	60466	0	60525	65934	76155	50059	13387	92862	49936	37828	61480	43233	5311	82060	65880	95109	79620	33338	43024	34485	55964	10643	60527	101202	41214	45246	66211	60692	64898	61389	63740	39543	44697	67213	67754	59915	45188	64241	9879	46028	83888	21025	95845	71712	11570	37773	14997	95301	78227	55185	38057	36636	63698	78924	75414	90503	77599	85562	55711	51243	44108	61286	74431	39792	24377	47996	63934	29584	57240	96689	55691	54342	54874	79237	56305	54857	49283	68032	85507	55586	73635	28042	80963	94133	87517	39343	21063	105367	56163	7120	82921	25914	33243	84896	55227	55024	33676	48875	41247	63987	82007	26824	
52725	29538	99386	140742	14429	100949	25908	88230	133824	45430	29947	77701	51381	140783	110060	49998	31549	6672	60525	0	13918	79109	43282	61857	122630	86263	68390	19847	62660	57490	111827	95647	124877	117581	81808	41909	45754	17606	53476	90295	130970	31561	105016	77887	72369	27379	9372	26063	68480	17929	78889	97522	71591	78082	75918	46423	43823	113656	46161	125613	101480	53221	25669	69820	125069	107995	66861	42636	36040	93466	108692	105182	120270	107367	115330	85479	34778	29492	72962	104198	30740	72847	96466	57157	58125	68917	126456	10632	18580	48097	109005	49369	66533	81330	79709	126902	67262	103402	76511	92639	146033	117285	32389	49604	157267	85931	64608	112689	43562	44686	136796	41743	61929	69811	60552	61588	78761	111774	55365	
58134	34948	104796	146151	19839	106358	31317	93639	139234	50840	35356	83110	56790	146192	115470	55408	36958	19844	65934	13918	0	85397	49570	68145	128918	92551	74679	13897	68948	63778	118116	101936	131165	123869	88096	48197	52043	17772	59764	96583	137258	37849	111305	84176	78657	33667	5357	32352	74768	24217	85178	103810	77880	84370	82206	52711	50111	119944	52449	131901	107768	59509	31957	76109	131357	114284	73149	48924	42328	99754	114980	111470	126559	113656	121618	91767	41067	35780	79250	110487	37029	79135	102754	63445	64414	75205	132745	13654	24868	54385	115294	55657	72821	87619	85997	133190	73551	109691	82800	98928	152321	123573	38677	55893	163555	92219	70897	118977	49850	50974	143084	48031	68217	76099	66840	67876	85050	118063	61654	
28098	68086	8360	90634	68192	27214	63413	14551	56220	45138	51906	58337	41222	63179	32456	48617	62982	71974	76155	79109	85397	0	43518	78033	45785	37132	22282	78063	23323	73667	29602	23817	48032	48425	81512	44952	43217	68985	63565	27115	54125	48674	55886	38130	16658	58358	80387	57200	27474	72798	5466	16031	10316	39852	22317	72050	39487	44500	50100	48768	6313	60922	63744	85997	48224	38840	29403	43032	49304	44335	31847	34094	43425	23764	42956	15047	57001	60628	33205	27353	65763	89024	87882	57393	49036	16505	49611	74690	61044	48333	32160	49765	15069	28149	13269	50057	39776	41629	63289	49319	65747	40440	50808	59978	108136	22824	80785	35844	51885	54061	65781	59481	45020	27682	31266	28558	7477	34929	61973	
16720	29303	63381	104736	32365	64943	27586	52224	97819	4956	10278	41695	16159	104778	74055	31243	17859	36147	50059	43282	49570	43518	0	51505	87131	50764	32891	42283	27160	47138	76328	60148	89378	82082	71456	5810	11180	33204	43124	54795	95470	10477	69517	39864	36870	22577	44607	21419	32981	37017	43390	62023	36092	42583	40418	45521	7413	78157	32095	90114	65981	42094	44757	59468	89570	72496	31362	6858	19309	57967	73193	69683	84771	71868	79831	49980	10517	18572	37463	68699	31115	62495	86114	14082	38220	33418	90957	38909	25263	5022	73506	9486	31034	45831	44210	91403	31763	67903	66159	57140	110534	81786	14171	38477	121768	50432	54256	77190	33879	19099	101297	16170	33393	34312	25052	26089	43262	76275	33272	
42712	43938	71537	78186	49784	73099	63110	60380	89130	53033	51782	41506	31303	89338	82211	30246	42105	54722	13387	61857	68145	78033	51505	0	90270	47344	35236	58888	40641	7637	79468	63288	92517	85221	31995	40432	31893	53372	8406	57935	98610	38623	43904	63619	58100	62306	58797	61148	36951	42106	64621	65162	57323	42597	61649	10594	43436	81296	18433	93253	69120	9333	35181	20008	92709	75636	52593	35465	34044	61106	76332	72822	87911	75008	82970	53119	48651	41517	58694	71839	37200	23035	46654	61342	26992	54648	94097	53099	51750	52282	76646	53713	52265	46691	65440	94542	52994	71043	26699	78371	113673	84925	36752	18471	124907	53571	14755	80329	23322	30652	104436	52635	52432	31084	46283	38655	61395	79415	24232	
74801	102710	39288	55693	111713	31406	106933	45739	8704	88658	95427	75044	90075	17896	12084	85625	106503	115495	92862	122630	128918	45785	87131	90270	0	55027	68708	122317	65484	91561	23687	34517	5866	28494	68714	89205	91903	113238	81459	59058	9274	92927	73780	103058	58311	102611	124640	101453	62867	117051	51945	37771	49679	57746	68796	89944	83740	21244	82320	10208	41729	78816	99068	103891	16187	23312	92032	87285	97931	62229	16922	30801	8753	23551	25211	54243	101255	104881	98133	19019	101087	76373	75085	101646	66930	58719	4557	118943	105297	92586	14028	94018	57230	58977	59748	19315	92434	41967	58424	117811	18738	14349	96621	77872	68946	47653	98679	31897	87209	94538	20930	103735	95181	71023	85723	84265	46804	13295	79867	
38434	59784	20706	65906	75346	24338	70567	14859	65074	52292	59060	20172	47149	72033	41310	42700	70136	79128	49936	86263	92551	37132	50764	47344	55027	0	20628	81730	30573	48025	42840	19767	55890	41701	37809	48619	51317	72652	37923	7135	61982	52341	26154	62472	15078	62025	84054	60867	14786	76465	28811	17309	20861	9666	37838	46408	43154	37775	38784	49819	32493	31045	55532	60355	47666	32115	51446	46699	54395	9466	39705	29302	51283	38380	40720	11009	60668	64295	57547	35211	57551	29315	46924	61060	21289	28594	57469	78357	64711	52000	40018	53432	23406	4380	35778	62797	51848	27522	24159	77224	71423	48298	56035	34336	82656	10240	55143	43702	43673	51002	62186	63148	54595	25382	45137	23890	19285	42787	36331	
12552	61282	29761	79587	57474	39795	52694	21469	78756	34419	41187	15620	23108	85714	54992	19598	52264	61256	37828	68390	74679	22282	32891	35236	68708	20628	0	69005	12071	35854	55022	34862	68071	56795	60171	35893	27983	59926	25752	21962	74164	39615	38377	43601	12531	49300	71329	48141	7114	63740	22055	37383	17904	16717	30481	34237	30429	52870	26613	68807	28270	23109	43361	48184	68263	47210	32575	33973	34071	26367	51886	44396	63464	50561	54544	17507	47943	51570	38676	47393	45380	51211	59147	48335	8220	19065	69651	65632	51986	39275	52199	40707	12948	19965	28282	76621	32976	42617	39823	58353	85247	60479	43309	22165	96481	24065	42972	55883	31502	30326	76010	50423	31990	4971	26265	5840	22503	54969	25626	
51265	30493	97926	139281	14394	99488	24448	86769	132364	43970	28487	76240	49921	139323	108600	50953	30088	16164	61480	19847	13897	78063	42283	58888	122317	81730	69005	0	61802	58890	110970	94790	124020	116723	83208	41052	44897	12088	54876	89437	130112	30703	104159	77030	71512	26521	18158	22133	67622	19330	78032	96664	70734	77225	75060	47823	42966	112798	47561	124756	100622	54621	27069	71221	124211	107138	66004	41779	35183	92608	107834	104325	119413	106510	114473	84622	33921	25561	72105	103341	32141	74248	97867	56300	59526	68059	125599	10031	17517	47240	108148	48512	65676	80473	78851	126044	66405	102545	77912	91782	145176	116428	31531	51005	156409	85074	66009	111832	44963	43829	135939	40885	61072	68954	59694	60731	77904	110917	56766	
9044	51637	27672	101850	51743	41651	46963	29137	75532	28688	35457	22742	21351	82491	51768	17841	46533	55525	43233	62660	68948	23323	27160	40641	65484	30573	12071	61802	0	40630	48875	56768	67305	78702	64948	30093	28358	54126	30389	31939	73398	33815	66137	37871	16602	43499	65528	42341	17091	57939	23123	35304	15825	26693	24287	39013	24628	74776	35242	68041	26190	27746	48885	52961	67497	69116	26845	28173	34445	36344	51120	66303	62698	43037	76451	20890	42143	45769	32946	46626	50904	55987	79606	42534	17384	16637	68885	59831	46185	33474	51433	34906	8486	29942	25854	69330	27246	64523	59652	52623	107154	59713	35949	26802	118388	28847	47749	55117	23948	28584	97917	44623	30161	14135	20535	8831	22995	54203	24841	
38345	39571	67170	85823	45417	68733	58743	56013	101608	48666	47415	37139	26936	108567	77844	25879	37738	50355	5311	57490	63778	73667	47138	7637	91561	48025	35854	58890	40630	0	80146	63966	93195	77706	31424	41110	32571	54050	9127	58613	99288	39300	43333	64297	58778	62984	59475	61826	37629	42784	65299	65840	58001	43274	62327	5434	44114	81974	19111	93931	69798	9656	35859	18318	93387	76313	53271	36143	34722	61784	77010	73500	88589	75685	83648	53797	49329	42194	59372	72517	37878	22463	46082	62020	27670	55326	94775	53777	52428	52960	77323	54391	52943	47369	66118	83593	53672	71721	26128	79049	92219	85603	37429	19149	103453	54249	10441	81007	24000	31329	82982	53313	53110	31762	46961	39333	62073	80093	24910	
63999	91908	23106	60530	100911	12332	96131	30486	30142	77856	84624	64242	79273	30701	12494	74823	95701	104693	82060	111827	118116	29602	76328	79468	23687	42840	55022	110970	48875	80146	0	16695	18093	25460	51316	73506	76205	97540	65761	27868	22300	77228	38851	68094	42613	86913	108942	85754	47168	101353	35430	19388	33163	42048	52281	74245	68042	21243	66621	19206	25214	63118	83370	88193	18662	16288	76334	71587	82233	31040	5289	11686	14787	6897	21557	38544	85556	89183	63169	8518	85389	53005	57686	85948	51232	42204	26568	103245	89599	76888	11422	78320	40715	43279	43233	20495	76735	27912	44369	102112	35851	10878	80923	62174	77964	27633	82981	20349	71511	78840	27277	88036	79482	55324	70024	68566	30288	9994	64169	
47819	75728	13798	63848	84731	8486	79951	18042	44565	61676	68444	34415	63093	42824	22768	58643	79521	88512	65880	95647	101936	23817	60148	63288	34517	19767	34862	94790	56768	63966	16695	0	30475	29721	38966	61808	64507	85841	54063	12590	34424	65530	27311	75662	21872	75214	97244	74056	29385	89655	33140	7770	30874	24264	49991	62547	56344	25796	54923	31330	22925	51420	71672	76495	30785	23310	64636	59888	70534	15761	20167	15390	27702	14341	24251	16160	73858	77484	70737	17651	73691	41465	60118	74250	39533	39914	38238	91546	77901	65190	20480	66621	38425	23721	40943	32618	65037	24053	34715	90414	47367	23002	69224	50476	80371	12354	71282	27328	59813	67142	38130	76338	67784	43626	58326	38489	27999	23250	52470	
77048	104957	41535	53415	113960	25848	109181	47987	16153	90906	97674	77291	92322	16711	11820	87873	108750	117742	95109	124877	131165	48032	89378	92517	5866	55890	68071	124020	67305	93195	18093	30475	0	23986	56404	91254	93952	115287	83508	61107	8131	94976	47285	105107	60360	104660	126689	103502	64916	119100	53994	29577	51728	59795	70845	91993	85789	15624	84369	6604	43778	80865	101117	105940	12342	17692	94081	89334	99980	40887	12088	25180	8483	19512	19591	56292	103303	106930	100182	14980	103136	64063	62774	103695	68979	60768	8802	120992	107346	94635	9989	96067	59279	61026	61797	14175	94483	36347	52804	119860	21207	8728	98670	79921	67803	49702	100728	33946	89258	96587	19787	105784	97230	73072	87772	86314	48853	7442	81916	
69752	97661	39515	34580	106664	21210	101884	43729	26991	83610	90378	56349	85026	27198	34287	80576	101454	110446	79620	117581	123869	48425	82082	85221	28494	41701	56795	116723	78702	77706	25460	29721	23986	0	39537	97080	99779	121113	69863	34604	18650	100802	39596	110934	62284	110486	132516	109328	64657	124927	54173	33844	51906	59536	108964	72051	91616	8331	90195	18310	43957	86692	106944	59603	13105	10056	99908	95160	105806	33198	29148	16565	30552	32074	7480	58215	109130	112756	106009	32750	108963	47197	45908	109522	74806	60947	25148	126818	113173	100462	30451	101893	70612	41678	61976	10945	100309	26973	51170	125686	20087	19301	104496	85748	52052	34368	64719	44580	95085	102414	10850	111610	103056	78898	93598	73761	49031	29511	87742	
62663	63889	47632	56267	69734	39847	83061	42654	67210	72983	71733	42799	51254	67418	85689	50196	62055	74673	33338	81808	88096	81512	71456	31995	68714	37809	60171	83208	64948	31424	51316	38966	56404	39537	0	66090	57551	79030	34064	30550	59740	64280	19175	89277	46052	87964	84455	86806	43678	67763	72859	41585	51835	43304	87307	36252	69093	43328	44091	60529	62643	34991	60839	23804	54710	40915	78250	61123	59702	24391	53789	38102	81434	51466	38889	41983	74309	67174	84351	65362	62858	11398	15040	87000	52649	80306	66238	78757	77408	77940	70169	79371	77922	32506	91098	52551	78652	34382	16550	104029	61177	50282	62409	44129	72411	34815	28920	73852	48980	56309	51940	78293	78090	56742	71941	64313	49360	72938	49890	
18153	24080	64814	106169	30992	66377	18427	53657	99252	10465	8250	43128	14836	106211	75488	21224	12636	34774	43024	41909	48197	44952	5810	40432	89205	48619	35893	41052	30093	41110	73506	61808	91254	97080	66090	0	8583	24812	36453	56143	96818	5024	70865	43736	38218	12323	36214	12972	34328	28625	44738	63370	37440	43931	41766	38850	9392	79504	25424	91462	67328	35423	36365	52797	90917	73844	32710	8205	9381	59314	74540	71031	86119	73216	81178	51328	13352	13119	38811	70047	25662	55824	79443	19592	39568	34765	92305	30517	16816	9210	74854	14938	32382	47179	45557	92750	33111	69251	59488	58488	111882	83133	8718	31806	123115	51780	47585	78538	22885	17585	102645	14758	27777	35660	26400	27437	44610	77623	34619	
16418	24461	67513	108868	34838	69075	24062	56356	101951	11833	13886	41359	6245	108910	78187	12633	9988	38620	34485	45754	52043	43217	11180	31893	91903	51317	27983	44897	28358	32571	76205	64507	93952	99779	57551	8583	0	35957	28016	58763	99438	9535	73485	42312	36794	17913	47359	16592	36948	39770	43315	65991	36016	47496	40343	30413	10818	82124	16987	94082	46382	26986	30630	44361	93538	76464	31286	5925	7607	61935	77161	73651	88739	75836	83799	41771	18942	13520	37387	72667	26064	47388	71007	25347	31891	33342	94925	41662	21739	14767	77474	16364	30958	51590	44134	95371	31688	71871	51052	57065	114502	85754	8755	23370	125736	54400	39149	81158	14448	9565	105265	22153	26698	35983	24977	23189	43186	80243	29131	
42186	30028	88847	130203	7709	90410	15369	77691	123285	34891	19408	67162	40842	130244	99521	56710	21010	10472	55964	17606	17772	68985	33204	53372	113238	72652	59926	12088	54126	54050	97540	85841	115287	121113	79030	24812	35957	0	49238	80484	121159	21750	95206	68077	62559	17568	18927	13180	58669	13691	69079	87711	61781	68272	66107	42185	34013	103845	41923	115803	91669	48983	21431	65583	115258	98185	57051	32826	26230	83655	98881	95372	110460	97557	105519	75669	24968	16608	63152	94388	30626	68609	92228	47347	63909	59106	116646	13679	8564	38287	99195	39559	56723	71520	69898	117091	57452	93592	72274	82829	136223	107474	22578	45367	147456	76121	60371	102879	39324	34876	126986	31932	52118	60001	50741	51778	68951	101964	58960	
34331	35557	57069	98424	41403	58631	54729	45912	91507	44652	43401	27038	22922	98465	67743	21865	33724	46341	10643	53476	59764	63565	43124	8406	81459	37923	25752	54876	30389	9127	65761	54063	83508	69863	34064	36453	28016	49238	0	47443	88118	34149	45024	59145	46696	57833	54323	56675	22265	37632	60147	54670	52849	27911	57176	5828	38962	70804	13959	82761	58628	4457	30708	21128	82217	65144	48119	30991	29570	50614	65840	62330	77419	64516	72478	42627	44178	37043	54220	61347	32727	24155	47774	56868	16500	50175	83605	48626	47276	47808	66154	49240	47791	32005	60967	84050	48521	60551	27819	73898	103181	74433	32278	5524	114415	43079	15875	69837	18849	26178	93944	48162	47959	20592	41810	27995	50903	68923	13572	
42466	70375	18204	58495	79378	17158	74598	13517	69106	56323	63092	21516	57740	69646	45342	53290	74168	83160	60527	90295	96583	27115	54795	57935	59058	7135	21962	89437	31939	58613	27868	12590	61107	34604	30550	56143	58763	80484	47443	0	62605	60434	19019	70566	16393	70118	92148	68960	16101	84559	30126	15676	22176	10981	39153	57451	51248	30641	49827	42684	36734	46324	66576	45579	40531	24980	59540	54792	65438	7469	43946	22167	55524	25557	29096	12324	68762	72389	65641	39452	68595	33173	39789	69154	22604	29909	61710	86451	72805	60094	44259	61525	24721	11131	54752	55416	59941	20387	26423	85318	64042	34218	64128	45380	75276	6417	66187	47943	54717	62046	54805	71242	62688	26697	53230	25205	20600	47028	47374	
83141	111050	47628	47656	120053	30055	115273	54079	8293	96998	103766	83384	98415	9860	20424	93965	114843	123835	101202	130970	137258	54125	95470	98610	9274	61982	74164	130112	73398	99288	22300	34424	8131	18650	59740	96818	99438	121159	88118	62605	0	101184	55756	111316	66568	110868	132898	109710	71124	125308	60203	46029	57936	66003	77053	98201	91997	16140	90577	4677	49987	87074	107325	80722	13417	26215	100289	95542	106188	49358	21786	32725	16873	28550	23640	62500	109512	113138	106390	27276	109345	68316	67027	109904	75187	66976	6580	127200	113554	100844	22285	102275	65487	67234	68005	11257	100691	47791	72289	126068	14292	12614	104878	86129	60889	55910	106936	40154	95466	102796	12872	111992	103438	79280	93980	92522	55061	14964	88124	
21875	18263	68536	109891	20644	70099	14940	57380	102974	14187	7602	46851	15138	109933	79210	22399	5027	24426	41214	31561	37849	48674	10477	38623	92927	52341	39615	30703	33815	39300	77228	65530	94976	100802	64280	5024	9535	21750	34149	60434	101184	0	74898	47768	42250	9392	32782	9539	38361	25193	48771	67403	41472	47963	45799	36759	13425	83537	23333	95494	71361	33332	32932	50706	94950	77876	36742	12238	5473	63347	78573	75063	90151	77248	85211	55360	12737	7303	42843	74080	19846	53733	77352	26759	43601	38798	96338	27084	13384	14051	78886	18971	36414	51211	49590	96783	37144	73283	57397	62521	115914	87166	3464	29715	127148	55812	45494	82570	20708	14119	106677	19701	31810	39692	30433	31469	48642	81656	35476	
57188	75797	35977	64196	94100	28192	89320	31000	62310	71045	77813	31144	63162	62518	60063	68012	88890	97882	45246	105016	111305	55886	69517	43904	73780	26154	38377	104159	66137	43333	38851	27311	47285	39596	19175	70865	73485	95206	45024	19019	55756	74898	0	84957	34533	84509	106539	83351	32160	98950	61340	30067	40316	31785	82987	46845	65638	35057	54683	47100	51124	45583	71432	34397	44948	29397	73931	69183	70294	12872	42270	26583	69915	39948	33513	30464	83153	86779	80032	53843	73451	21990	28606	83545	38663	48050	61689	100841	87196	74485	58650	75916	42861	20987	69143	47486	74332	22863	15240	99709	56628	42011	78519	54721	80847	23296	39512	62334	59573	66902	47391	85633	77079	42755	67621	41264	37841	61419	61765	
31060	66864	46797	120023	66971	80230	62191	50177	113106	41224	44991	56982	40000	120065	89342	47395	49930	70752	66211	77887	84176	38130	39864	63619	103058	62472	43601	77030	37871	64297	68094	75662	105107	110934	89277	43736	42312	68077	59145	70566	111316	47768	84957	0	46699	56693	78723	55535	51981	71134	33831	54484	36881	61583	21093	61862	37823	97157	48436	109114	43727	58435	62079	75810	108570	91496	14211	41367	47639	76967	92193	88683	103772	62217	98831	45550	38268	58963	8953	87700	64098	78836	102455	30155	57221	28616	109958	73025	59380	36135	92506	36517	40863	64832	24884	110403	22055	86904	82500	17766	129534	100786	49143	54819	140768	69432	70597	96190	50220	52397	120297	34070	15947	53312	19073	40072	44051	95276	49613	
21358	61346	15480	71373	61452	26760	56673	11219	68359	38398	45166	26709	34482	75317	44595	41877	56242	65234	60692	72369	78657	16658	36870	58100	58311	15078	12531	71512	16602	58778	42613	21872	60360	62284	46052	38218	36794	62559	46696	16393	66568	42250	34533	46699	0	51617	73646	50459	17745	66057	17435	19832	13284	15885	25861	55310	32746	44618	43360	58726	16589	44183	57003	69257	58181	38957	34963	36291	42563	21081	41804	36144	53383	40480	46292	4977	50260	53887	41064	37311	59022	72284	67975	50652	21201	14445	59569	67949	54303	41592	42118	43024	8328	17196	23662	60014	35364	34364	35774	60741	75704	50398	44067	43238	88229	13958	64045	45802	45144	47320	67758	52740	38279	17953	28653	18261	9972	44887	45233	
31559	20465	78220	119576	16462	79783	7235	67064	112658	24264	6919	56535	25856	119617	88894	46083	9022	20244	64898	27379	33667	58358	22577	62306	102611	62025	49300	26521	43499	62984	86913	75214	104660	110486	87964	12323	17913	17568	57833	70118	110868	9392	84509	56693	51617	0	28542	5696	48483	20953	58892	77525	51594	58085	55921	61023	23826	93659	47597	105616	81483	57596	28692	74970	105072	87998	46864	22639	13467	73469	88695	85185	100273	87370	95333	65482	8085	9124	52965	84201	21645	77997	101616	21118	53722	48920	106459	22844	9202	14153	89008	21503	46536	61333	59712	106905	47265	83405	81661	72642	126036	97288	9816	53979	137270	65934	69758	92692	49381	22113	116799	15049	39177	49814	40555	41591	58764	91777	48774	
53589	30402	100250	141605	15293	101812	26772	89093	134688	46294	30810	78564	52245	141647	110924	50862	32412	14114	61389	9372	5357	80387	44607	58797	124640	84054	71329	18158	65528	59475	108942	97244	126689	132516	84455	36214	47359	18927	54323	92148	132898	32782	106539	78723	73646	28542	0	28152	70568	20017	80978	99610	73679	80170	78006	48511	45911	115744	48249	127701	103568	55309	27757	71909	127157	110084	68949	44724	38128	95554	110780	107270	122359	109455	117418	87567	36867	31580	75050	106287	32829	74935	98554	59245	60214	71005	128545	11938	20668	50185	111094	51457	68621	83419	81797	128990	69351	105491	78599	94728	148121	119373	34477	51693	159355	88019	66697	114777	45650	46774	138884	43831	64017	71899	62640	63676	80850	113863	57454	
30401	15987	77062	118417	15147	78624	6898	65905	111500	23106	7568	55376	29057	118459	87736	44925	6668	18928	63740	26063	32352	57200	21419	61148	101453	60867	48141	22133	42341	61826	85754	74056	103502	109328	86806	12972	16592	13180	56675	68960	109710	9539	83351	55535	50459	5696	28152	0	47336	19806	57746	76378	50447	56938	54774	59876	22679	92512	46450	104469	80336	56449	27545	73824	103925	86851	45717	21492	11455	72322	87548	84038	99126	86223	94186	64335	12710	3578	51818	83055	17596	76850	100469	36013	52576	47773	105313	21697	5295	26953	87861	28225	45389	60186	58565	105758	46119	82258	80514	71496	124889	96141	7804	52832	136123	64787	68611	91545	48234	20101	115652	19675	40785	48667	39408	40444	57617	90631	47627	
20651	49391	28546	73746	57563	33953	52783	22699	72914	34508	41277	9779	32034	79873	49150	23130	52353	61345	39543	68480	74768	27474	32981	36951	62867	14786	7114	67622	17091	37629	47168	29385	64916	64657	43678	34328	36948	58669	22265	16101	71124	38361	32160	51981	17745	48483	70568	47336	0	62457	27262	25281	23112	10018	46495	35749	29146	47017	28125	64597	40464	20387	44874	49697	64053	41357	37438	32691	43737	20514	47676	38543	59255	46352	48691	17233	46661	50287	43539	43183	46893	52724	53293	47052	10631	24272	65441	64349	50703	37992	47990	39424	18155	14112	33489	70768	37840	36764	33970	63217	79394	56269	42027	23678	90628	18212	44485	51673	33015	40344	70157	49141	40587	8523	31129	10365	25509	50759	25673	
46000	12619	92661	134016	4953	94223	19182	81504	127099	38705	23221	54339	35228	134058	103335	34171	24823	10794	44697	17929	24217	72798	37017	42106	117051	76465	63740	19330	57939	42784	101353	89655	119100	124927	67763	28625	39770	13691	37632	84559	125308	25193	98950	71134	66057	20953	20017	19806	62457	0	73612	92245	66314	58072	70641	30765	38546	108379	30503	120336	96203	37563	10011	54162	119792	102718	61584	37359	30763	88189	103415	99905	114993	102090	110053	80202	29501	24215	67685	98921	15082	57189	80808	51880	42467	63640	121179	14654	13305	42820	103728	44092	61256	62166	74432	121625	61985	98125	60853	87362	140756	112008	27112	33946	151990	80654	48950	107412	27904	39872	131519	36466	56652	46560	55275	56311	73484	106497	39707	
27878	67867	14132	96407	67973	32987	63193	20324	61993	44918	51686	35780	41002	68952	38229	48398	62763	71755	67213	78889	85178	5466	43390	64621	51945	28811	22055	78032	23123	65299	35430	33140	53994	54173	72859	44738	43315	69079	60147	30126	60203	48771	61340	33831	17435	58892	80978	57746	27262	73612	0	21672	9581	30672	18069	63307	39268	50142	49881	54409	11545	66564	63524	77255	53865	44481	25155	42812	49084	49977	37488	39736	49067	29406	48597	18881	56782	60408	28957	32995	65543	80281	93524	57174	30711	12257	55253	74471	60825	48114	37802	49545	14850	31982	9021	55698	35528	47271	68930	45072	71388	46081	50588	56264	113778	28465	72042	41485	51665	53842	71422	59262	46568	27462	27018	28338	12048	40571	51058	
49693	77602	7120	66892	86605	12658	81826	13466	47819	63551	70319	30688	64967	54778	21867	60517	81395	90387	67754	97522	103810	16031	62023	65162	37771	17309	37383	96664	35304	65840	19388	7770	29577	33844	41585	63370	65991	87711	54670	15676	46029	67403	30067	54484	19832	77525	99610	76378	25281	92245	21672	0	18939	19525	38057	63552	57348	29940	55928	36189	10990	52424	72676	77499	35645	24280	45143	60893	71539	18778	19268	19535	34927	13442	28396	13878	74862	78489	48945	18855	74695	44482	63135	75254	40538	27980	41114	92551	78905	66194	19582	67626	26491	20756	29009	37478	66042	27069	37732	91418	57249	27861	70229	51480	83388	10438	72287	27346	60817	68146	42274	77342	68789	44630	59331	33749	16064	22351	53475	
20580	60568	11866	94140	60674	30720	55895	13332	59726	37620	44388	32492	33704	66685	35962	41099	55465	64456	59915	71591	77880	10316	36092	57323	49679	20861	17904	70734	15825	58001	33163	30874	51728	51906	51835	37440	36016	61781	52849	22176	57936	41472	40316	36881	13284	51594	73679	50447	23112	66314	9581	18939	0	21737	18285	56009	31969	47949	42583	52216	10366	52582	56226	69956	51672	42288	28117	35514	41786	47784	35295	37543	46874	27213	46404	9946	49484	53110	31920	30802	58245	72983	91331	49876	26544	9040	53060	67172	53527	40816	35609	42247	7551	23048	16224	53505	34587	45078	41626	59964	69195	43888	43290	48965	111585	19810	64744	39292	44367	46544	69229	51964	37502	23295	27876	21040	7170	38378	43760	
30253	55036	23426	68625	67165	28833	62386	17579	67794	44111	50879	15424	42401	74752	44030	32732	61955	70947	45188	78082	84370	39852	42583	42597	57746	9666	16717	77225	26693	43274	42048	24264	59795	59536	43304	43931	47496	68272	27911	10981	66003	47963	31785	61583	15885	58085	80170	56938	10018	58072	30672	19525	21737	0	51699	38086	34350	43935	30462	61516	37383	22724	47211	52034	60972	38275	42642	37895	46073	22851	44595	35462	56173	43270	45610	14152	51864	55491	48743	40101	49230	55060	67293	52256	12968	29476	62359	69553	55907	43196	44908	44628	23359	16448	38693	67687	43043	33682	36307	68420	76313	53188	48781	26015	87546	15130	46822	48592	35352	42681	67076	54344	45791	17060	36333	15569	22427	47677	28009	
