//--------------------------------------------------------------------------------------------------------------------
//-- données sur l'Indre_et_Loire récupérés par le géocodeur (matrice symétrique)
//-- 
//-- C. Duhamel, P. Lacomme C. Prodhon - juillet 2009 : 3000 kg à collecter, flotte de capa 6000
//--------------------------------------------------------------------------------------------------------------------
160 5 999999 0 0 0
20 50 20 2.1
20 50 35 1
10 100 50 2.2
10 100 70 1.2
10 200 80 2.2
0   // la ville qui represente le depot
0	89177	65020	54360	51532	94680	63730	68779	54046	61820	35302	60569	94734	95250	76110	21602	52612	25017	103795	78372	102330	78500	39625	50530	45186	78779	101205	96536	75537	72159	96894	99380	42645	52753	106516	55996	65033	101885	75188	59582	86266	44564	44172	48834	12930	8707	20852	62791	44935	39744	68543	57900	45654	90155	62656	57492	39068	16057	100611	59544	70641	63367	67875	79091	58515	7663	73250	53989	15094	73860	31406	66611	75077	51749	53632	29244	27977	79507	72213	75714	46752	95437	61377	98108	50251	78102	70529	88263	92255	100600	95683	79748	72020	57715	20196	84393	28159	58071	45194	71256	80752	35705	73508	48548	31966	20167	39935	89916	84091	42938	56519	52346	67348	94699	44470	77758	59832	58273	37998	104404	67010	37630	79479	25635	67981	40807	39370	86489	63231	102952	98482	102302	83390	63805	72351	32869	27443	92433	65700	68044	97505	19191	84466	39717	94718	35704	43138	61699	48676	69632	45225	57354	76163	44004	69430	85748	55932	37603	104915	78410	26351	
89177	0	81071	35943	65810	63627	54474	31198	59546	38287	86864	55544	24501	27849	33377	101345	68663	118796	34558	26911	71277	22652	72857	33717	59824	43084	33632	16219	14278	53446	14133	47864	61249	33764	38943	49233	81084	54319	16004	75634	5458	58985	63197	45916	89160	87485	76397	32931	54158	85795	13651	77017	83628	16030	40876	26441	47184	79849	32885	75595	16488	20903	32180	20708	36514	104616	24197	70206	88917	70724	81751	44086	9420	74405	123084	76971	89465	7714	20474	33782	35398	45568	37612	67056	40942	59389	49367	46331	17489	49429	25056	44054	25004	102689	78400	27809	68989	96046	44679	28244	7050	85675	72371	38323	72797	115423	66512	29496	42159	63852	32348	66104	30622	21175	40144	17801	32012	37611	57618	23592	21775	51258	11045	107628	25116	99849	91861	36704	44015	35848	67430	16765	27735	28855	10560	63555	71780	11085	54936	32569	14752	77755	9917	52595	10483	64996	43726	24891	58679	27403	35277	60272	38116	36955	26697	43816	96857	59605	22154	36478	128695	
65020	81071	0	53236	15688	23577	90486	57224	20912	50544	36460	91556	47996	83695	64555	55889	12643	77448	92240	66817	16083	34979	34069	39788	88395	17198	70011	84981	40284	8118	79816	28277	85853	61330	55086	76799	13507	90330	63633	8013	74711	25256	24829	73482	55072	61643	72105	51236	32947	35392	57268	19540	33224	78600	78373	46217	75606	75556	89056	6733	35389	36208	21353	67536	27073	65332	61695	90527	49633	9818	38773	9403	41821	18807	118791	38183	85173	67952	35398	25919	34120	39577	16109	21595	49322	14060	9430	19495	61062	29497	64489	14367	45342	46050	74107	33874	64696	36700	72245	44578	45500	42696	9466	55616	68504	74074	25185	78360	18834	88456	68238	88884	25859	63505	57437	56189	29934	69992	32553	73211	31758	63317	67924	57963	40750	49445	41458	39026	10546	91397	12316	71108	71835	24288	39926	59263	67487	80878	90948	56489	66312	50083	69748	48302	74299	31267	57259	26447	20988	58077	31456	23000	19880	63673	57875	28834	46453	55312	84366	22159	82416	
54360	35943	53236	0	39000	56803	45884	12441	32736	8370	60055	46954	56858	39093	19953	51057	41854	68507	47638	22216	64453	32290	46047	15789	40953	36563	63328	40380	28553	61401	40737	61503	42378	16547	68640	32016	54275	45729	19031	48824	30110	32175	36387	28699	44067	48710	37622	6453	27349	58986	21094	50208	56819	33998	32733	10696	28312	41074	44454	48786	23124	15917	23373	22934	34624	54328	17093	41597	38629	63102	43131	55853	28989	47596	84309	30314	41804	23350	25577	37837	10180	57561	29841	60232	5077	67344	42846	50386	37102	62723	57806	37532	34143	75880	32281	46516	23067	69236	27462	33379	30872	58866	62750	3502	25135	65134	39703	33759	46214	44981	23455	37496	29471	37492	7092	30741	23654	25209	16769	49251	20560	17931	23322	57339	22339	73039	65052	48612	52474	46795	60606	53372	27233	21378	24902	22707	27571	36276	46346	10471	38574	38980	37904	11746	38561	22939	9127	19442	31870	13475	12596	33463	33947	12137	11748	47871	70047	14149	48758	30630	89920	
51532	65810	15688	39000	0	38694	75573	42311	6606	31495	28649	76643	55327	68782	49642	48960	9621	66411	77327	51904	31201	39092	20968	22732	73481	28318	61797	70068	35743	23235	70426	43394	70940	46417	67109	61886	20585	75417	48720	15134	59798	11398	9799	58569	41971	48542	57192	36323	13493	32369	38218	16518	30202	63687	63460	27167	60693	60643	74143	10620	40248	33042	17705	52623	14774	52231	46782	75614	36532	24936	29862	9736	44752	17470	103878	25082	70259	53039	32805	36307	20263	56030	12994	36713	25713	29178	21605	34613	52848	44614	56276	29288	32613	49263	59194	44985	49783	38548	57332	31849	49163	33786	24584	40703	53591	63037	12084	63447	32330	73543	53325	73970	26086	55292	42524	38351	17635	55079	18696	64997	27217	40961	53011	49052	37656	45307	34276	47081	6357	76484	27434	62894	56922	19881	42026	28684	40198	65965	76035	38232	58098	36982	44673	25946	68250	17410	36897	21906	7130	43164	17599	10700	25702	48760	42962	46341	43431	32956	78447	22386	71380	
94680	63627	23577	56803	38694	0	95637	62347	49003	49998	59571	96707	26735	88846	49671	102912	35754	120363	97391	71968	16321	24527	74722	41452	94254	14578	55517	74161	43752	21191	65322	7016	91713	66454	33825	81923	31662	95481	54834	30145	73241	60850	47940	78605	90727	89052	77964	56359	56024	58502	41834	37378	56335	83751	83524	45670	81466	81416	94207	29843	38857	40530	26766	72687	43732	106183	66846	96387	90484	16257	61883	27003	49151	43132	124651	72730	91032	58579	37488	15468	46852	18316	29588	11394	55182	27133	19566	7156	46568	10847	49996	18946	30849	64205	79967	18495	70556	54855	77368	30085	48968	65807	17904	58919	74363	116989	48295	83512	11490	94316	73361	94743	32359	49012	65197	28587	39231	75115	59185	58717	36744	69176	52297	109195	44742	72556	64568	17765	30775	96548	12962	56614	76986	36561	43394	65122	73347	75099	96099	48809	51818	79322	55254	54162	59805	66862	63119	34560	60545	63228	46731	45692	17816	68797	53802	6788	69564	61172	69873	24378	130262	
63730	54474	90486	45884	75573	95637	0	25760	70131	48873	97449	3714	68222	18073	43962	71878	79249	89329	14397	18807	106762	66374	83442	59952	26440	77197	103016	36708	58000	98796	60637	101191	31792	25885	80763	10437	91670	10459	38931	86219	50009	69570	73782	21364	59693	58017	46930	43516	64744	96381	51487	87603	94213	32944	7145	53020	24952	50381	10225	86181	63758	56551	64007	30518	72018	75149	21633	18375	59450	100497	92337	93248	48889	84990	95291	58169	44808	43250	66211	77525	65540	97248	76778	99919	51527	104739	97166	90074	64150	102411	71610	78166	73831	113274	41795	86204	36709	106631	25001	73067	50771	96260	100144	32747	36823	85955	77097	17376	85902	31355	16951	14274	69159	64896	30988	61522	70912	13152	68204	63351	55333	38616	43222	78160	46348	110434	102447	88300	89868	13554	102994	60196	19160	62012	54282	47738	42313	41788	6314	43155	58474	48288	57804	63180	58461	75582	36693	60076	69265	37988	66864	70857	74581	29235	37282	87559	107442	40616	51978	80221	86272	
68779	31198	57224	12441	42311	62347	25760	0	36583	16634	63901	28990	77031	32823	14825	59726	45701	77177	42718	10769	73214	60797	49894	38037	30953	44827	83502	34874	33180	65248	35817	81677	32378	6104	88813	21573	58122	40809	14112	52671	25190	36022	40234	18255	47541	45865	34778	7005	31196	62833	26668	54055	60666	28492	22290	20782	18313	38229	28258	52633	31388	24181	31637	17428	38470	62997	7970	31153	47298	66949	58789	59700	24070	51442	100121	54008	43294	18430	33841	58011	22657	77734	43230	80405	17554	71191	63618	70560	39331	82897	77980	45796	54317	79726	33770	66690	24557	73083	17018	53553	25952	62712	66597	9482	26625	73803	43549	27488	66388	34981	13011	27052	49645	40077	9837	36703	37364	14765	34656	46659	28824	22386	18402	66008	17210	76886	68899	68786	56320	41875	69446	48452	20963	29642	29462	29957	30161	28698	41426	14052	33654	36136	32985	29633	33641	42034	15542	27706	35717	3795	25072	37309	42211	8084	9519	68045	73894	19464	43839	60707	105732	
54046	59546	20912	32736	6606	49003	70131	36583	0	25318	31159	70467	49872	62606	43466	51469	14839	68920	71150	45728	36418	33638	23477	16556	67305	22863	56343	63892	30289	28453	64249	40726	64764	40241	61654	55710	25803	69241	42544	20352	53622	9605	13817	52393	44480	51051	51015	30147	7316	32575	32042	21736	35420	57511	57284	20991	54517	54467	67967	15837	25393	26865	12250	46447	7197	54741	40605	69438	39041	30154	32372	13238	38576	22688	97702	27591	64083	46862	27350	30852	18470	50575	7865	31772	28233	34395	29146	30235	47393	49832	50821	23833	27158	54481	53018	39530	43607	43765	51156	26394	35504	36296	29801	34526	47414	65547	17133	57271	26875	67367	47149	67794	20631	49837	36347	32896	12180	48902	16903	59542	21762	42227	46834	51562	31480	47816	36786	41627	9858	70307	32651	57440	50746	14426	35850	26891	46398	59789	69858	32056	52643	39492	39218	27213	44291	15617	36170	16451	7930	36988	15806	4386	20247	42584	36786	40886	48648	34223	72271	16931	73889	
61820	38287	50544	8370	31495	49998	48873	16634	25318	0	46290	49881	50262	42020	9184	56115	38660	73566	50565	22838	57858	25695	38609	13670	44840	29968	56733	43306	21958	40329	43664	54908	59844	19628	62044	35097	51081	48656	21958	45631	33036	24737	28949	31779	49126	57183	46096	9890	19910	55792	14499	47014	53625	36925	34394	6207	32200	49547	47381	45592	16529	9322	16778	25861	20281	59386	17715	44677	43687	57305	47503	31530	21033	44402	92782	35373	59164	26277	18982	31242	14335	50965	23246	53637	13395	46272	36251	43791	30507	56128	51211	30937	27548	72686	48099	39921	38688	66042	30542	26784	25444	51427	38310	11100	42495	70193	32264	36686	39619	62447	26535	40576	22876	30897	14469	24146	17059	28289	22142	42656	13965	25308	26249	62398	11569	69846	51917	42017	28151	49722	54011	40553	30160	14783	18306	33254	41479	39203	49273	5196	26958	47454	30354	22294	35427	30749	16503	12847	24432	14097	14213	23361	27352	19513	10389	41276	66854	21525	51685	24035	98393	
35302	86864	36460	60055	28649	59571	97449	63901	31159	46290	0	97620	89523	89759	70619	19933	24507	40640	98304	72881	52020	73288	7960	37406	61630	50192	95993	91045	60352	44054	91403	64213	59089	67394	101305	82863	30074	96395	69697	31477	80775	21655	21263	58608	25829	32400	37690	57300	28167	3331	52893	25123	12877	84664	84437	41842	48842	44161	95120	31439	54923	47716	46833	73600	35606	36089	67759	63762	20390	45755	4964	38506	59427	18972	93534	16876	54972	74016	67001	70502	34937	90226	41763	57532	40387	49997	42424	55432	87044	65433	90472	47360	66809	24624	43840	79181	37932	23943	54967	66045	81538	5889	45403	61680	41739	37266	16112	84425	51827	61692	74302	62119	62136	89488	63501	72547	36733	76056	28787	99193	61799	39627	73988	21155	52331	15383	6902	81277	35126	97461	48253	97090	77899	58594	56700	30712	33200	86942	97012	52907	92294	29985	68747	35655	89227	21418	40599	56488	25767	64141	32273	34445	54831	53777	63939	80536	18792	36657	99424	51514	45609	
60569	55544	91556	46954	76643	96707	3714	28990	70467	49881	97620	0	69356	19207	45096	68607	80383	86058	15532	21018	107896	67508	84576	61087	23169	78331	104150	37842	59134	99930	61771	102325	28521	22614	81897	7167	92804	11593	40065	87353	51144	70704	74916	18093	56422	54747	43660	33726	65878	97515	52621	88737	95348	34079	8591	54154	21682	47111	11360	87315	64892	57686	65141	33422	73153	71879	23845	15105	56179	101631	67016	94382	50023	86125	92020	54899	41538	44384	67345	78659	66675	98383	77912	101054	52662	105873	98300	91208	65284	103545	72744	79301	74965	114409	38525	87338	33439	107765	21731	74201	51906	72015	101279	35300	33553	82685	78232	18510	87036	28085	24365	11004	70293	66030	33542	62657	72046	15099	69338	64486	56468	35345	44356	74890	47482	111568	75680	89434	91003	14689	104129	61330	20295	63146	55416	44468	39042	38920	5728	44289	59608	45018	58938	64315	59595	76716	39247	61211	70399	32461	67999	71992	75715	31789	38417	88693	108576	43170	53112	81355	83002	
94734	24501	47996	56858	55327	26735	68222	77031	49872	50262	89523	69356	0	60639	36499	103680	71297	121131	60979	43550	38785	8366	75490	42220	95022	25536	18971	37769	15890	39832	28931	21457	92481	67222	12891	82691	71469	67379	31439	69952	36850	61618	65830	79373	91495	89820	78732	57127	56792	88429	23169	79651	86262	43745	57516	46438	82234	82184	54850	42918	19220	27358	41235	54486	44501	106951	40837	97155	91252	56064	84385	38779	24463	77039	125419	73498	91800	30615	15150	14078	47620	19162	47703	27440	55950	45775	30524	25903	10176	23023	7786	29904	15131	105323	80735	7854	71324	98679	78136	16762	18311	88309	32314	59688	75132	117758	69146	64936	20058	95084	74129	95511	20341	6501	65965	11044	39999	75883	59953	22325	22145	69945	27031	109963	31571	102482	94495	10297	52608	65564	52769	20223	47554	37329	19795	65890	74115	38708	67996	36185	12902	80090	18863	54930	23413	67630	63887	21082	61313	63996	47499	46460	24626	69565	41177	19761	99490	61940	33481	22988	131030	
95250	27849	83695	39093	68782	88846	18073	32823	62606	42020	89759	19207	60639	0	49693	117662	84980	135113	7363	25947	112493	52262	89173	65684	42387	82928	67033	23571	43888	104527	34967	106922	47740	32800	72344	26385	97401	15822	25926	91950	24831	75301	79513	37312	105477	103801	92714	49247	70475	102112	41417	93334	99945	18664	23876	58751	40900	96166	8756	91912	46098	62283	69738	21401	77750	120933	23233	34323	105234	106228	98068	98979	36632	90722	139401	93287	60756	24620	50084	83256	71272	78969	82509	105651	57259	110470	102897	95805	50890	108142	58456	83898	51351	119006	57743	68416	85306	112362	43715	78798	36660	101992	105876	54639	89113	131739	82829	5367	91633	47303	31384	30222	74890	50784	37744	47411	76643	30190	73935	50215	45263	50294	33052	123944	52079	116165	108178	70104	95600	10305	108726	47059	11276	67743	40170	79872	88097	20875	19053	48886	44362	94072	37696	68912	31345	81313	43449	45401	74996	28684	72596	76589	80312	35991	43014	93290	113173	47372	38841	54965	145011	
76110	33377	64555	19953	49642	49671	43962	14825	43466	9184	70619	45096	36499	49693	0	85502	52820	102953	45449	19772	57331	27920	57014	25258	45779	35277	56205	38190	27499	45639	38547	54380	47204	20930	61517	36399	65241	43539	16842	59791	27920	43142	47354	33081	73317	71642	60554	11815	38315	69952	20041	61174	67785	31809	31328	17983	33139	64006	42265	59752	22070	9768	22088	20745	25420	88773	14649	59426	73074	56778	65908	36840	26574	58562	107241	61127	73622	21161	23535	30715	26939	50438	28556	53109	19500	51582	41560	43264	36048	55600	50684	36247	22006	86846	62557	39393	53146	80202	31844	26257	28682	69832	43620	17205	56953	99579	50669	31569	39091	49807	22799	55325	22348	30527	19060	29687	20919	28063	41775	48198	19507	37212	21133	91785	6364	84006	76018	41489	33461	44606	53483	46095	25044	20092	23848	47712	55937	34087	44156	5310	32499	61912	35895	36752	36372	49153	22608	15072	42836	11031	26818	44429	32662	22910	7323	40749	81014	27630	46569	25620	112852	
21602	101345	55889	51057	48960	102912	71878	59726	51469	56115	19933	68607	103680	117662	85502	0	45362	25528	111852	86429	72876	86557	27703	47956	59914	86836	109262	104593	83594	64910	104951	107436	57372	60810	114573	64053	50929	109942	83245	52333	94323	41989	41597	56891	17937	24508	31379	70848	42360	27822	63689	45978	28693	98212	70713	51710	47125	34563	108668	52294	78698	58512	75932	87148	55940	17111	81307	62046	12519	66611	16829	59362	70222	39828	73601	26670	47946	87564	80269	83771	45066	103494	58802	106165	47100	70852	63279	96320	100312	108657	103740	87805	80077	42630	38702	92450	36216	39044	53251	79313	88809	13614	66258	53842	40023	22154	35854	97973	92147	59975	64576	60403	75405	102756	52527	85815	50558	66330	35423	112461	75067	45141	87536	10550	63126	19453	16539	94546	55982	111009	69108	110359	91447	71862	67496	32858	35486	100490	73757	76101	105562	27495	92523	47227	102775	33129	45195	69756	46101	77689	42650	54779	84220	52061	77487	93805	33892	41253	112972	86467	30497	
52612	68663	12643	41854	9621	35754	79249	45701	14839	38660	24507	80383	71297	84980	52820	45362	0	65437	80229	54806	28146	55213	22058	27777	76384	26317	77918	72971	52250	20180	73328	40339	73842	49319	83230	64788	13054	78320	51622	7603	62701	18962	12818	61471	43061	49632	60094	39225	20936	23381	45257	8987	21214	66589	66362	34206	63595	63545	77045	7565	47355	40080	22959	55525	20779	53321	49684	78516	37622	21881	26762	14632	61580	9947	106780	26172	73162	55941	48926	52427	38651	51639	17889	33658	37311	26123	18550	31558	68969	41559	72397	23486	48734	40274	62097	61106	52686	33631	60234	47970	63463	30686	21528	43605	56493	62063	13174	66350	27953	76445	56227	76873	44061	71413	45426	54472	27104	57981	26260	81118	43724	51306	55913	45952	44695	37434	29447	63202	11252	79386	24378	79015	59824	25136	49064	47252	55477	68867	78937	44479	74219	38072	61179	36292	71152	21153	45248	38413	14694	46066	24603	16706	30957	51662	45864	40896	34442	43301	81349	27640	70406	
25017	118796	77448	68507	66411	120363	89329	77177	68920	73566	40640	86058	121131	135113	102953	25528	65437	0	129303	103880	92941	104008	47769	65407	77365	104287	126713	122044	101045	84975	122402	124887	74823	78261	132024	81504	70995	127393	100696	72398	111774	59440	59048	74342	35151	32986	48830	88299	59811	47888	81140	66044	48759	115663	88164	69161	64576	40336	126119	72360	96149	75963	93383	104599	73391	19300	98758	79497	29970	86676	42017	79427	87673	59894	67194	44121	52256	105015	97720	101222	62517	120945	76253	123616	64551	90918	83345	113771	117763	126108	121191	105256	97528	49029	44475	109901	53667	59357	70702	96764	106260	36271	86324	71293	57474	5076	55920	115423	109598	70977	82027	77854	92856	120207	69978	103266	68009	83781	52874	129912	92518	62592	104987	20474	80577	35307	36605	111997	76048	128460	89174	127810	108898	89313	84947	50309	52937	117941	91207	93552	123013	44946	109974	64678	120226	50580	62646	87207	63552	95140	60101	72230	101671	69512	94938	111256	52746	58704	130423	103918	9937	
103795	34558	92240	47638	77327	97391	14397	42718	71150	50565	98304	15532	60979	7363	45449	111852	80229	129303	0	28418	108336	63364	85016	61527	38230	78771	67373	23911	53174	100370	35307	102765	43582	35272	72684	22228	93244	11665	40505	87793	31540	71144	75356	33155	101320	99644	88557	45090	66318	97955	53061	89177	95788	20148	19719	54594	36743	92009	11227	87755	55383	58126	65581	28309	73593	116776	25705	30166	101077	102071	93911	94822	50463	86565	135244	89130	56599	33194	67785	79099	67115	79308	78352	101494	53102	106313	98740	91648	51229	103985	58796	79741	75405	114849	53586	68756	81149	108205	36792	74641	52346	97835	101719	50482	84956	127582	78672	7838	87476	43146	29524	26065	70733	59803	52304	61131	72486	26033	69778	50554	56908	52765	44796	119787	47922	112008	104021	70444	91443	5310	104569	47399	13747	63586	55856	75715	83940	24989	14896	44729	53648	89915	43842	64755	36821	77156	55886	61651	70839	39562	68439	72432	76155	38462	38856	89133	109016	71765	39181	81795	140854	
78372	26911	66817	22216	51904	71968	18807	10769	45728	22838	72881	21018	43550	25947	19772	86429	54806	103880	28418	0	83048	41686	59728	36239	34072	53483	55258	29617	33312	75082	34612	77477	35497	10644	56076	20956	67956	27246	12428	62505	23984	45856	50068	17639	55524	53848	42761	15772	41030	72667	27233	63889	70500	23236	14256	29306	21431	46212	23002	62467	32616	26937	40293	12172	48304	70980	5697	30537	55281	76783	68623	69534	24635	61277	109956	63842	43985	17225	35069	53811	41826	73534	53064	76206	26516	81025	73452	66360	39463	78697	46922	54453	50117	89561	38274	62490	32540	82917	16402	49353	26084	72547	76431	19578	34608	81786	53384	22232	62188	38099	5727	26436	45445	40209	17820	36835	47198	10991	44490	54375	31079	30369	18968	73991	22155	86720	78733	64586	66155	31323	79281	47247	15706	38298	29594	37940	38144	23442	25950	18962	33787	44119	33117	39467	32436	51868	23525	36362	45551	11147	43151	47143	50867	16067	13089	63845	83728	27447	42633	40781	115566	
102330	71277	16083	64453	31201	16321	106762	73214	36418	57858	52020	107896	38785	112493	57331	72876	28146	92941	108336	83048	0	45007	49341	49131	101933	24347	63196	81839	51430	13353	73000	19069	99391	74132	45879	89601	23824	105603	62512	22307	80920	40528	40102	86284	70344	96730	85643	64038	48219	50664	49513	29541	48497	93872	93646	53349	89144	89094	104329	22005	46535	48208	30209	82809	38710	80605	76967	104065	64906	5340	54045	18678	56830	35294	132329	53455	98711	66257	45166	33176	54530	30369	25384	15796	62860	19295	16579	16809	54246	20289	57674	21516	38527	56367	87645	36195	78234	47018	85047	37763	56646	57969	9371	66598	82042	89347	40457	93633	22302	101994	81040	102422	33008	56690	72876	49374	46909	82793	66864	66395	44422	76855	59975	73235	52420	64718	56730	29819	22450	106669	8689	64293	87108	33144	51072	72801	81026	82778	106220	56488	59496	87001	62933	61840	67483	46540	70797	42238	36261	73349	54409	36627	27029	76475	61480	21548	61726	68850	77551	29308	137940	
78500	22652	34979	32290	39092	24527	66374	60797	33638	25695	73288	67508	8366	52262	27920	86557	55213	104008	63364	41686	45007	0	58861	25591	78393	21291	23473	40427	13144	35588	31588	28741	75852	50592	21944	66061	45511	79620	29591	61638	33862	44989	49201	62744	74866	73190	62103	40498	40162	71799	16258	63022	69632	40757	55667	29809	65604	65554	53001	38674	12608	20447	21015	37282	27871	90322	38989	80525	74623	31967	67755	33757	22615	60409	108790	56868	75171	28767	8830	9390	30991	26445	27283	23196	39320	41530	26280	21659	12834	30306	15338	25659	8292	88693	64106	6626	54695	82050	61507	9923	16462	71679	28070	43058	58502	101128	52516	52231	17487	78454	57500	78882	13502	5642	49336	5383	23369	59254	43324	24983	13654	53315	25182	93333	24659	85853	77865	12770	33686	80686	40673	22880	45705	20700	17049	49261	57486	35720	80237	29274	11054	63461	20176	38301	25249	51001	47258	14243	44684	47366	30870	29831	19604	52935	34266	19144	82861	45310	36138	17966	114400	
39625	72857	34069	46047	20968	74722	83442	49894	23477	38609	7960	84576	75490	89173	57014	27703	22058	47769	85016	59728	49341	58861	0	29771	62348	45277	82056	77108	52717	41615	77465	61774	59807	53457	87367	68926	26061	82457	55759	29038	66838	14020	13628	65608	30121	36691	38408	43362	20532	9423	45258	21110	15334	70726	70500	34207	49559	44879	81182	29000	47288	40081	34663	59662	27971	40381	53821	64480	24682	43316	9220	36067	51791	14960	94252	18802	55690	60078	53063	56565	27302	76288	30833	55093	32752	47558	39985	52993	73106	62994	76534	44921	52871	31444	44558	65243	38650	27751	64371	52107	56203	13144	42964	47742	42457	44522	8477	70487	64941	62409	60364	62837	48198	75550	49563	58609	29098	62118	21152	85255	44724	40345	60050	28410	44696	24664	13634	67339	32687	83523	45814	83152	63961	44656	49065	31430	33918	73004	83074	45272	78356	30703	61112	28020	75289	13783	35147	42550	18132	50203	24638	26810	42661	55799	50002	66599	25611	31206	85487	39344	52864	
50530	33717	39788	15789	22732	41452	59952	38037	16556	13670	37406	61087	42220	65684	25258	47956	27777	65407	61527	36239	49131	25591	29771	0	58164	26124	48550	52676	22882	36486	58355	46725	55623	28997	53862	44466	46860	58025	31328	41409	42406	16622	20834	41149	40968	52961	41874	18903	11795	51570	19265	42793	49403	46295	46068	8214	45375	45326	56751	41370	21295	14088	13399	35231	7466	51228	29389	60296	35529	49122	40031	27126	25799	40180	88561	27214	54942	35646	19558	23060	7562	42783	15558	45454	11116	42429	32407	35609	39601	47945	43029	27094	19366	68464	43877	31738	34466	61821	39912	18602	30210	43312	50770	21463	38273	62034	24149	46055	31436	58225	35905	58653	14693	42045	23416	25104	3979	37659	13984	51750	14356	28260	28944	54239	18703	54832	43802	33834	20464	59091	45828	49647	39530	8702	23072	24206	37257	48573	58642	19279	44851	43232	31812	13245	36885	19840	24197	9045	16316	25771	6069	15246	23508	31340	25570	33094	62632	20255	62906	25756	94171	
45186	59824	88395	40953	73481	94254	26440	30953	67305	44840	61630	23169	95022	42387	45779	59914	76384	77365	38230	34072	101933	78393	62348	58164	0	78406	100832	60430	75164	96377	67701	99007	5760	28585	106143	17971	89251	34181	45517	83800	57074	67151	71363	22651	47216	39356	31143	37516	62325	65160	68171	85184	71070	56325	29411	57120	12873	31720	33947	83762	70268	62994	67502	45261	69599	53269	35803	9877	47547	101404	58383	79408	55023	82572	62264	46267	18776	50314	71840	75341	51218	95064	72934	97735	49878	102320	84689	87890	91883	100227	95310	79376	71647	87180	25912	84020	24806	83487	19010	70883	59173	63382	103051	37940	20940	72486	56957	41098	83718	8362	30336	12519	66975	94326	33708	77385	59459	25931	47619	104032	66638	26323	49355	66257	50288	74903	67048	86116	87449	37276	98109	101929	42882	63432	71978	35836	30410	56532	28315	44563	97132	36385	84093	42683	65525	52727	33865	61327	66846	34748	52542	68438	75790	29626	42038	85375	81348	33415	75700	78037	67641	
78779	43084	17198	36563	28318	14578	77197	44827	22863	29968	50192	78331	25536	82928	35277	86836	26317	104287	78771	53483	24347	21291	45277	26124	78406	0	52646	71290	31139	17738	62451	18946	76726	47643	38643	63112	29209	76670	38798	23291	46771	31472	35684	59794	75740	74064	62977	37548	26646	49482	27140	33631	47315	64940	60586	26731	66478	66429	75396	20823	26243	25278	13272	53876	21772	91196	43908	81399	75497	14707	52863	22568	33116	32898	109664	49458	76045	42543	24997	12181	31865	31181	16094	9993	40194	23680	7998	8456	43697	21447	33314	4368	21860	61751	64980	20136	55569	52402	58557	19173	36355	56787	11474	40108	59376	102002	39275	64700	5096	79328	54550	79756	16071	26137	43477	25300	22114	56304	44198	55846	22613	54189	36261	72053	28548	63536	55548	22232	22497	77737	15559	53743	58175	16206	30780	50135	58360	55612	77287	31590	31549	64335	40068	39175	45142	37484	48132	18366	30396	40290	31744	19689	4323	49985	36582	15908	60544	46184	67002	8874	115274	
101205	33632	70011	63328	61797	55517	103016	83502	56343	56733	95993	104150	18971	67033	56205	109262	77918	126713	67373	55258	63196	23473	82056	48550	100832	52646	0	63998	25549	42026	55159	34695	73510	48250	39608	63719	52497	77278	36631	50980	48164	42647	46859	60402	72524	70848	59761	38156	37820	69457	23631	60680	67290	65547	65321	27467	63262	63212	76004	59257	20653	22326	22264	54484	25529	87980	48642	78183	72281	37092	65413	34438	30948	58067	106448	54526	72829	40375	19285	16339	28649	36062	28732	33424	36978	47968	39985	35620	36405	35915	39833	30591	12645	86351	61764	25018	52353	79708	59165	11881	30764	69337	38739	40716	56160	98786	50174	65308	24716	76112	55158	76540	14156	26496	46994	23492	21027	56912	40982	48554	18540	50973	34094	90991	26539	83511	75523	27114	33637	78344	33797	46451	58783	18358	25190	46919	55144	50022	77895	30606	30081	61119	34478	35959	39552	48659	44916	16357	42342	45024	28528	27489	20673	50593	35598	26373	80519	42968	59710	19035	112058	
96536	16219	84981	40380	70068	74161	36708	34874	63892	43306	91045	37842	37769	23571	38190	104593	72971	122044	23911	29617	81839	40427	77108	52676	60430	71290	63998	0	29921	86146	12055	58352	63960	36476	49432	44577	85742	34014	25807	80291	12874	63642	67854	48627	93817	92142	81054	37588	58815	90452	29799	81675	88285	8350	42068	47092	49895	84506	31258	80252	32131	50623	47823	21549	66090	109274	26909	52515	93574	81212	86408	87320	25568	79062	127741	81628	94122	21414	36117	60459	59612	56056	53255	77544	45599	92088	84106	79740	27977	59917	35544	59697	40647	107346	83057	45503	73646	100703	47390	56002	28373	90332	82859	42980	77454	120080	71169	27869	68836	65495	35059	48414	58276	36551	41419	37878	64984	40323	62275	27302	37418	53969	25907	112285	40420	104506	96518	47192	83940	28497	77918	24147	25013	62478	30471	68213	76437	7465	37246	37226	30395	82412	20590	57252	13569	69654	48383	40534	63337	32060	60936	64929	64793	39666	31354	56655	101514	64262	15929	63156	133352	
75537	14278	40284	28553	35743	43752	58000	33180	30289	21958	60352	59134	15890	43888	27499	83594	52250	101045	53174	33312	51430	13144	52717	22882	75164	31139	25549	29921	0	42017	23225	37349	73066	39836	28429	55305	64303	57159	21219	58852	25490	38862	43074	51988	72080	70405	59317	29742	34036	69014	9155	60236	66847	32385	47295	20520	62819	62769	44629	40465	5589	14982	20752	28911	25085	87536	30617	77740	71837	50860	61629	32657	14243	57624	106004	50514	72385	20395	9045	22353	29476	35054	26183	36439	29997	47960	37939	34902	12172	38914	19632	32625	13575	85907	61320	18320	51909	79264	50751	16815	8090	65553	41313	32302	55716	98342	46390	43859	30730	75669	38767	68944	19194	12562	35671	5811	20584	48498	40538	24321	10346	50529	16810	90548	19194	83067	75080	26189	32586	58225	47566	22219	37334	17427	4431	46475	54700	27348	57776	23809	8623	60675	11804	35515	16877	44874	37705	13462	38557	30243	29355	27045	26687	42179	28801	32387	80075	42525	29955	25050	111615	
72159	53446	8118	61401	23235	21191	98796	65248	28453	40329	44054	99930	39832	104527	45639	64910	20180	84975	100370	75082	13353	35588	41615	36486	96377	17738	42026	86146	42017	0	77443	25904	93353	68830	52713	84299	13057	97830	71133	14534	82211	32755	32329	80981	62571	69142	79604	58735	40446	42891	38235	18773	40724	86099	85873	53716	83105	83056	96556	14232	37339	36374	24368	75036	34573	72832	69194	98026	57132	7446	46272	11065	44212	24527	126291	45682	92672	75451	49609	25927	41620	37204	17771	19222	56822	4993	10738	17122	58689	27124	62116	15674	42969	45599	81607	33882	72196	36250	79744	42205	47450	50196	7093	63115	76003	81574	32684	85860	18841	95956	75737	96383	27166	61133	64936	53816	33210	77491	40053	70838	33708	70816	47357	65462	39643	56945	48957	36653	14838	98896	9943	68735	79335	27302	41876	66762	74987	87220	98447	42685	63939	57583	67375	55802	71926	38767	64759	29462	28488	65576	38956	30499	21187	71173	65375	26461	44907	62812	81994	23466	89916	
96894	14133	79816	40737	70426	65322	60637	35817	64249	43664	91403	61771	28931	34967	38547	104951	73328	122402	35307	34612	73000	31588	77465	58355	67701	62451	55159	12055	23225	77443	0	49710	68966	41481	40789	56950	87975	45410	23720	83350	10788	66701	70913	53633	96877	95201	84114	40647	61875	93512	30807	84734	91345	19746	48593	42674	54900	87566	42654	83312	27744	37136	43436	28424	61007	112333	31914	63911	96634	72570	89468	55342	26493	82122	130801	84687	97182	19328	31730	51817	62672	47414	64210	68902	48659	83446	75463	71098	19335	51275	26902	66070	36259	110406	86117	36861	76706	103762	52396	47359	23985	93392	74217	46039	80513	123139	74229	39265	60194	71568	40065	59810	49634	27908	47861	29236	56505	45328	65335	22633	33030	58974	23821	115344	43479	107565	99578	38550	69115	39893	69276	15505	35451	53836	26083	71272	79497	12646	48641	40286	24269	85472	16203	60312	9182	72713	51443	36146	66396	35119	64006	62967	56151	44671	34413	48013	104573	67322	10891	54513	136411	
99380	47864	28277	61503	43394	7016	101191	81677	40726	54908	64213	102325	21457	106922	54380	107436	40339	124887	102765	77477	19069	28741	61774	46725	99007	18946	34695	58352	37349	25904	49710	0	96394	71134	28551	86603	36343	100162	49511	34826	57645	65531	52620	83286	95408	93732	82645	61040	60705	63183	36513	42059	61016	64540	88205	50351	86146	86097	98888	34524	33535	45210	31134	77368	48413	110864	71526	101067	95165	20938	66564	31684	45924	47813	129332	77411	95713	52076	28920	15848	51533	13942	33957	15762	59863	31814	23935	11525	30972	3245	28582	23314	25527	68885	84648	18867	75237	59536	82049	22840	39771	70488	22585	63600	79044	121670	52976	88192	15859	98996	78042	99424	25187	27962	69878	28967	43911	79796	63866	43121	31422	73857	46974	113875	49423	77236	69249	12491	35456	101228	17643	41018	81667	41242	38072	69803	78028	59503	100779	53490	36222	84003	39658	58843	44208	71543	67800	39241	65226	67909	51412	50373	22185	73477	58482	7175	74244	65853	54276	24758	134942	
42645	61249	85853	42378	70940	91713	31792	32378	64764	59844	59089	28521	92481	47740	47204	57372	73842	74823	43582	35497	99391	75852	59807	55623	5760	76726	73510	63960	73066	93353	68966	96394	0	30090	103775	23374	86883	39584	47023	81432	58579	64783	68995	24156	44848	36988	28775	39021	59957	62792	65803	82816	68702	57831	34814	54752	14378	29352	39351	81394	67900	60626	65134	46767	67231	47457	37308	14539	45179	99036	56015	77040	72336	80204	57398	43899	13608	51820	69472	72973	48850	92696	70566	95367	47510	99952	82321	85522	89515	97859	92942	77008	69279	84812	23544	81652	22438	81119	20516	68515	60679	61014	100683	39445	18572	67619	54589	46501	81350	3496	31841	17922	64607	91958	36856	75017	57091	33595	45251	101664	64270	29471	50861	63889	65240	72535	64680	83748	85081	42679	95741	99561	48285	61064	69610	33468	28042	58037	33718	46068	94764	34017	81725	40315	67031	50359	37012	58959	64478	36254	50174	66070	73422	31132	43544	83007	78980	36562	77228	75669	62774	
52753	33764	61330	16547	46417	66454	25885	6104	40241	19628	67394	22614	67222	32800	20930	60810	49319	78261	35272	10644	74132	50592	53457	28997	28585	47643	48250	36476	39836	68830	41481	71134	30090	0	92920	15469	62228	33882	19113	56778	30669	40129	44341	12152	48631	46956	35869	11111	35302	66939	33918	58162	64772	29921	16186	24889	15944	39320	29687	56739	35495	28288	35743	18857	42577	64088	9398	25050	48389	71056	62895	63807	31320	55549	84229	58115	38498	23910	37947	62118	24727	81841	47336	84512	19624	75297	67724	74667	46148	87003	82087	49903	58424	83833	32787	70796	25648	77190	10914	57660	32769	66819	70703	12686	27716	74894	47656	28917	70494	32612	6908	20948	53751	46894	10928	43112	41471	8661	38762	61060	32931	23477	25653	67099	23883	80993	73005	72893	60427	47927	73553	53932	22392	33748	36279	31048	31252	30127	28017	18158	40472	37227	39802	33739	39121	46140	16632	31813	39824	9846	27142	41416	46318	9174	15634	72152	78001	20555	49318	64814	75211	
106516	38943	55086	68640	67109	33825	80763	88813	61654	62044	101305	81897	12891	72344	61517	114573	83230	132024	72684	56076	45879	21944	87367	53862	106143	38643	39608	49432	28429	52713	40789	28551	103775	92920	0	94565	83343	108124	46209	81826	48724	73492	77704	91247	103369	101694	90606	69002	68666	100303	37939	91525	98136	55619	96166	58313	94108	94058	69619	90103	33989	53172	53109	66360	56375	118826	79488	109029	103126	67938	96259	65284	39233	88913	137293	85372	103674	45385	28649	26965	59494	15440	59577	40328	67824	78814	43411	38327	18110	24373	11394	42791	28630	117197	92609	20741	83198	110553	90010	30261	33080	100183	45201	71562	87006	129632	81020	76811	32946	106958	86003	107385	33840	18573	77839	23116	51873	87757	71827	20657	36915	81819	41800	121837	57384	114356	106369	17384	64483	77439	64643	22172	62323	49204	34564	77765	85989	50582	108741	61452	27300	91964	30737	66804	35287	79504	75761	47202	73187	75870	59373	58335	37513	81439	66444	26848	111364	73814	45355	35875	142904	
55996	49233	76799	32016	61886	81923	10437	21573	55710	35097	82863	7167	82691	26385	36399	64053	64788	81504	22228	20956	89601	66061	68926	44466	17971	63112	63719	44577	55305	84299	56950	86603	23374	15469	94565	0	77704	18229	34589	72253	46145	55605	59816	13587	51916	50240	39153	26587	50778	82415	49394	73637	80248	45397	6661	40364	17175	42604	17996	72215	50971	43764	51219	34333	58053	67372	24874	9581	51673	86532	62509	79282	46796	71025	87514	50392	36013	39386	53423	77593	40202	97317	62812	99988	35099	90773	83200	90142	61623	102479	97563	65379	73900	99309	34018	86272	28932	92665	17224	73136	48245	67508	86179	28162	29046	78178	63132	25146	85970	22560	17227	5479	69227	62369	26403	58587	56946	7960	54238	76536	48407	30839	41128	70383	39359	79029	71173	88368	75903	21325	89029	69408	26931	49224	51755	39961	34536	45603	12364	33634	55947	40511	55277	49215	54597	61616	32108	47289	55299	25322	42618	56892	61793	24650	31110	87627	93477	36031	59748	80290	78495	
65033	81084	13507	54275	20585	31662	91670	58122	25803	51081	30074	92804	71469	97401	65241	50929	13054	70995	93244	67956	23824	45511	26061	46860	89251	29209	52497	85742	64303	13057	87975	36343	86883	62228	83343	77704	0	90375	63678	6983	74756	29907	24874	73526	55116	61687	72149	51281	32991	29032	57312	6209	23547	78644	78418	46261	75651	75601	89101	11361	59410	52136	34851	67581	31724	65377	61739	90572	49678	17929	32413	19503	73636	11963	118836	38227	85217	67996	60092	36410	50707	47687	28834	29706	49367	13178	21221	27606	69172	37607	72600	26157	53453	36011	74152	44365	64741	26662	72289	52689	75518	36337	17576	55660	68548	67714	25229	78405	29324	88501	68282	88928	37650	71616	57481	64300	39159	70036	37205	81321	55780	63361	67968	51603	56750	42762	37485	47137	23419	91441	20426	79218	71880	37786	61120	59307	67532	80923	90992	56534	74422	50128	77859	48347	82409	33208	57304	50468	25639	58121	36108	27651	31670	63718	57920	36944	36776	55357	92477	33950	76057	
101885	54319	90330	45729	75417	95481	10459	40809	69241	48656	96395	11593	67379	15822	43539	109942	78320	127393	11665	27246	105603	79620	82457	58025	34181	76670	77278	34014	57159	97830	45410	100162	39584	33882	108124	18229	90375	0	38753	86040	49831	69392	73604	29170	99567	97892	86804	43338	64565	96202	51309	87424	94035	30316	15734	52842	32759	90256	10047	86002	63580	56373	63828	32109	71840	115023	29505	26182	99324	100319	92158	93069	48711	84812	133491	87377	52615	43071	66032	77347	65362	97070	76599	99741	51349	104560	96987	89896	63971	102232	71431	77988	73653	113096	49602	86025	44515	106452	32807	72889	50593	96082	99966	48730	44630	125829	76919	14747	85723	39161	25540	22080	68980	64718	50551	61344	70733	22049	68025	60722	55155	46422	43043	118034	46169	110256	102268	88121	89690	7928	102816	57567	18982	61833	54103	73962	82187	35157	10912	42976	58295	88162	57626	63002	58282	75403	54133	59898	69086	37810	66686	70679	74402	37824	37104	87381	107264	70012	49349	80043	139102	
75188	16004	63633	19031	48720	54834	38931	14112	42544	21958	69697	40065	31439	25926	16842	83245	51622	100696	40505	12428	62512	29591	55759	31328	45517	38798	36631	25807	21219	71133	23720	49511	47023	19113	46209	34589	63678	38753	0	59395	13085	42746	46958	31441	72921	71246	60159	16692	37920	69557	17349	60779	67389	19892	26401	26196	32709	63610	23735	59357	23419	20139	28623	9710	45194	88378	9722	53967	72679	73673	65513	40529	13952	58166	106845	60732	73227	6325	27405	36976	38716	50597	37423	59370	24703	77915	45810	49525	27359	61861	34819	40497	27283	86450	62161	34740	52751	79807	30204	28434	13981	69436	73321	22084	56558	99184	50273	22965	45352	49377	17873	49866	27836	28105	23905	24731	44088	23136	41380	34688	21196	36782	8134	91389	19524	83610	75623	41732	63044	39146	59744	27861	16439	25298	17491	47317	55542	19252	38697	16331	21683	61517	21013	36356	21537	48758	27488	21334	42441	11164	40040	44033	36911	22480	10458	47010	80618	43366	31734	30897	112456	
59582	75634	8013	48824	15134	30145	86219	52671	20352	45631	31477	87353	69952	91950	59791	52333	7603	72398	87793	62505	22307	61638	29038	41409	83800	23291	50980	80291	58852	14534	83350	34826	81432	56778	81826	72253	6983	86040	59395	0	69415	24566	19533	68185	49775	56346	66808	45939	27650	30095	51971	6116	23956	73303	73077	40920	70309	70260	83760	5540	54069	46794	24591	62239	26383	60036	56398	85230	44336	16357	33476	16866	68295	12371	113495	32886	79876	62655	55640	34838	45366	46115	19521	28134	44026	20599	19649	26034	75683	36035	79111	24586	55448	36419	68811	42793	59400	27070	66948	54684	70177	37400	16005	50319	63207	68778	19888	73064	27753	83159	62941	83587	36078	78127	52140	61186	33818	64695	31864	87832	50438	58020	62627	52666	51409	44149	36161	45565	12885	86100	18855	85730	66538	26768	55779	53966	62191	75582	85651	51193	80933	44787	67894	43006	77866	27867	51963	45127	20298	52780	30767	22310	30099	58377	52579	35372	37184	50016	88064	32378	77120	
