//--------------------------------------------------------------------------------------------------------------------
//-- données sur le Nord  récupérés par le géocodeur (matrice symétrique)
//-- 
//-- C. Duhamel, P. Lacomme C. Prodhon - juillet 2009 : 36193 kg à collecter, flotte de capa 65500
//--------------------------------------------------------------------------------------------------------------------
192 6 999999 0 0 0
5  100 100 2.5
5 500 80 5.2
5 1000 180 6.2
5 1500 180 9.2
10 3000 210 9.2
5 4000 550 5.2
0   // la ville qui represente le depot
0	47486	4915	45929	94881	22077	19300	127395	80539	6386	24609	25659	56774	73990	20057	71041	84993	65419	46544	45007	120497	49903	25386	19892	69331	6146	143822	76449	61696	149482	24564	32880	127160	35316	67417	73087	42457	134301	27152	39364	49547	29030	38378	13360	8178	22339	8849	132310	52862	77168	4367	23708	38008	70089	53339	49517	5189	58722	25061	18925	131936	90191	37341	42476	145443	47687	160112	132898	144219	12226	66151	75590	13297	13170	55950	12143	56204	9635	98492	50587	39233	13547	117766	6289	52663	75088	121955	18924	66517	57092	71581	66738	60639	17595	16714	64212	27865	51781	37238	35696	23637	56347	140675	53076	11029	41583	62923	71568	137273	61064	5665	55651	53297	24968	15394	63424	24621	64232	63509	8795	54298	76028	9872	59978	15989	97979	67094	74808	32536	7632	78684	30155	22376	32739	12072	70786	23310	46026	52975	34199	45825	32282	69877	35761	22789	26831	26652	4134	53963	71825	22980	52183	59149	50563	80952	29512	63223	132419	28288	53055	55589	49679	67262	19675	27806	5287	101046	82666	50331	32437	128613	14567	32482	53706	75537	85880	19042	22017	43602	43994	41884	11574	65784	65908	123397	52501	72969	51444	21594	78145	87150	68902	112316	
47486	0	46638	2934	139513	61643	39996	74432	27576	48108	24172	70291	101406	118622	79686	115673	32030	30121	6857	89639	67534	94535	60739	42023	26902	51443	90860	38044	106328	96519	66501	68965	74197	85343	32118	31536	72565	81338	31066	83996	29835	26163	28329	34381	52346	30993	54703	79347	10345	24205	49207	72548	70892	34581	14547	94149	44451	103354	25790	34640	78973	134823	69649	18949	92481	4056	98346	79935	91256	35696	9418	37185	53044	58884	11670	55766	100836	58444	45529	30240	67376	60425	64804	48741	7436	22125	68992	62547	111149	17873	18618	26467	24988	62947	35477	18668	31081	96413	94224	80328	51968	36000	87712	15854	37452	24158	18880	30017	84310	12833	52560	100283	32949	69600	42932	26020	69253	108864	22715	39095	98930	35758	43095	24326	35758	51564	28678	36402	62218	54207	25721	74787	37607	14793	37119	17773	58663	9567	97607	64781	5632	76914	28326	80393	31043	20569	60215	49732	23792	33419	29053	32265	103781	7568	125584	57654	21113	79456	72920	17315	8930	7502	13299	31907	84372	41943	48083	29703	11525	21644	75650	58190	13844	33358	37131	130512	64253	62971	70357	23647	10778	55130	24233	29049	75821	10895	36111	4349	30247	32735	131782	33603	59353	
4915	46638	0	44973	97862	25058	15813	126439	79583	2329	23653	28641	59756	76972	22282	74023	84037	64464	45589	47988	119541	52884	28367	16915	68375	8370	142867	75494	64677	148526	27545	23809	126204	31874	66461	72131	45438	133345	18501	42346	46571	28074	35402	9874	11160	21384	14600	131355	51906	76213	7348	20266	40989	69133	52384	52499	7012	61704	24105	14058	130980	93172	40322	39499	144488	46731	159156	131942	143263	8740	65195	74635	16817	17698	54994	15125	59185	12617	97536	47611	42215	16529	116811	9809	51707	74132	120999	15483	69499	56137	70625	65782	59684	20577	15759	63256	20806	54763	39714	38677	24863	53371	139720	52120	7543	38606	61967	70612	136317	60108	9957	58632	50320	27950	12418	62468	27602	67213	62553	5309	57280	75072	5711	59022	8720	97023	66138	73852	17974	11135	77728	33137	19400	31784	7266	69830	26291	45070	55956	30777	44869	35264	68921	38742	21833	25875	29634	9166	53007	70869	22025	49207	62131	49607	83934	32493	62268	131464	31269	52099	54634	48723	66306	18719	30282	5655	100090	81710	49375	29460	127657	17549	31527	50729	74581	88862	22024	24999	46584	41018	40928	15935	64828	64952	122442	51545	72014	50488	20638	77190	90132	67946	111360	
45929	2934	44973	0	142558	64688	38442	78165	31309	46554	22618	73336	104451	121667	78132	118718	35762	33166	4386	92684	71267	97580	63784	45068	30635	49889	94592	41777	109373	100252	69546	67411	77929	83790	35163	35269	75610	85071	29512	87041	32245	24609	31374	32827	50792	29439	53149	83080	12039	27938	47653	70994	73937	28826	19238	97194	42897	106399	24236	33086	82706	137868	72693	23917	96213	5750	102079	83667	94989	34142	14843	40918	56089	57330	14194	54212	103881	52386	49261	33285	70420	63469	68536	47187	9130	25858	72724	60993	114194	16677	22351	25475	28386	65992	33923	22400	29527	99458	92670	83373	55013	39045	91445	20822	35898	25392	22613	33750	88042	14527	51006	103327	35994	72645	41378	29752	72298	111908	26448	37541	101975	34765	41541	27724	34204	55297	34840	40135	60664	52653	29454	77832	40652	13239	35565	21505	61708	10504	100652	63227	3161	79959	32059	83438	29489	21453	63260	48178	21709	37152	27499	34881	106826	6306	128629	60699	24846	83189	75965	11131	12063	12193	17031	30353	87417	40389	51816	33435	16216	24689	79383	56636	15702	36403	40864	133557	67298	66015	73402	26692	11716	58175	27966	32782	95869	17044	39843	7187	28693	36468	134827	36648	63086	
94881	139513	97862	142558	0	83646	93496	196133	149277	100472	116370	78006	36897	21408	71004	24210	153731	131883	147373	47214	189235	39266	86030	100449	136411	95857	212560	143530	48836	218220	79667	76099	195897	62826	127349	144856	90483	203039	118914	87391	129932	120792	118935	113911	86790	114101	86912	201048	133106	145906	92604	75945	86034	156281	127382	46143	97462	39122	116823	110331	200674	5293	85367	122860	214181	136773	220047	201635	212957	111527	134889	142671	90676	89948	132241	84232	41167	88340	167229	130971	99878	84952	186504	98051	135391	143826	190692	97102	40674	149535	140319	154867	129377	81055	108476	132950	119626	41356	53767	53940	95313	136732	209413	125737	105115	121967	131660	140251	206010	129801	88839	40806	133681	80234	106234	132165	73990	42420	132246	102881	43362	161893	103958	128716	107751	173265	134174	141888	78148	89304	147422	78181	104773	119841	103834	139524	83954	135180	39592	79614	146148	80308	141646	78040	112278	115240	87297	91312	124544	138905	115108	132568	40677	143255	16763	90157	131961	201157	76194	148977	137520	132407	136000	111437	56813	98422	169784	151403	129071	112993	197351	86656	117130	134090	142617	14366	79426	78631	91629	124379	119307	92734	137553	132988	230413	129519	140050	140087	113355	145226	9158	133441	181054	
22077	61643	25058	64688	83646	0	51582	118401	71546	28047	43946	7733	44582	61798	29981	58849	75999	54152	69642	32814	111504	37710	1852	22717	58680	23432	134829	65798	49503	140488	3505	38633	118166	41068	49618	67125	13514	125307	46489	14423	52200	48367	41204	41487	12747	41676	14487	123317	55374	68175	20180	29461	7896	78550	49651	37324	25037	46530	44398	32600	122942	77998	8773	45129	136450	59042	142315	123904	135226	39102	57157	64939	12945	17524	54510	11807	44011	13737	89498	53240	17725	7438	108773	16506	57660	66094	112961	24677	54324	71803	62588	77136	51646	5672	36051	55219	47202	39589	35947	23503	17896	59000	131682	48006	32690	44236	53929	62520	128279	52070	16414	43458	55950	11315	28502	54434	6215	52039	54515	30456	42105	84161	31533	50985	35326	95534	56443	64157	38289	16879	69691	8845	27042	42110	31409	61792	3773	57448	40782	39952	68417	11555	63915	16231	34547	37509	5844	18887	46813	61174	37377	54836	46957	65524	68760	10606	54230	123426	6235	71245	59789	54676	58269	39012	26087	25997	92053	73672	51339	35262	119619	14231	39399	56359	64886	73687	6978	4292	14490	46647	41576	15003	59822	55257	119790	51788	62319	62355	40931	67494	74957	55709	103322	
19300	39996	15813	38442	93496	51582	0	120126	73270	12477	20583	55550	86665	103881	27860	100932	77723	58150	39275	74897	113228	79793	55276	32377	62062	17885	136553	69180	91586	142213	54454	19099	119890	33518	60147	65818	72347	127032	11244	69255	57229	21355	56359	10616	25809	14319	24791	125041	45593	69899	21997	20722	67898	62820	46070	79408	21661	88613	19461	21112	124667	87064	67231	48902	138174	40418	152843	125628	136950	10500	58882	68321	34543	27629	48680	42034	86094	27266	91222	58269	59688	31178	110497	32875	45393	67819	114685	26981	96407	49823	64312	59468	53370	47486	17660	56943	13548	53587	42398	65586	40021	64029	133406	45807	9261	50377	55653	64299	130003	53794	21382	85541	60979	54859	27066	56155	54511	94122	56239	11064	84188	68759	8967	52709	14098	90710	59825	67538	15602	21326	71415	60046	30035	25470	21253	63517	53200	38757	82865	21219	38556	62173	62608	65651	18763	22805	56543	19357	46694	64555	18955	59865	89040	43294	110843	49967	55954	125150	58178	45786	48320	42410	59993	11720	39295	18570	93777	75396	43061	49641	121344	44458	30069	61388	68267	115771	48933	51907	73493	51676	34615	38160	58515	58639	116128	45231	65700	44174	14560	70876	83534	61633	105047	
127395	74432	126439	78165	196133	118401	120126	0	57889	129252	105317	128179	159294	176510	145145	173561	46711	88009	83905	147527	8249	152423	118628	99912	78532	132587	14213	89675	164216	26914	124389	150109	4413	156232	90006	72939	130453	11733	112211	141885	81466	107308	86218	115526	119711	112137	129651	9743	72513	55276	120318	144625	128780	57626	74952	152037	109187	161243	106935	102095	9368	192711	127537	82939	22876	77441	28741	10330	21652	116840	67430	88816	110932	132687	71155	126970	158724	116333	41767	86575	125264	118313	20487	119101	73621	62230	10810	139841	169037	82076	58724	58836	78143	120836	116622	70298	112226	154301	152121	138216	109856	92335	18108	79844	118596	77314	72036	81648	14705	72768	131578	158171	89284	127489	103846	77650	127141	166752	74346	120239	156818	51525	124239	77482	116903	50571	80309	88033	143362	132043	56208	132676	95495	96676	118263	66058	116552	89286	155495	145925	82510	134802	70641	138281	104043	107005	118103	134050	76948	85050	110198	83767	161669	75796	183472	115542	72744	9852	130808	81518	70062	86514	67562	113051	142260	123088	33434	51421	77164	87684	17264	129394	93637	89693	88762	188400	122141	120859	128245	81535	95032	113018	75864	80680	22511	75271	87741	72628	111391	77401	189670	91492	24142	
80539	27576	79583	31309	149277	71546	73270	57889	0	80519	56584	79446	110561	127777	96412	124828	11999	39276	35172	98794	49905	103690	69895	51178	21768	83854	73230	20833	115483	78890	75656	101376	56567	107499	41273	14250	81720	63709	63478	93152	24701	58575	37485	66793	70978	63404	80918	61718	23780	5320	71585	95892	80047	16943	26219	103304	60454	112510	58202	53362	61343	143978	78804	34206	74851	28708	80716	62305	73627	68107	18697	23798	62199	83954	22422	78237	109991	67600	27899	37842	76531	69580	47174	70368	24888	4439	51362	91108	120304	22767	3332	14281	29410	72103	67889	13534	63493	105568	103388	89483	61123	43602	70083	31111	69863	28581	23303	20360	66680	24035	82845	109438	40551	78756	55113	20886	78408	118019	17581	71506	108085	21307	75506	28749	68170	33935	23544	31268	94629	83310	4267	83943	46762	47943	69530	9692	67819	40553	106762	97192	33777	86069	14438	89548	55310	58272	69370	85317	28215	28285	61465	27003	112936	27063	134739	66809	15979	61827	82075	32785	21328	37781	18829	64318	93527	74355	30454	11116	28431	38951	58020	80661	44904	40960	31997	139667	73408	72126	79512	32802	46299	64285	17682	23915	58191	26538	30977	23895	62658	18711	140937	42759	41724	
6386	48108	2329	46554	100472	28047	12477	129252	80519	0	25525	30523	61638	78854	23034	75905	85909	66335	47460	49870	121413	54766	30249	18787	70247	9123	144739	77365	66560	150398	29427	21916	128076	32626	68333	74003	47321	135217	15736	44228	48443	29946	37274	7922	13042	23256	15352	133226	53778	78084	9230	21019	42871	71005	54256	54381	8894	63586	25977	15432	132852	95054	42205	41371	146360	48603	161028	133814	145135	6789	67067	76506	18236	18191	56866	17007	61067	14499	99408	49482	44097	18411	118683	11228	53579	76004	122871	16235	71381	58009	72497	67654	61556	22459	17630	65128	18040	56645	40466	40559	26735	55242	141591	53992	5591	40478	63839	72484	138189	61980	11839	60514	52192	29832	14290	64340	29484	69095	64425	3357	59162	76944	3466	60894	7251	98895	68010	75724	19866	11887	79600	35019	21271	33655	8640	71702	28173	46942	57838	25483	46741	37146	70793	40624	23705	27747	31516	9918	54879	72741	23897	51079	64013	51479	85816	34376	64139	133335	33151	53971	56506	50595	68178	10308	31035	7527	101962	83582	51247	31332	129529	19431	33398	52601	76453	90744	23906	26881	48466	42890	42800	17817	66700	66824	124313	53417	73885	52360	13070	79062	92014	69818	113232	
24609	24172	23653	22618	116370	43946	20583	105317	56584	25525	0	46604	77719	94935	45173	91986	61871	42297	23422	65951	97375	70848	40941	25565	46209	28765	120700	53327	82641	126360	45509	53825	104038	56260	44295	49965	63402	111179	12069	60309	41376	7165	40506	11703	29668	8315	32025	109188	29740	54046	26529	44653	58952	46967	30217	70462	21773	79667	2265	11962	108814	111135	58286	33049	122321	24565	136990	109775	121097	13017	43029	52468	27731	36206	32828	33088	77148	31262	75370	42416	47577	35036	94644	26062	29540	51966	98833	39869	87462	33970	48459	43616	37517	38540	12799	41090	9539	72726	65141	56640	32169	48176	117553	29954	14773	34524	39801	48446	114151	37942	29882	76595	45126	45913	20254	40302	45565	85176	40387	16416	75243	52906	20416	36856	13080	74857	43972	51686	32881	31529	55562	51100	17924	7050	14441	47664	38865	15591	73919	52965	22703	53227	46755	56706	6875	5493	40416	27053	30841	48702	5080	44012	80094	27441	101897	37856	40101	109297	49232	29933	32467	26557	44140	9229	60685	19265	77924	59543	27209	20186	105491	35512	8960	45535	52415	106825	39987	42962	50558	35823	11421	31348	42662	42786	100275	29379	49847	28322	7569	55023	108095	45780	89194	
25659	70291	28641	73336	78006	7733	55550	128179	79446	30523	46604	0	39984	57200	33183	54251	84508	62661	78150	28217	120012	27830	16808	31226	67188	26635	143338	74307	44906	148997	11686	41835	126675	29568	58126	75633	26421	133816	49691	23329	60709	51569	49712	44689	17567	44879	17689	131826	63883	76684	23382	32663	21972	87059	58159	32727	28240	41932	47600	41108	131451	73401	21306	53637	144959	67551	150824	132413	143734	42304	65666	73448	21453	20726	63019	15009	39414	19118	98007	61749	30655	15729	117282	28828	66168	74603	121470	27879	49727	80312	71096	85644	60155	11833	39254	63727	50404	29708	29724	13623	26091	67509	140191	56515	35893	52744	62438	71029	136788	60579	19617	38861	64458	5091	37011	62943	5423	47442	63024	33659	37508	92670	34735	59493	38529	104043	64952	72665	41491	20081	78199	10643	35551	50619	34612	70301	14732	65957	36185	43154	76925	16247	72423	17014	43055	46018	18075	22089	55322	69682	45886	63345	42359	74032	64162	20934	62739	131935	8213	79754	68298	63185	66777	42214	19863	29200	100561	82181	59848	43771	128128	9240	47908	64867	73394	69090	5677	4518	27567	55156	50085	23512	68330	63766	161190	60296	70827	70864	44133	76003	70360	64218	111831	
56774	101406	59756	104451	36897	44582	86665	159294	110561	61638	77719	39984	0	16543	40785	13593	115342	93495	108984	12323	150846	3702	47642	62060	98022	57468	174171	105141	22830	179831	41278	72669	157509	38741	88960	106467	52094	164650	80525	49002	91543	82403	80546	75522	48401	75712	48523	162659	94717	107517	54216	63497	47645	117893	88993	15124	59073	14864	78434	71942	162285	32743	46978	84471	175792	98384	181658	163246	174568	73138	96500	104282	52287	51559	93853	45843	9933	49952	128841	92583	61489	46563	148116	59662	97002	105437	152304	58713	27651	111146	101930	116478	90988	42667	70087	94561	81238	17163	30495	19593	56924	98343	171024	87348	66726	83578	93272	101862	167622	91413	50450	12248	95292	41845	67845	93776	35602	25365	93858	64492	19839	123504	65569	90327	69362	134876	95785	103499	72325	50915	109033	39793	66385	81452	65445	101135	45566	96791	4701	73988	107759	41919	103257	39652	73889	76851	48908	52923	86155	100516	76719	94179	17329	104866	23505	51768	93572	162768	37805	110588	99131	94019	97611	73048	29975	60033	131395	113015	90682	74604	158962	48267	78742	95701	104228	32870	41037	40242	53240	85990	80918	54345	99164	94600	192024	91130	101661	101698	74967	106837	29702	95052	142665	
73990	118622	76972	121667	21408	61798	103881	176510	127777	78854	94935	57200	16543	0	46685	3272	132793	110946	126435	26276	168297	18329	65093	79511	115473	74920	191623	122592	29110	197282	58730	56082	174960	42809	106411	123918	69545	182101	97976	66453	108994	99854	97997	92974	65852	93164	65974	180110	112168	124969	71667	80948	65096	135344	106444	25206	76525	21144	95885	89393	179736	17593	64429	101922	193244	115836	199109	180698	192019	90589	113951	121733	69738	69011	111304	63294	20229	67403	146292	110034	78940	64014	165567	77113	114453	122888	169755	76164	32347	128597	119381	133929	108440	60118	87538	112012	98689	20418	33751	33003	74375	115794	188476	104800	84178	101029	110723	119313	185073	108864	67902	19869	112743	59296	85296	111228	53053	31646	111309	81944	26120	140955	83020	107778	86814	152328	113237	120950	58131	68366	126484	57244	83836	98903	82897	118586	63017	114242	18654	59597	125210	59371	120708	57103	91340	94303	66359	70374	103607	117967	94171	111630	23609	122317	8355	69219	111024	180220	55256	128039	116582	111470	115062	90499	35875	77485	148846	130466	108133	92056	176413	65718	96193	113152	121679	17720	58489	57693	70691	103441	98369	71796	116615	112051	209475	108581	119112	119149	92418	124288	16191	112503	160116	
20057	79686	22282	78132	71004	29981	27860	145145	96412	23034	45173	33183	40785	46685	0	44867	100904	79057	67199	52825	136409	37414	33204	47622	83585	15095	158381	90703	69514	165394	32382	11619	143071	11039	74523	92030	50275	150213	35434	47183	77105	49685	66109	30723	18315	42994	14369	148222	73517	93080	21497	8478	45826	103455	74556	57336	26355	66541	45716	39580	147847	64585	45159	70034	161355	68342	182926	148809	183530	29589	82063	89844	37850	9782	79415	16654	64022	23282	114403	78145	47052	28321	133678	26944	73317	90999	137866	7238	74336	77747	87493	102041	76551	25414	37369	80124	37738	26692	19920	22847	42487	83905	156587	72911	28392	69141	78834	87425	153184	76975	17732	63469	80855	18553	36049	79339	32439	72050	79420	26158	62117	108393	26560	75890	36644	120793	81348	89062	12503	13797	94596	37974	51947	53394	32727	86697	31128	66681	60793	15134	66480	40101	88820	43579	43444	47486	34471	18988	71718	86079	43635	79742	66968	90429	53503	37330	79135	148331	36106	73710	84694	70334	83174	40330	12175	24878	116958	98577	70986	60167	144524	15209	53137	81264	89791	62869	20464	29836	51421	71552	62539	26601	84727	80162	146211	76693	87224	87260	42248	92400	61055	80615	128227	
71041	115673	74023	118718	24210	58849	100932	173561	124828	75905	91986	54251	13593	3272	44867	0	129518	107671	123161	23765	165023	15818	61818	76236	112199	71645	188348	119317	25835	194008	55455	54467	171685	41194	103137	120644	66271	178827	94702	63178	105720	96579	94723	89699	62577	89889	62700	176836	108894	121694	68392	77674	61821	132069	103170	21931	73250	17870	92610	86119	176462	19213	61155	98648	189969	112561	195834	177423	188745	87314	110677	118459	66464	65736	108029	60020	16955	64128	143017	106759	75666	60740	162292	73839	111179	119614	166480	72890	29072	125322	116107	130655	105165	56843	84264	108738	95414	18804	32136	31388	71101	112519	185201	101525	80903	97755	107448	116039	181798	105589	64627	16594	109469	56022	82022	107953	49778	28371	108034	78669	22845	137681	79746	104504	83539	149053	109962	117676	86501	65092	123210	53969	80561	95629	79622	115312	59742	110968	16143	88165	121936	56096	117434	53828	88066	91028	63085	67099	100332	114693	90896	108356	20335	119043	9974	65944	107749	176945	51982	124764	113308	108195	111788	87225	34261	74210	145572	127191	104858	88781	173138	62443	92918	109878	118405	19340	55214	54419	67416	100166	95095	68522	113341	108776	206201	105307	115838	115874	89143	121014	16175	109229	156842	
84993	32030	84037	35762	153731	75999	77723	46711	11999	85909	61871	84508	115342	132793	100904	129518	0	43950	39846	103468	38554	108364	74568	55852	34473	88528	61879	45615	120157	67539	80330	106050	45217	112173	45947	28880	86394	52358	68152	97825	37406	63248	42158	71467	75652	68078	85591	50367	28454	11217	76259	100565	84721	13243	30893	107978	65128	117183	62875	58036	49993	148652	83478	38880	63500	33382	69366	50955	62276	72781	23371	44756	66873	88628	27096	82911	114665	72273	16549	42515	81204	74254	35824	75042	29561	18171	40012	95781	124978	26464	14664	14454	34084	76776	72563	26239	68167	110242	108062	94157	65797	48276	58732	35785	74537	33255	27977	37589	55330	28708	87519	114112	45225	83429	59786	33591	83082	122692	30287	76180	112759	15356	80180	33423	72843	18745	36250	43974	99303	87983	9738	88616	51436	52617	74204	21998	72492	45227	111436	101866	38451	90743	26581	94222	59983	62946	74044	89991	32889	40991	66138	39708	117610	31737	139413	71483	28684	50476	86749	37459	26002	42455	23503	68992	98201	79029	19103	7039	33105	43625	46670	85335	49577	45634	44703	144341	78082	76800	84186	37476	50973	68959	31804	36621	46840	31212	43682	28569	67332	33341	145611	47432	30373	
65419	30121	64464	33166	131883	54152	58150	88009	39276	66335	42297	62661	93495	110946	79057	107671	43950	0	38293	82353	80155	87249	53453	34737	20738	69401	103481	27857	85367	109140	59215	86923	86818	91058	2807	29183	41672	93959	49025	76710	12267	44121	7024	52340	54537	48951	64476	91969	24026	36827	55144	79450	43780	47202	18302	86863	44013	96068	43748	36921	91594	127537	45346	19753	105102	27694	110967	92556	103878	53654	25809	26998	45758	67513	23162	61796	93550	51158	58150	7978	36208	53139	77425	53927	26311	34746	81613	74666	86554	40455	31239	45787	20298	55661	53436	23870	49040	89127	86947	73042	25101	11162	100334	16658	55410	12908	22581	24579	96931	20722	66404	84645	8581	62314	38671	16493	61967	86004	23167	57053	81296	52813	61053	19636	53716	64186	18502	26215	80176	66869	38342	67501	30321	33490	55077	30444	51377	26100	90321	82739	37068	58691	25973	63217	38868	41831	52929	67690	15486	23232	47011	11469	84678	34175	118298	50368	22882	92078	65634	39897	28441	23328	26920	49865	77086	59902	60704	42324	19991	13403	88271	64220	30450	7344	26944	111516	56967	55685	36583	9520	31846	47844	21880	17316	88442	20439	13889	31007	48205	29553	124496	3114	71974	
46544	6857	45589	4386	147373	69642	39275	83905	35172	47460	23422	78150	108984	126435	67199	123161	39846	38293	0	98236	73209	103132	69336	50620	32577	51632	96535	43719	114925	102194	75098	69154	79872	85533	40715	37211	81162	87013	31255	92593	37797	26352	36926	34570	52535	31182	54892	85022	19148	29881	49396	72737	79489	24497	26638	102746	44640	111951	25979	34829	84648	143420	78246	29469	98156	9435	104021	85610	96931	35885	16786	42860	61641	59073	19468	55955	109433	54129	51204	38837	75972	69022	70479	48930	13341	27800	74667	62736	119746	11968	24293	21145	33938	71544	35666	24343	31270	105010	94413	88925	60565	44597	93388	26374	37641	30945	24555	35693	89985	22172	52749	108880	41546	78197	43121	31695	77850	117461	28390	39284	107527	30435	43284	33276	35947	39559	40392	42078	62407	54397	31396	83384	46204	14982	37308	23448	67260	12247	106204	64970	1920	85511	34001	88990	31232	23196	68812	49921	27261	39094	29242	40433	112378	8791	134181	66251	26788	85132	81517	6801	15531	13936	18974	32096	92969	42132	53758	28817	17959	26432	81325	58379	17445	41955	42806	139109	72850	71568	78954	32244	13459	63727	29908	34724	93345	18787	41786	10654	30436	38410	140379	42200	65028	
45007	89639	47988	92684	47214	32814	74897	147527	98794	49870	65951	28217	12323	26276	52825	23765	103468	82353	98236	0	139152	13319	35947	50365	86328	45774	162477	93446	21193	168136	29584	60974	145814	38723	77265	94772	40399	152955	68831	37307	79848	70708	68851	63828	36706	64018	36829	150965	83022	95823	42521	51802	35950	106198	77299	9014	47379	18219	66739	60247	150590	42463	35284	72777	164098	86690	169963	151552	162874	61443	84805	92587	40593	39865	82158	34148	14212	38257	117146	80888	49794	34868	136421	47967	85308	93742	140609	47019	26014	99451	90236	104783	79294	30972	58393	82866	69543	26471	31334	15692	45230	86648	159330	75654	55032	71883	81577	90168	155927	79718	38756	15148	83598	30151	56150	82082	23907	23729	82163	52798	13795	111809	53875	78632	57668	123182	84091	91805	60630	39221	97338	28098	54690	69758	53751	89440	33871	85096	8524	62293	96064	30225	91563	27957	62195	65157	37214	41228	74461	88821	65025	82484	18646	93172	33225	40073	81878	151074	26111	98893	87437	82324	85916	61353	29957	48339	119701	101320	78987	62910	147267	36572	67047	84007	92534	45377	29343	28547	41545	74295	69224	42651	87469	82905	180330	79435	89966	90003	63272	95142	39422	83357	130970	
120497	67534	119541	71267	189235	111504	113228	8249	49905	121413	97375	120012	150846	168297	136409	165023	38554	80155	73209	139152	0	144136	110341	91625	70246	124301	18029	81388	155929	17332	116102	141823	6568	147945	81720	64653	122167	7557	103924	133598	73179	99021	77931	107239	111425	103851	121364	16935	64226	46990	112032	136338	120494	49339	66665	143751	100901	152956	98648	93809	16561	184424	119250	74652	13294	69154	33449	17522	26360	108554	59143	80529	102646	124400	62869	118684	150437	108046	33481	78288	116977	110026	12744	110815	65334	53944	2762	131554	160750	73789	50437	50549	69857	112549	108335	62012	103939	146015	143834	129929	101569	84048	11959	71557	110310	69027	63749	73361	19413	64481	123291	149884	80998	119202	95559	69364	118854	158465	66059	111953	148532	43238	115952	69195	108616	42285	72022	79746	135076	123756	47922	124389	87208	88389	109977	57771	108265	81000	147208	137639	74223	126516	62354	129994	95756	98718	109816	125764	68661	76763	101911	75481	153383	67510	175186	107256	64457	17044	122521	73231	61775	78228	59276	104765	133974	114801	25148	43134	68877	79397	6742	121108	85350	81407	80475	180114	113855	112572	119958	73248	86745	104732	67577	72393	26327	66984	79454	64341	103105	69114	181383	83205	11178	
49903	94535	52884	97580	39266	37710	79793	152423	103690	54766	70848	27830	3702	18329	37414	15818	108364	87249	103132	13319	144136	0	41202	55620	91583	51029	167732	98702	25763	173392	34839	48547	151069	35274	82521	100028	45655	158211	74086	42562	85104	75964	74107	69083	41962	69273	42084	156220	88278	101078	47776	45046	41206	111453	82554	17907	52634	17798	71994	65503	155846	34542	40539	78032	169353	91945	175218	156807	168129	66699	90061	97843	45848	33778	87413	39404	12867	43512	122401	86143	55050	40124	141676	53223	90563	98998	145864	40051	30584	104707	95491	110039	84549	36227	63648	88122	74798	19938	27884	16126	50485	91903	164585	80909	60287	77139	86832	95423	161182	84973	44011	15181	88853	30617	61406	87337	29162	28299	87418	58053	19150	117065	59130	83888	62923	128437	89346	97060	65885	44476	102594	33353	59945	75013	59006	94696	39126	90352	7214	67549	101320	35480	96818	31761	67450	70412	42469	46484	79716	94077	70280	87740	20263	98427	25304	45329	87133	156329	31366	104149	92692	87579	91172	66609	26507	53594	124956	106575	84242	68165	152523	33778	72302	89262	97789	34669	34598	33803	46800	79551	74479	47906	92725	88160	185585	84691	95222	95258	68527	100398	31501	88613	136226	
25386	60739	28367	63784	86030	1852	55276	118628	69895	30249	40941	16808	47642	65093	33204	61818	74568	53453	69336	35947	110341	41202	0	22128	58090	26756	134239	65209	52376	139899	3784	41957	117576	44392	49028	66535	13793	124718	51945	14702	51611	47042	40614	44810	12523	40335	17811	122727	54785	67585	23503	32785	8176	77960	49061	40198	18578	49403	43073	32010	122353	80871	9052	44539	135860	58452	141726	123314	134636	42426	56568	64350	12355	20847	53920	15131	46884	12809	88909	52651	19179	6510	108183	15578	57070	65505	112372	28001	57197	71214	61998	76546	51056	8996	36400	54629	45072	42462	40281	26376	16205	58411	131092	47416	36014	43646	53340	61930	127689	51480	19738	46331	55360	15649	27913	53844	8560	54912	53926	33780	44979	83572	34857	50395	38650	94944	55853	63567	41613	20203	69101	9125	26453	41520	34733	61203	3593	56859	43655	43276	67827	11834	63325	16360	33957	36919	4153	22211	46223	60584	36787	54247	49830	64934	71633	10735	53640	122836	6514	70656	59199	54087	57679	42336	30421	29321	91463	73082	50750	34672	119030	17555	38810	55769	64296	76561	10302	6637	14770	46058	40986	14413	59232	54668	119200	51198	61729	61766	39589	66905	77830	55120	102733	
19892	42023	16915	45068	100449	22717	32377	99912	51178	18787	25565	31226	62060	79511	47622	76236	55852	34737	50620	50365	91625	55620	22128	0	39728	21978	115878	46847	67453	121537	27625	57033	99215	59468	30666	48173	33690	106356	31195	45121	33249	33073	20057	26193	22948	21631	32887	104365	36423	49224	21914	47861	32017	59599	30699	55274	11892	64479	29104	10287	103991	95947	30773	26177	117499	40091	123364	104953	116274	23808	38206	45988	12322	35924	35559	30207	61960	19569	70547	34289	28500	21549	89822	14045	38708	47143	94010	43077	72274	52852	43636	58184	32695	24072	14677	36267	31908	57538	55357	41452	12053	40049	112730	29055	21164	25284	34978	43568	109328	33119	34814	61407	36998	30725	6551	35482	30377	69988	35564	18930	60055	65210	21267	32033	20032	76583	37492	45205	56689	24743	50739	35912	5301	22986	16115	42841	19788	38497	58731	58352	49465	38039	44963	41517	15253	18215	21339	20267	27862	42222	18083	35885	64906	46572	86709	18779	35279	104475	34044	52294	40837	35725	39317	23718	45497	12099	73101	54721	32388	16138	100668	32631	20276	37407	45934	91637	25378	24095	31482	27696	22452	16255	40870	36306	100839	32836	43367	43404	20885	48543	92907	36758	84371	
69331	26902	68375	30635	136411	58680	62062	78532	21768	70247	46209	67188	98022	115473	83585	112199	34473	20738	32577	86328	70246	91583	58090	39728	0	78042	94708	8883	103662	100367	63835	88176	78045	95678	20396	9737	69900	85186	50277	81331	9236	45374	25627	53593	59158	50204	69097	83196	24071	28054	59765	84071	68226	38429	15326	91483	48634	100689	45001	41542	82821	132157	66983	21006	96329	28999	102194	83783	95104	54907	18218	8546	50379	72133	22713	66417	98170	55779	49377	16904	64710	57759	68652	58548	25178	17348	72840	79287	108483	33634	22466	37014	6890	60282	45932	10690	50293	93748	91567	77662	49302	14281	91561	17911	56663	15381	13810	4436	88158	17218	71024	97617	12132	66935	43292	5423	66587	106198	5979	58306	96264	44040	62306	11791	54969	55413	3653	8185	81429	71489	29569	72122	34941	34743	56330	14054	55998	27353	94941	83992	34068	74249	8811	77727	43489	46451	57549	73497	15014	5030	48264	8153	101116	27354	122919	54989	10153	83305	70254	33076	21619	24581	16793	51118	81707	48840	51931	33551	18253	28020	79498	68841	31703	20023	6049	127847	61588	60305	67691	14455	33099	52465	4307	8450	79669	16616	11974	24186	49458	8389	129116	19374	63201	
6146	51443	8370	49889	95857	23432	17885	132587	83854	9123	28765	26635	57468	74920	15095	71645	88528	69401	51632	45774	124301	51029	26756	21978	78042	0	148003	82797	61608	153662	24476	16446	131340	24511	66616	84123	42369	138481	25263	39277	69199	33210	40538	16635	13487	26520	7237	136491	57042	81349	12484	12904	37920	74269	57520	49429	12148	58634	29241	23105	136116	90103	37253	62127	149624	51867	164292	137078	148400	15502	70331	81938	21953	10076	60130	12055	56116	15376	102672	70239	39145	20414	121947	14945	56843	79268	126135	8120	66429	61273	75761	70918	64820	17507	20895	68392	27567	51693	32351	35608	34581	75999	144856	57256	14304	61234	67103	79519	141453	65244	7021	55563	72948	24881	17554	67604	24533	64144	67689	12070	54210	80208	12473	64158	15482	102159	73442	81155	16775	3772	82864	30068	24536	36920	16253	74966	23222	50206	52887	23414	50005	32194	80913	35673	26969	31011	26565	4996	58143	78172	27161	71835	59061	54743	80864	29424	67404	136600	28200	57235	59770	53859	71442	23855	22919	10791	105226	86846	54511	34596	132793	14479	36663	73357	81884	85792	18954	21929	43515	63646	46064	18695	76820	72256	127578	56681	79317	55624	25774	84493	87062	72708	116496	
143822	90860	142867	94592	212560	134829	136553	14213	73230	144739	120700	143338	174171	191623	158381	188348	61879	103481	96535	162477	18029	167732	134239	115878	94708	148003	0	104089	178631	34833	138804	144992	19078	161370	104421	87354	144868	19652	122638	156300	95881	117735	100632	125953	134126	122565	144066	18049	86928	69691	140779	148575	143195	72040	89367	166452	136023	175657	117362	116510	17675	207126	141952	97354	30795	91856	12942	14201	9715	127268	81845	103231	125347	147102	85570	141385	173139	130747	40774	100990	139679	132728	40103	133516	88035	76645	21160	156490	183452	96491	73138	73251	92558	135250	127049	84713	122653	168716	170251	152631	124271	106750	26026	94259	129024	91729	86451	96063	9141	87183	145993	172586	103699	141903	118260	92065	141556	181167	88761	130667	171233	53770	134667	91897	127330	45403	94724	102448	138244	157031	70623	147090	109910	111091	128691	80472	130966	103701	169910	140808	96925	149217	85055	152696	122615	119872	132518	141304	91363	99465	120625	98182	176084	90211	197887	129957	87159	18159	145223	95933	84476	100929	81977	123479	156675	133515	37126	65836	91579	102099	25183	143809	108052	104108	103177	202815	136556	135274	142660	95950	109447	127433	90278	95095	15513	89686	102156	87043	121819	91815	204085	105906	26729	
76449	38044	75494	41777	143530	65798	69180	89675	20833	77365	53327	74307	105141	122592	90703	119317	45615	27857	43719	93446	81388	98702	65209	46847	8883	82797	104089	0	112278	69785	72451	99972	78464	104294	29012	7299	72277	85605	62074	89947	18971	57171	34242	65389	67773	62000	77713	83615	32000	28473	68380	92687	76842	38848	27122	100099	57249	109305	56798	50157	83240	140773	75599	32802	70358	40743	102613	84202	95524	66703	31670	5632	58994	80749	31135	75032	106786	64395	49796	25520	66813	66375	56840	67163	39361	18554	73259	87903	117159	47086	21366	37433	14589	68898	54547	24143	62089	102363	100183	86278	57918	18536	75745	29707	68459	27177	27262	4241	88577	28695	79640	106233	28230	75551	51908	17127	75203	114814	12759	70102	104880	44459	74102	21167	66766	55832	9087	8892	93225	80105	25862	80738	43557	46539	68126	16083	64614	39149	103557	95788	50117	82864	9577	86343	52105	55067	66165	82112	26811	5551	60061	13587	109731	40806	131535	63604	23605	83724	78870	46528	35071	36377	30245	62914	90322	57456	52350	33970	30049	36636	78228	77456	43500	28639	10272	136462	70203	68921	67188	23071	44895	61080	10936	18185	80088	28413	15480	37638	61254	2689	137732	27989	63620	
61696	106328	64677	109373	48836	49503	91586	164216	115483	66560	82641	44906	22830	29110	69514	25835	120157	85367	114925	21193	155929	25763	52376	67453	103662	61608	178631	112278	0	185864	47311	78702	163541	58820	86732	112500	52437	170683	86558	55034	97576	88436	90949	81555	54434	81745	54556	168692	100750	113550	60248	69530	53678	123925	95026	13280	65106	12153	84466	77975	168318	45527	53011	90504	181825	104417	187690	169279	180601	79171	102533	110315	58320	57592	99885	51876	14140	55984	134873	98615	63398	52596	154148	65695	103035	111470	158336	64746	6358	117179	107963	122511	97021	48699	76120	100594	87270	44811	51431	38985	62957	90451	177057	93381	72759	89611	99304	107895	173654	97445	56483	10274	91393	47878	73878	99809	41634	4072	99890	70525	8567	129537	71602	96360	75395	140909	101818	107995	78357	56948	115066	45825	72417	87485	71478	107168	51598	102824	20769	80021	113792	49665	109290	45684	79922	82884	54941	58956	92188	106549	82752	100212	5638	110899	36288	57801	99605	168801	43838	116621	105164	100051	103644	79081	50054	66066	137428	119047	96714	80637	164995	54300	84774	88843	111809	33335	47070	46275	55265	92023	86951	60378	105197	100632	198057	97163	98176	107730	80999	112870	42486	88217	148698	
149482	96519	148526	100252	218220	140488	142213	26914	78890	150398	126360	148997	179831	197282	165394	194008	67539	109140	102194	168136	17332	173392	139899	121537	100367	153662	34833	69785	185864	0	126562	152283	18745	158405	92179	75112	157756	15343	114384	144058	83639	109481	88391	117699	121885	114311	131824	21898	74686	57450	122492	146798	130953	59799	77125	154210	111361	163416	109108	104269	23985	194884	129710	85112	4007	79614	42945	23781	35856	119013	69603	66582	113106	134860	73329	129144	160897	118506	43941	88748	152292	120486	13949	121275	75794	64404	15794	142014	171210	84249	60897	61009	80317	123009	118795	72472	114399	156475	154294	140389	112029	118067	7900	82017	120769	79487	74209	83821	28909	74941	133751	160344	91457	129662	106019	79823	129314	168925	76519	122412	158991	53698	126412	79655	119076	52744	82482	108384	145535	134216	58382	134849	97668	98849	120437	68231	118725	91460	157668	148099	84683	136976	72814	140454	106216	109178	120276	136223	79121	87223	112371	85941	163843	77970	185646	117716	74917	22520	132981	83691	72235	88687	69736	115225	144433	125261	33146	53594	79337	89857	10756	131568	95810	91866	112198	190573	124315	123032	152667	83708	97205	115191	78037	82853	46504	77444	89914	74801	113565	62430	191843	93665	26901	
24564	66501	27545	69546	79667	3505	54454	124389	75656	29427	45509	11686	41278	58730	32382	55455	80330	59215	75098	29584	116102	34839	3784	27625	63835	24476	138804	72451	47311	126562	0	41197	123926	43633	55378	72885	13477	131068	49054	11786	57961	50931	46964	44051	15312	44241	17051	129077	61135	73935	22744	32025	4669	84310	55411	34186	27602	43391	46962	38360	128703	74860	5546	50889	142210	64802	148076	129664	140986	41666	62918	70700	18705	20088	60270	14371	40873	16301	95258	59000	14498	10003	114533	19070	63420	71855	118721	27241	51186	77564	68348	82896	57406	8236	38616	60979	49766	36450	38512	20365	17732	64761	137442	53766	35255	49996	59689	68280	134039	57830	18979	40320	61710	13880	34263	60194	8081	48900	60275	33021	38967	89922	34097	56745	37891	101294	62203	69917	40853	19444	75451	6208	32802	47870	33974	67553	7460	63209	37644	42516	74177	8918	69675	13443	40307	43269	5680	21451	52573	66934	43137	60597	43818	71284	65621	12262	59990	129186	3598	77006	65549	60436	64029	41576	28651	28562	97813	79432	57100	41022	125380	16795	45159	62119	70646	70549	9542	6856	11263	52408	47336	20763	65582	61017	125550	57548	68079	68116	43495	73255	71819	61470	109083	
32880	68965	23809	67411	76099	38633	19099	150109	101376	21916	53825	41835	72669	56082	11619	54467	106050	86923	69154	60974	141823	48547	41957	57033	88176	16446	144992	99972	78702	152283	41197	0	149463	16157	89720	95391	59200	156605	26230	56108	86030	36341	75033	26024	30318	29794	27611	154614	75166	99472	30422	4543	54751	96181	75643	66260	35280	75466	34447	48505	154240	69703	54084	78959	167747	69991	165712	155201	166316	25485	88455	97894	46775	18647	78253	28886	72947	32207	120795	87070	55976	37246	140070	35869	74966	97392	144258	10802	83260	83184	93885	92830	82943	34338	46294	86516	28534	36226	25038	33148	51412	92830	162979	75380	24247	78065	85226	93872	170611	83367	26657	72394	89780	41712	44974	85728	41364	80975	85812	23903	71041	91179	19332	82282	45569	103579	89398	97111	3299	22722	100988	46899	60872	40456	41652	93090	40053	68330	69718	3980	68129	49026	92181	52504	52368	56410	43396	29129	76267	94128	52560	88666	75892	72867	63038	46255	85527	154723	45031	79147	77893	71983	89566	27128	22476	36240	123350	104969	72634	69092	150916	31310	68295	90189	97840	72403	35785	38760	60346	80477	64188	35526	88088	88212	128998	74804	95273	73747	29968	100449	66173	91206	134620	
127160	74197	126204	77929	195897	118166	119890	4413	56567	128076	104038	126675	157509	174960	143071	171685	45217	86818	79872	145814	6568	151069	117576	99215	78045	131340	19078	78464	163541	18745	123926	149463	0	154461	88236	71169	128683	4577	110440	140114	79695	105537	84447	113755	117941	110367	127880	9387	70742	53506	118548	142854	127010	55855	73181	150267	107417	159472	105164	100325	9013	190940	125766	81168	15720	75670	28386	9974	21296	115070	65660	87045	109162	130916	69385	125200	156953	114562	39997	84804	123493	116542	18907	117331	71850	60460	9230	138070	167267	80305	56953	57065	76373	119065	114851	68528	110455	152531	150350	136445	108086	90564	10952	78073	116826	75543	70265	79877	14350	70997	129807	156400	87514	125718	102075	75880	125370	164981	72575	118469	155048	49754	122469	75711	115132	48801	78538	86262	141592	130272	54438	130905	93724	94905	116493	64287	114781	87516	153724	144155	80739	133032	68870	136510	102272	105234	116332	132280	75177	83279	108427	81997	159899	74026	181702	113772	70973	9496	129037	79747	68291	84744	65792	111281	140490	121317	31664	49650	75393	85913	7412	127624	91866	87923	86991	186630	120371	119088	126474	79764	93261	111248	74093	78909	25502	73500	85971	70857	109621	75630	187900	89721	22372	
